$TITLE    Created by panin, version 1.0 (4Jan2000) on                
INPUT FILE FOR PanAir (A502-ht2)                                                
Created by PANIN                                                                
$DATACHECK
    0.0000
$SYM
    1.0000    0.0000
$MACH NUMBER
    0.5000
$CASES
    1.0000
$ANGLES OF ATTACK
    0.0000
    7.4200
$YAW ANGLES
    0.0000
    0.0000
$REFERENCE DATA FOR 3-D FORCES AND MOMENTS
    0.2500    0.0000    0.0000    1.0000
    6.0000    6.0000    1.0000    6.0000
$PRINTOUT CONTROL
       0.0       0.0       0.0       0.0       0.0       0.0
       0.0       0.0       0.0       0.0       0.0       0.0
$EAT
  0.000000       0.0       0.0       0.0       0.0       0.0
$VELOCITY CORRECTION
    0.0000
$POINTS for network #  1   wing                                              
       1.0
       1.0                                     0.0       0.0
      59.0      30.0                                                  wing      
    1.0000    0.0000    0.0000    0.9971    0.0000    0.0004
    0.9883    0.0000    0.0014    0.9738    0.0000    0.0031
    0.9538    0.0000    0.0054    0.9284    0.0000    0.0083
    0.8980    0.0000    0.0116    0.8630    0.0000    0.0152
    0.8237    0.0000    0.0192    0.7806    0.0000    0.0232
    0.7342    0.0000    0.0274    0.6851    0.0000    0.0315
    0.6338    0.0000    0.0355    0.5809    0.0000    0.0392
    0.5271    0.0000    0.0425    0.4729    0.0000    0.0454
    0.4191    0.0000    0.0477    0.3662    0.0000    0.0492
    0.3149    0.0000    0.0500    0.2658    0.0000    0.0498
    0.2194    0.0000    0.0486    0.1763    0.0000    0.0465
    0.1370    0.0000    0.0434    0.1020    0.0000    0.0393
    0.0716    0.0000    0.0344    0.0462    0.0000    0.0286
    0.0262    0.0000    0.0222    0.0117    0.0000    0.0153
    0.0029    0.0000    0.0079    0.0000    0.0000    0.0000
    0.0029    0.0000   -0.0079    0.0117    0.0000   -0.0153
    0.0262    0.0000   -0.0222    0.0462    0.0000   -0.0286
    0.0716    0.0000   -0.0344    0.1020    0.0000   -0.0393
    0.1370    0.0000   -0.0434    0.1763    0.0000   -0.0465
    0.2194    0.0000   -0.0486    0.2658    0.0000   -0.0498
    0.3149    0.0000   -0.0500    0.3662    0.0000   -0.0492
    0.4191    0.0000   -0.0477    0.4729    0.0000   -0.0454
    0.5271    0.0000   -0.0425    0.5809    0.0000   -0.0392
    0.6338    0.0000   -0.0355    0.6851    0.0000   -0.0315
    0.7342    0.0000   -0.0274    0.7806    0.0000   -0.0232
    0.8237    0.0000   -0.0192    0.8630    0.0000   -0.0152
    0.8980    0.0000   -0.0116    0.9284    0.0000   -0.0083
    0.9538    0.0000   -0.0054    0.9738    0.0000   -0.0031
    0.9883    0.0000   -0.0014    0.9971    0.0000   -0.0004
    1.0000    0.0000    0.0000
    1.0000    0.1034    0.0000    0.9971    0.1034    0.0003
    0.9883    0.1034    0.0013    0.9738    0.1034    0.0028
    0.9537    0.1034    0.0049    0.9283    0.1034    0.0074
    0.8979    0.1034    0.0104    0.8628    0.1034    0.0136
    0.8235    0.1034    0.0171    0.7803    0.1034    0.0207
    0.7339    0.1034    0.0243    0.6847    0.1034    0.0278
    0.6334    0.1034    0.0312    0.5805    0.1034    0.0343
    0.5266    0.1034    0.0370    0.4724    0.1034    0.0392
    0.4186    0.1034    0.0409    0.3657    0.1034    0.0418
    0.3144    0.1034    0.0419    0.2653    0.1034    0.0411
    0.2189    0.1034    0.0394    0.1758    0.1034    0.0368
    0.1366    0.1034    0.0332    0.1016    0.1034    0.0287
    0.0712    0.1034    0.0234    0.0459    0.1034    0.0174
    0.0260    0.1034    0.0108    0.0116    0.1034    0.0037
    0.0029    0.1034   -0.0039    0.0001    0.1034   -0.0118
    0.0031    0.1034   -0.0196    0.0119    0.1034   -0.0269
    0.0265    0.1034   -0.0337    0.0466    0.1034   -0.0399
    0.0720    0.1034   -0.0453    0.1025    0.1034   -0.0499
    0.1376    0.1034   -0.0535    0.1769    0.1034   -0.0562
    0.2200    0.1034   -0.0578    0.2664    0.1034   -0.0584
    0.3156    0.1034   -0.0580    0.3669    0.1034   -0.0567
    0.4197    0.1034   -0.0545    0.4735    0.1034   -0.0516
    0.5276    0.1034   -0.0481    0.5814    0.1034   -0.0441
    0.6342    0.1034   -0.0398    0.6855    0.1034   -0.0352
    0.7345    0.1034   -0.0305    0.7809    0.1034   -0.0258
    0.8239    0.1034   -0.0212    0.8632    0.1034   -0.0168
    0.8982    0.1034   -0.0128    0.9285    0.1034   -0.0091
    0.9539    0.1034   -0.0060    0.9739    0.1034   -0.0034
    0.9883    0.1034   -0.0015    0.9971    0.1034   -0.0004
    1.0000    0.1034    0.0000
    1.0000    0.2069    0.0000    0.9971    0.2069    0.0003
    0.9883    0.2069    0.0012    0.9738    0.2069    0.0027
    0.9537    0.2069    0.0047    0.9283    0.2069    0.0072
    0.8979    0.2069    0.0100    0.8628    0.2069    0.0132
    0.8234    0.2069    0.0165    0.7803    0.2069    0.0199
    0.7338    0.2069    0.0234    0.6846    0.2069    0.0267
    0.6333    0.2069    0.0299    0.5803    0.2069    0.0329
    0.5265    0.2069    0.0354    0.4723    0.2069    0.0375
    0.4185    0.2069    0.0389    0.3656    0.2069    0.0397
    0.3143    0.2069    0.0396    0.2651    0.2069    0.0387
    0.2188    0.2069    0.0368    0.1757    0.2069    0.0341
    0.1364    0.2069    0.0303    0.1015    0.2069    0.0257
    0.0712    0.2069    0.0203    0.0459    0.2069    0.0142
    0.0259    0.2069    0.0076    0.0116    0.2069    0.0004
    0.0029    0.2069   -0.0072    0.0001    0.2069   -0.0151
    0.0032    0.2069   -0.0229    0.0120    0.2069   -0.0302
    0.0266    0.2069   -0.0369    0.0468    0.2069   -0.0430
    0.0722    0.2069   -0.0484    0.1026    0.2069   -0.0528
    0.1378    0.2069   -0.0564    0.1771    0.2069   -0.0589
    0.2202    0.2069   -0.0604    0.2666    0.2069   -0.0609
    0.3158    0.2069   -0.0603    0.3671    0.2069   -0.0588
    0.4199    0.2069   -0.0564    0.4737    0.2069   -0.0534
    0.5278    0.2069   -0.0497    0.5815    0.2069   -0.0455
    0.6343    0.2069   -0.0410    0.6856    0.2069   -0.0362
    0.7346    0.2069   -0.0314    0.7810    0.2069   -0.0265
    0.8240    0.2069   -0.0218    0.8632    0.2069   -0.0173
    0.8982    0.2069   -0.0131    0.9286    0.2069   -0.0094
    0.9539    0.2069   -0.0061    0.9739    0.2069   -0.0035
    0.9883    0.2069   -0.0016    0.9971    0.2069   -0.0004
    1.0000    0.2069    0.0000
    1.0000    0.3103    0.0000    0.9971    0.3103    0.0003
    0.9883    0.3103    0.0012    0.9738    0.3103    0.0027
    0.9537    0.3103    0.0046    0.9283    0.3103    0.0071
    0.8979    0.3103    0.0098    0.8628    0.3103    0.0129
    0.8234    0.3103    0.0161    0.7802    0.3103    0.0195
    0.7338    0.3103    0.0228    0.6846    0.3103    0.0261
    0.6332    0.3103    0.0292    0.5803    0.3103    0.0320
    0.5264    0.3103    0.0344    0.4722    0.3103    0.0364
    0.4184    0.3103    0.0377    0.3655    0.3103    0.0384
    0.3142    0.3103    0.0382    0.2651    0.3103    0.0372
    0.2187    0.3103    0.0353    0.1756    0.3103    0.0324
    0.1364    0.3103    0.0286    0.1014    0.3103    0.0239
    0.0711    0.3103    0.0185    0.0459    0.3103    0.0123
    0.0259    0.3103    0.0056    0.0116    0.3103   -0.0016
    0.0029    0.3103   -0.0092    0.0001    0.3103   -0.0171
    0.0032    0.3103   -0.0249    0.0121    0.3103   -0.0322
    0.0267    0.3103   -0.0389    0.0468    0.3103   -0.0450
    0.0723    0.3103   -0.0502    0.1028    0.3103   -0.0547
    0.1379    0.3103   -0.0581    0.1772    0.3103   -0.0606
    0.2204    0.3103   -0.0620    0.2668    0.3103   -0.0623
    0.3159    0.3103   -0.0617    0.3672    0.3103   -0.0601
    0.4200    0.3103   -0.0576    0.4738    0.3103   -0.0544
    0.5279    0.3103   -0.0506    0.5816    0.3103   -0.0464
    0.6344    0.3103   -0.0417    0.6857    0.3103   -0.0369
    0.7347    0.3103   -0.0319    0.7810    0.3103   -0.0270
    0.8240    0.3103   -0.0222    0.8633    0.3103   -0.0176
    0.8983    0.3103   -0.0133    0.9286    0.3103   -0.0095
    0.9539    0.3103   -0.0062    0.9739    0.3103   -0.0036
    0.9883    0.3103   -0.0016    0.9971    0.3103   -0.0004
    1.0000    0.3103    0.0000
    1.0000    0.4138    0.0000    0.9971    0.4138    0.0003
    0.9883    0.4138    0.0012    0.9738    0.4138    0.0026
    0.9537    0.4138    0.0046    0.9283    0.4138    0.0070
    0.8978    0.4138    0.0097    0.8627    0.4138    0.0127
    0.8234    0.4138    0.0159    0.7802    0.4138    0.0192
    0.7337    0.4138    0.0225    0.6845    0.4138    0.0257
    0.6332    0.4138    0.0287    0.5802    0.4138    0.0314
    0.5264    0.4138    0.0338    0.4722    0.4138    0.0357
    0.4183    0.4138    0.0369    0.3654    0.4138    0.0375
    0.3141    0.4138    0.0373    0.2650    0.4138    0.0362
    0.2186    0.4138    0.0342    0.1756    0.4138    0.0313
    0.1363    0.4138    0.0274    0.1014    0.4138    0.0227
    0.0711    0.4138    0.0172    0.0458    0.4138    0.0110
    0.0259    0.4138    0.0042    0.0116    0.4138   -0.0030
    0.0030    0.4138   -0.0106    0.0002    0.4138   -0.0185
    0.0032    0.4138   -0.0263    0.0121    0.4138   -0.0336
    0.0268    0.4138   -0.0402    0.0469    0.4138   -0.0463
    0.0724    0.4138   -0.0515    0.1028    0.4138   -0.0559
    0.1380    0.4138   -0.0593    0.1773    0.4138   -0.0617
    0.2204    0.4138   -0.0631    0.2668    0.4138   -0.0633
    0.3160    0.4138   -0.0626    0.3673    0.4138   -0.0609
    0.4201    0.4138   -0.0584    0.4739    0.4138   -0.0552
    0.5279    0.4138   -0.0513    0.5817    0.4138   -0.0469
    0.6345    0.4138   -0.0422    0.6857    0.4138   -0.0373
    0.7348    0.4138   -0.0323    0.7811    0.4138   -0.0273
    0.8241    0.4138   -0.0224    0.8633    0.4138   -0.0178
    0.8983    0.4138   -0.0135    0.9286    0.4138   -0.0096
    0.9539    0.4138   -0.0063    0.9739    0.4138   -0.0036
    0.9883    0.4138   -0.0016    0.9971    0.4138   -0.0004
    1.0000    0.4138    0.0000
    1.0000    0.5172    0.0000    0.9971    0.5172    0.0003
    0.9883    0.5172    0.0012    0.9738    0.5172    0.0026
    0.9537    0.5172    0.0045    0.9283    0.5172    0.0069
    0.8978    0.5172    0.0096    0.8627    0.5172    0.0126
    0.8234    0.5172    0.0157    0.7802    0.5172    0.0190
    0.7337    0.5172    0.0222    0.6845    0.5172    0.0254
    0.6331    0.5172    0.0283    0.5802    0.5172    0.0310
    0.5263    0.5172    0.0333    0.4721    0.5172    0.0351
    0.4183    0.5172    0.0364    0.3654    0.5172    0.0369
    0.3141    0.5172    0.0366    0.2650    0.5172    0.0355
    0.2186    0.5172    0.0334    0.1756    0.5172    0.0304
    0.1363    0.5172    0.0265    0.1014    0.5172    0.0218
    0.0711    0.5172    0.0163    0.0458    0.5172    0.0101
    0.0259    0.5172    0.0033    0.0116    0.5172   -0.0040
    0.0030    0.5172   -0.0116    0.0002    0.5172   -0.0195
    0.0033    0.5172   -0.0273    0.0122    0.5172   -0.0345
    0.0268    0.5172   -0.0412    0.0470    0.5172   -0.0472
    0.0724    0.5172   -0.0524    0.1029    0.5172   -0.0568
    0.1380    0.5172   -0.0602    0.1774    0.5172   -0.0625
    0.2205    0.5172   -0.0638    0.2669    0.5172   -0.0641
    0.3160    0.5172   -0.0633    0.3673    0.5172   -0.0616
    0.4201    0.5172   -0.0590    0.4739    0.5172   -0.0557
    0.5280    0.5172   -0.0518    0.5817    0.5172   -0.0473
    0.6345    0.5172   -0.0426    0.6857    0.5172   -0.0376
    0.7348    0.5172   -0.0326    0.7811    0.5172   -0.0275
    0.8241    0.5172   -0.0226    0.8633    0.5172   -0.0179
    0.8983    0.5172   -0.0136    0.9286    0.5172   -0.0097
    0.9539    0.5172   -0.0063    0.9739    0.5172   -0.0036
    0.9883    0.5172   -0.0016    0.9971    0.5172   -0.0004
    1.0000    0.5172    0.0000
    1.0000    0.6207    0.0000    0.9971    0.6207    0.0003
    0.9883    0.6207    0.0012    0.9738    0.6207    0.0026
    0.9537    0.6207    0.0045    0.9283    0.6207    0.0068
    0.8978    0.6207    0.0095    0.8627    0.6207    0.0125
    0.8233    0.6207    0.0156    0.7802    0.6207    0.0188
    0.7337    0.6207    0.0220    0.6845    0.6207    0.0251
    0.6331    0.6207    0.0281    0.5802    0.6207    0.0307
    0.5263    0.6207    0.0330    0.4721    0.6207    0.0348
    0.4183    0.6207    0.0359    0.3654    0.6207    0.0364
    0.3141    0.6207    0.0361    0.2649    0.6207    0.0349
    0.2186    0.6207    0.0328    0.1755    0.6207    0.0298
    0.1363    0.6207    0.0259    0.1013    0.6207    0.0211
    0.0711    0.6207    0.0156    0.0458    0.6207    0.0094
    0.0259    0.6207    0.0026    0.0116    0.6207   -0.0047
    0.0030    0.6207   -0.0123    0.0002    0.6207   -0.0202
    0.0033    0.6207   -0.0280    0.0122    0.6207   -0.0353
    0.0268    0.6207   -0.0419    0.0470    0.6207   -0.0479
    0.0725    0.6207   -0.0531    0.1029    0.6207   -0.0574
    0.1381    0.6207   -0.0608    0.1774    0.6207   -0.0631
    0.2205    0.6207   -0.0644    0.2670    0.6207   -0.0646
    0.3161    0.6207   -0.0638    0.3674    0.6207   -0.0620
    0.4202    0.6207   -0.0594    0.4740    0.6207   -0.0561
    0.5280    0.6207   -0.0521    0.5818    0.6207   -0.0477
    0.6346    0.6207   -0.0429    0.6858    0.6207   -0.0379
    0.7348    0.6207   -0.0328    0.7811    0.6207   -0.0277
    0.8241    0.6207   -0.0227    0.8633    0.6207   -0.0180
    0.8983    0.6207   -0.0136    0.9286    0.6207   -0.0097
    0.9539    0.6207   -0.0064    0.9739    0.6207   -0.0036
    0.9883    0.6207   -0.0016    0.9971    0.6207   -0.0004
    1.0000    0.6207    0.0000
    1.0000    0.7241    0.0000    0.9971    0.7241    0.0003
    0.9883    0.7241    0.0012    0.9738    0.7241    0.0026
    0.9537    0.7241    0.0045    0.9283    0.7241    0.0068
    0.8978    0.7241    0.0095    0.8627    0.7241    0.0124
    0.8233    0.7241    0.0155    0.7802    0.7241    0.0187
    0.7337    0.7241    0.0219    0.6845    0.7241    0.0249
    0.6331    0.7241    0.0279    0.5802    0.7241    0.0305
    0.5263    0.7241    0.0327    0.4721    0.7241    0.0345
    0.4182    0.7241    0.0356    0.3653    0.7241    0.0361
    0.3140    0.7241    0.0357    0.2649    0.7241    0.0345
    0.2186    0.7241    0.0324    0.1755    0.7241    0.0294
    0.1363    0.7241    0.0254    0.1013    0.7241    0.0206
    0.0711    0.7241    0.0151    0.0458    0.7241    0.0088
    0.0259    0.7241    0.0020    0.0116    0.7241   -0.0053
    0.0030    0.7241   -0.0129    0.0002    0.7241   -0.0208
    0.0033    0.7241   -0.0286    0.0122    0.7241   -0.0358
    0.0268    0.7241   -0.0425    0.0470    0.7241   -0.0485
    0.0725    0.7241   -0.0536    0.1030    0.7241   -0.0579
    0.1381    0.7241   -0.0613    0.1775    0.7241   -0.0636
    0.2206    0.7241   -0.0648    0.2670    0.7241   -0.0650
    0.3161    0.7241   -0.0642    0.3674    0.7241   -0.0624
    0.4202    0.7241   -0.0597    0.4740    0.7241   -0.0564
    0.5281    0.7241   -0.0524    0.5818    0.7241   -0.0479
    0.6346    0.7241   -0.0431    0.6858    0.7241   -0.0380
    0.7348    0.7241   -0.0329    0.7811    0.7241   -0.0278
    0.8241    0.7241   -0.0228    0.8633    0.7241   -0.0181
    0.8983    0.7241   -0.0137    0.9286    0.7241   -0.0098
    0.9539    0.7241   -0.0064    0.9739    0.7241   -0.0037
    0.9883    0.7241   -0.0016    0.9971    0.7241   -0.0004
    1.0000    0.7241    0.0000
    1.0000    0.8276    0.0000    0.9971    0.8276    0.0003
    0.9883    0.8276    0.0012    0.9738    0.8276    0.0026
    0.9537    0.8276    0.0045    0.9283    0.8276    0.0068
    0.8978    0.8276    0.0094    0.8627    0.8276    0.0123
    0.8233    0.8276    0.0154    0.7801    0.8276    0.0186
    0.7337    0.8276    0.0217    0.6845    0.8276    0.0248
    0.6331    0.8276    0.0277    0.5802    0.8276    0.0303
    0.5263    0.8276    0.0325    0.4721    0.8276    0.0342
    0.4182    0.8276    0.0354    0.3653    0.8276    0.0358
    0.3140    0.8276    0.0354    0.2649    0.8276    0.0342
    0.2186    0.8276    0.0321    0.1755    0.8276    0.0290
    0.1363    0.8276    0.0250    0.1013    0.8276    0.0202
    0.0711    0.8276    0.0146    0.0458    0.8276    0.0084
    0.0259    0.8276    0.0016    0.0116    0.8276   -0.0057
    0.0030    0.8276   -0.0133    0.0002    0.8276   -0.0212
    0.0033    0.8276   -0.0290    0.0122    0.8276   -0.0363
    0.0269    0.8276   -0.0429    0.0470    0.8276   -0.0489
    0.0725    0.8276   -0.0540    0.1030    0.8276   -0.0583
    0.1381    0.8276   -0.0617    0.1775    0.8276   -0.0640
    0.2206    0.8276   -0.0652    0.2670    0.8276   -0.0653
    0.3161    0.8276   -0.0645    0.3674    0.8276   -0.0627
    0.4203    0.8276   -0.0600    0.4740    0.8276   -0.0566
    0.5281    0.8276   -0.0526    0.5818    0.8276   -0.0481
    0.6346    0.8276   -0.0432    0.6858    0.8276   -0.0382
    0.7348    0.8276   -0.0330    0.7811    0.8276   -0.0279
    0.8241    0.8276   -0.0229    0.8634    0.8276   -0.0181
    0.8983    0.8276   -0.0137    0.9286    0.8276   -0.0098
    0.9539    0.8276   -0.0064    0.9739    0.8276   -0.0037
    0.9883    0.8276   -0.0017    0.9971    0.8276   -0.0004
    1.0000    0.8276    0.0000
    1.0000    0.9310    0.0000    0.9971    0.9310    0.0003
    0.9883    0.9310    0.0012    0.9738    0.9310    0.0026
    0.9537    0.9310    0.0044    0.9283    0.9310    0.0067
    0.8978    0.9310    0.0094    0.8627    0.9310    0.0123
    0.8233    0.9310    0.0154    0.7801    0.9310    0.0185
    0.7337    0.9310    0.0216    0.6845    0.9310    0.0247
    0.6331    0.9310    0.0276    0.5801    0.9310    0.0301
    0.5263    0.9310    0.0323    0.4721    0.9310    0.0340
    0.4182    0.9310    0.0351    0.3653    0.9310    0.0356
    0.3140    0.9310    0.0352    0.2649    0.9310    0.0339
    0.2185    0.9310    0.0318    0.1755    0.9310    0.0287
    0.1363    0.9310    0.0247    0.1013    0.9310    0.0199
    0.0710    0.9310    0.0143    0.0458    0.9310    0.0081
    0.0259    0.9310    0.0012    0.0116    0.9310   -0.0060
    0.0030    0.9310   -0.0137    0.0002    0.9310   -0.0216
    0.0033    0.9310   -0.0294    0.0122    0.9310   -0.0366
    0.0269    0.9310   -0.0432    0.0471    0.9310   -0.0492
    0.0725    0.9310   -0.0544    0.1030    0.9310   -0.0587
    0.1381    0.9310   -0.0620    0.1775    0.9310   -0.0642
    0.2206    0.9310   -0.0655    0.2670    0.9310   -0.0656
    0.3162    0.9310   -0.0647    0.3674    0.9310   -0.0629
    0.4203    0.9310   -0.0602    0.4740    0.9310   -0.0568
    0.5281    0.9310   -0.0527    0.5818    0.9310   -0.0482
    0.6346    0.9310   -0.0434    0.6858    0.9310   -0.0383
    0.7349    0.9310   -0.0331    0.7811    0.9310   -0.0280
    0.8241    0.9310   -0.0230    0.8634    0.9310   -0.0182
    0.8983    0.9310   -0.0138    0.9286    0.9310   -0.0098
    0.9539    0.9310   -0.0064    0.9739    0.9310   -0.0037
    0.9883    0.9310   -0.0017    0.9971    0.9310   -0.0004
    1.0000    0.9310    0.0000
    1.0000    1.0345    0.0000    0.9971    1.0345    0.0003
    0.9883    1.0345    0.0011    0.9738    1.0345    0.0025
    0.9537    1.0345    0.0044    0.9283    1.0345    0.0067
    0.8978    1.0345    0.0094    0.8627    1.0345    0.0122
    0.8233    1.0345    0.0153    0.7801    1.0345    0.0184
    0.7337    1.0345    0.0216    0.6845    1.0345    0.0246
    0.6331    1.0345    0.0275    0.5801    1.0345    0.0300
    0.5263    1.0345    0.0322    0.4721    1.0345    0.0339
    0.4182    1.0345    0.0350    0.3653    1.0345    0.0354
    0.3140    1.0345    0.0350    0.2649    1.0345    0.0337
    0.2185    1.0345    0.0316    0.1755    1.0345    0.0285
    0.1363    1.0345    0.0245    0.1013    1.0345    0.0197
    0.0710    1.0345    0.0141    0.0458    1.0345    0.0078
    0.0259    1.0345    0.0010    0.0116    1.0345   -0.0063
    0.0030    1.0345   -0.0139    0.0002    1.0345   -0.0219
    0.0033    1.0345   -0.0296    0.0123    1.0345   -0.0369
    0.0269    1.0345   -0.0435    0.0471    1.0345   -0.0495
    0.0725    1.0345   -0.0546    0.1030    1.0345   -0.0589
    0.1382    1.0345   -0.0622    0.1775    1.0345   -0.0645
    0.2207    1.0345   -0.0657    0.2671    1.0345   -0.0658
    0.3162    1.0345   -0.0649    0.3675    1.0345   -0.0631
    0.4203    1.0345   -0.0604    0.4740    1.0345   -0.0569
    0.5281    1.0345   -0.0529    0.5818    1.0345   -0.0483
    0.6346    1.0345   -0.0435    0.6858    1.0345   -0.0384
    0.7349    1.0345   -0.0332    0.7812    1.0345   -0.0280
    0.8242    1.0345   -0.0230    0.8634    1.0345   -0.0182
    0.8983    1.0345   -0.0138    0.9286    1.0345   -0.0098
    0.9539    1.0345   -0.0064    0.9739    1.0345   -0.0037
    0.9883    1.0345   -0.0017    0.9971    1.0345   -0.0004
    1.0000    1.0345    0.0000
    1.0000    1.1379    0.0000    0.9971    1.1379    0.0003
    0.9883    1.1379    0.0011    0.9738    1.1379    0.0025
    0.9537    1.1379    0.0044    0.9283    1.1379    0.0067
    0.8978    1.1379    0.0093    0.8627    1.1379    0.0122
    0.8233    1.1379    0.0153    0.7801    1.1379    0.0184
    0.7337    1.1379    0.0215    0.6844    1.1379    0.0245
    0.6331    1.1379    0.0274    0.5801    1.1379    0.0299
    0.5262    1.1379    0.0321    0.4721    1.1379    0.0338
    0.4182    1.1379    0.0348    0.3653    1.1379    0.0352
    0.3140    1.1379    0.0348    0.2649    1.1379    0.0335
    0.2185    1.1379    0.0314    0.1755    1.1379    0.0283
    0.1363    1.1379    0.0243    0.1013    1.1379    0.0194
    0.0710    1.1379    0.0138    0.0458    1.1379    0.0076
    0.0259    1.1379    0.0007    0.0116    1.1379   -0.0066
    0.0030    1.1379   -0.0142    0.0002    1.1379   -0.0221
    0.0033    1.1379   -0.0299    0.0123    1.1379   -0.0371
    0.0269    1.1379   -0.0438    0.0471    1.1379   -0.0497
    0.0726    1.1379   -0.0549    0.1030    1.1379   -0.0591
    0.1382    1.1379   -0.0624    0.1775    1.1379   -0.0647
    0.2207    1.1379   -0.0659    0.2671    1.1379   -0.0660
    0.3162    1.1379   -0.0651    0.3675    1.1379   -0.0632
    0.4203    1.1379   -0.0605    0.4741    1.1379   -0.0571
    0.5281    1.1379   -0.0530    0.5819    1.1379   -0.0484
    0.6346    1.1379   -0.0436    0.6858    1.1379   -0.0385
    0.7349    1.1379   -0.0333    0.7812    1.1379   -0.0281
    0.8242    1.1379   -0.0230    0.8634    1.1379   -0.0183
    0.8983    1.1379   -0.0138    0.9286    1.1379   -0.0099
    0.9539    1.1379   -0.0065    0.9739    1.1379   -0.0037
    0.9883    1.1379   -0.0017    0.9971    1.1379   -0.0004
    1.0000    1.1379    0.0000
    1.0000    1.2414    0.0000    0.9971    1.2414    0.0003
    0.9883    1.2414    0.0011    0.9738    1.2414    0.0025
    0.9537    1.2414    0.0044    0.9283    1.2414    0.0067
    0.8978    1.2414    0.0093    0.8627    1.2414    0.0122
    0.8233    1.2414    0.0152    0.7801    1.2414    0.0183
    0.7337    1.2414    0.0214    0.6844    1.2414    0.0245
    0.6331    1.2414    0.0273    0.5801    1.2414    0.0298
    0.5262    1.2414    0.0320    0.4720    1.2414    0.0336
    0.4182    1.2414    0.0347    0.3653    1.2414    0.0351
    0.3140    1.2414    0.0347    0.2649    1.2414    0.0334
    0.2185    1.2414    0.0312    0.1755    1.2414    0.0281
    0.1362    1.2414    0.0241    0.1013    1.2414    0.0192
    0.0710    1.2414    0.0136    0.0458    1.2414    0.0073
    0.0259    1.2414    0.0005    0.0116    1.2414   -0.0068
    0.0030    1.2414   -0.0144    0.0002    1.2414   -0.0223
    0.0034    1.2414   -0.0301    0.0123    1.2414   -0.0373
    0.0269    1.2414   -0.0440    0.0471    1.2414   -0.0499
    0.0726    1.2414   -0.0551    0.1031    1.2414   -0.0593
    0.1382    1.2414   -0.0626    0.1775    1.2414   -0.0649
    0.2207    1.2414   -0.0660    0.2671    1.2414   -0.0662
    0.3162    1.2414   -0.0652    0.3675    1.2414   -0.0634
    0.4203    1.2414   -0.0606    0.4741    1.2414   -0.0572
    0.5281    1.2414   -0.0531    0.5819    1.2414   -0.0485
    0.6346    1.2414   -0.0436    0.6859    1.2414   -0.0385
    0.7349    1.2414   -0.0333    0.7812    1.2414   -0.0281
    0.8242    1.2414   -0.0231    0.8634    1.2414   -0.0183
    0.8983    1.2414   -0.0139    0.9286    1.2414   -0.0099
    0.9539    1.2414   -0.0065    0.9739    1.2414   -0.0037
    0.9883    1.2414   -0.0017    0.9971    1.2414   -0.0004
    1.0000    1.2414    0.0000
    1.0000    1.3448    0.0000    0.9971    1.3448    0.0003
    0.9883    1.3448    0.0011    0.9738    1.3448    0.0025
    0.9537    1.3448    0.0044    0.9283    1.3448    0.0067
    0.8978    1.3448    0.0093    0.8627    1.3448    0.0122
    0.8233    1.3448    0.0152    0.7801    1.3448    0.0183
    0.7337    1.3448    0.0214    0.6844    1.3448    0.0244
    0.6331    1.3448    0.0272    0.5801    1.3448    0.0297
    0.5262    1.3448    0.0319    0.4720    1.3448    0.0335
    0.4182    1.3448    0.0346    0.3653    1.3448    0.0350
    0.3140    1.3448    0.0345    0.2649    1.3448    0.0332
    0.2185    1.3448    0.0310    0.1755    1.3448    0.0279
    0.1362    1.3448    0.0239    0.1013    1.3448    0.0191
    0.0710    1.3448    0.0134    0.0458    1.3448    0.0072
    0.0259    1.3448    0.0003    0.0116    1.3448   -0.0070
    0.0030    1.3448   -0.0146    0.0003    1.3448   -0.0225
    0.0034    1.3448   -0.0303    0.0123    1.3448   -0.0375
    0.0269    1.3448   -0.0442    0.0471    1.3448   -0.0501
    0.0726    1.3448   -0.0553    0.1031    1.3448   -0.0595
    0.1382    1.3448   -0.0628    0.1776    1.3448   -0.0650
    0.2207    1.3448   -0.0662    0.2671    1.3448   -0.0663
    0.3162    1.3448   -0.0654    0.3675    1.3448   -0.0635
    0.4203    1.3448   -0.0608    0.4741    1.3448   -0.0573
    0.5281    1.3448   -0.0532    0.5819    1.3448   -0.0486
    0.6347    1.3448   -0.0437    0.6859    1.3448   -0.0386
    0.7349    1.3448   -0.0334    0.7812    1.3448   -0.0282
    0.8242    1.3448   -0.0231    0.8634    1.3448   -0.0183
    0.8983    1.3448   -0.0139    0.9286    1.3448   -0.0099
    0.9539    1.3448   -0.0065    0.9739    1.3448   -0.0037
    0.9883    1.3448   -0.0017    0.9971    1.3448   -0.0004
    1.0000    1.3448    0.0000
    1.0000    1.4483    0.0000    0.9971    1.4483    0.0003
    0.9883    1.4483    0.0011    0.9738    1.4483    0.0025
    0.9537    1.4483    0.0044    0.9283    1.4483    0.0067
    0.8978    1.4483    0.0093    0.8627    1.4483    0.0121
    0.8233    1.4483    0.0151    0.7801    1.4483    0.0182
    0.7337    1.4483    0.0213    0.6844    1.4483    0.0243
    0.6331    1.4483    0.0271    0.5801    1.4483    0.0297
    0.5262    1.4483    0.0318    0.4720    1.4483    0.0334
    0.4182    1.4483    0.0345    0.3653    1.4483    0.0348
    0.3140    1.4483    0.0344    0.2649    1.4483    0.0331
    0.2185    1.4483    0.0309    0.1755    1.4483    0.0278
    0.1362    1.4483    0.0237    0.1013    1.4483    0.0189
    0.0710    1.4483    0.0133    0.0458    1.4483    0.0070
    0.0259    1.4483    0.0001    0.0116    1.4483   -0.0072
    0.0030    1.4483   -0.0148    0.0003    1.4483   -0.0227
    0.0034    1.4483   -0.0305    0.0123    1.4483   -0.0377
    0.0269    1.4483   -0.0444    0.0471    1.4483   -0.0503
    0.0726    1.4483   -0.0554    0.1031    1.4483   -0.0597
    0.1382    1.4483   -0.0630    0.1776    1.4483   -0.0652
    0.2207    1.4483   -0.0664    0.2671    1.4483   -0.0664
    0.3162    1.4483   -0.0655    0.3675    1.4483   -0.0636
    0.4203    1.4483   -0.0609    0.4741    1.4483   -0.0574
    0.5282    1.4483   -0.0533    0.5819    1.4483   -0.0487
    0.6347    1.4483   -0.0438    0.6859    1.4483   -0.0386
    0.7349    1.4483   -0.0334    0.7812    1.4483   -0.0282
    0.8242    1.4483   -0.0232    0.8634    1.4483   -0.0183
    0.8983    1.4483   -0.0139    0.9286    1.4483   -0.0099
    0.9539    1.4483   -0.0065    0.9739    1.4483   -0.0037
    0.9883    1.4483   -0.0017    0.9971    1.4483   -0.0004
    1.0000    1.4483    0.0000
    1.0000    1.5517    0.0000    0.9971    1.5517    0.0003
    0.9883    1.5517    0.0011    0.9738    1.5517    0.0025
    0.9537    1.5517    0.0044    0.9283    1.5517    0.0066
    0.8978    1.5517    0.0092    0.8627    1.5517    0.0121
    0.8233    1.5517    0.0151    0.7801    1.5517    0.0182
    0.7336    1.5517    0.0213    0.6844    1.5517    0.0243
    0.6330    1.5517    0.0271    0.5801    1.5517    0.0296
    0.5262    1.5517    0.0317    0.4720    1.5517    0.0333
    0.4182    1.5517    0.0344    0.3653    1.5517    0.0347
    0.3140    1.5517    0.0342    0.2648    1.5517    0.0329
    0.2185    1.5517    0.0307    0.1755    1.5517    0.0276
    0.1362    1.5517    0.0236    0.1013    1.5517    0.0187
    0.0710    1.5517    0.0131    0.0458    1.5517    0.0068
    0.0259    1.5517   -0.0001    0.0116    1.5517   -0.0074
    0.0030    1.5517   -0.0150    0.0003    1.5517   -0.0229
    0.0034    1.5517   -0.0307    0.0123    1.5517   -0.0379
    0.0269    1.5517   -0.0446    0.0471    1.5517   -0.0505
    0.0726    1.5517   -0.0556    0.1031    1.5517   -0.0599
    0.1382    1.5517   -0.0631    0.1776    1.5517   -0.0654
    0.2207    1.5517   -0.0665    0.2671    1.5517   -0.0666
    0.3163    1.5517   -0.0657    0.3675    1.5517   -0.0638
    0.4204    1.5517   -0.0610    0.4741    1.5517   -0.0575
    0.5282    1.5517   -0.0534    0.5819    1.5517   -0.0488
    0.6347    1.5517   -0.0439    0.6859    1.5517   -0.0387
    0.7349    1.5517   -0.0335    0.7812    1.5517   -0.0283
    0.8242    1.5517   -0.0232    0.8634    1.5517   -0.0184
    0.8983    1.5517   -0.0139    0.9286    1.5517   -0.0099
    0.9539    1.5517   -0.0065    0.9739    1.5517   -0.0037
    0.9883    1.5517   -0.0017    0.9971    1.5517   -0.0004
    1.0000    1.5517    0.0000
    1.0000    1.6552    0.0000    0.9971    1.6552    0.0003
    0.9883    1.6552    0.0011    0.9738    1.6552    0.0025
    0.9537    1.6552    0.0044    0.9283    1.6552    0.0066
    0.8978    1.6552    0.0092    0.8627    1.6552    0.0121
    0.8233    1.6552    0.0151    0.7801    1.6552    0.0182
    0.7336    1.6552    0.0212    0.6844    1.6552    0.0242
    0.6330    1.6552    0.0270    0.5801    1.6552    0.0295
    0.5262    1.6552    0.0316    0.4720    1.6552    0.0332
    0.4182    1.6552    0.0342    0.3653    1.6552    0.0345
    0.3140    1.6552    0.0341    0.2648    1.6552    0.0328
    0.2185    1.6552    0.0305    0.1755    1.6552    0.0274
    0.1362    1.6552    0.0234    0.1013    1.6552    0.0185
    0.0710    1.6552    0.0129    0.0458    1.6552    0.0065
    0.0259    1.6552   -0.0003    0.0116    1.6552   -0.0076
    0.0030    1.6552   -0.0152    0.0003    1.6552   -0.0232
    0.0034    1.6552   -0.0309    0.0123    1.6552   -0.0382
    0.0269    1.6552   -0.0448    0.0471    1.6552   -0.0507
    0.0726    1.6552   -0.0558    0.1031    1.6552   -0.0601
    0.1382    1.6552   -0.0633    0.1776    1.6552   -0.0655
    0.2207    1.6552   -0.0667    0.2671    1.6552   -0.0668
    0.3163    1.6552   -0.0658    0.3675    1.6552   -0.0639
    0.4204    1.6552   -0.0611    0.4741    1.6552   -0.0576
    0.5282    1.6552   -0.0535    0.5819    1.6552   -0.0489
    0.6347    1.6552   -0.0439    0.6859    1.6552   -0.0388
    0.7349    1.6552   -0.0335    0.7812    1.6552   -0.0283
    0.8242    1.6552   -0.0232    0.8634    1.6552   -0.0184
    0.8983    1.6552   -0.0139    0.9286    1.6552   -0.0099
    0.9539    1.6552   -0.0065    0.9739    1.6552   -0.0037
    0.9883    1.6552   -0.0017    0.9971    1.6552   -0.0004
    1.0000    1.6552    0.0000
    1.0000    1.7586    0.0000    0.9971    1.7586    0.0003
    0.9883    1.7586    0.0011    0.9738    1.7586    0.0025
    0.9537    1.7586    0.0044    0.9283    1.7586    0.0066
    0.8978    1.7586    0.0092    0.8627    1.7586    0.0120
    0.8233    1.7586    0.0150    0.7801    1.7586    0.0181
    0.7336    1.7586    0.0212    0.6844    1.7586    0.0241
    0.6330    1.7586    0.0269    0.5801    1.7586    0.0294
    0.5262    1.7586    0.0315    0.4720    1.7586    0.0331
    0.4182    1.7586    0.0341    0.3653    1.7586    0.0344
    0.3139    1.7586    0.0339    0.2648    1.7586    0.0326
    0.2185    1.7586    0.0304    0.1754    1.7586    0.0272
    0.1362    1.7586    0.0232    0.1013    1.7586    0.0183
    0.0710    1.7586    0.0126    0.0458    1.7586    0.0063
    0.0259    1.7586   -0.0005    0.0116    1.7586   -0.0078
    0.0030    1.7586   -0.0155    0.0003    1.7586   -0.0234
    0.0034    1.7586   -0.0312    0.0123    1.7586   -0.0384
    0.0270    1.7586   -0.0450    0.0471    1.7586   -0.0509
    0.0726    1.7586   -0.0561    0.1031    1.7586   -0.0603
    0.1383    1.7586   -0.0635    0.1776    1.7586   -0.0658
    0.2208    1.7586   -0.0669    0.2672    1.7586   -0.0669
    0.3163    1.7586   -0.0660    0.3676    1.7586   -0.0641
    0.4204    1.7586   -0.0613    0.4741    1.7586   -0.0577
    0.5282    1.7586   -0.0536    0.5819    1.7586   -0.0490
    0.6347    1.7586   -0.0440    0.6859    1.7586   -0.0389
    0.7349    1.7586   -0.0336    0.7812    1.7586   -0.0284
    0.8242    1.7586   -0.0233    0.8634    1.7586   -0.0184
    0.8983    1.7586   -0.0140    0.9286    1.7586   -0.0100
    0.9539    1.7586   -0.0065    0.9739    1.7586   -0.0037
    0.9883    1.7586   -0.0017    0.9971    1.7586   -0.0004
    1.0000    1.7586    0.0000
    1.0000    1.8621    0.0000    0.9971    1.8621    0.0003
    0.9883    1.8621    0.0011    0.9738    1.8621    0.0025
    0.9537    1.8621    0.0043    0.9283    1.8621    0.0066
    0.8978    1.8621    0.0092    0.8627    1.8621    0.0120
    0.8233    1.8621    0.0150    0.7801    1.8621    0.0180
    0.7336    1.8621    0.0211    0.6844    1.8621    0.0240
    0.6330    1.8621    0.0268    0.5801    1.8621    0.0293
    0.5262    1.8621    0.0313    0.4720    1.8621    0.0329
    0.4181    1.8621    0.0339    0.3652    1.8621    0.0342
    0.3139    1.8621    0.0337    0.2648    1.8621    0.0324
    0.2185    1.8621    0.0301    0.1754    1.8621    0.0270
    0.1362    1.8621    0.0229    0.1013    1.8621    0.0180
    0.0710    1.8621    0.0124    0.0458    1.8621    0.0061
    0.0259    1.8621   -0.0008    0.0116    1.8621   -0.0081
    0.0030    1.8621   -0.0158    0.0003    1.8621   -0.0237
    0.0034    1.8621   -0.0315    0.0123    1.8621   -0.0387
    0.0270    1.8621   -0.0453    0.0472    1.8621   -0.0512
    0.0726    1.8621   -0.0563    0.1031    1.8621   -0.0605
    0.1383    1.8621   -0.0638    0.1776    1.8621   -0.0660
    0.2208    1.8621   -0.0671    0.2672    1.8621   -0.0671
    0.3163    1.8621   -0.0662    0.3676    1.8621   -0.0642
    0.4204    1.8621   -0.0614    0.4742    1.8621   -0.0579
    0.5282    1.8621   -0.0537    0.5819    1.8621   -0.0491
    0.6347    1.8621   -0.0441    0.6859    1.8621   -0.0389
    0.7349    1.8621   -0.0337    0.7812    1.8621   -0.0284
    0.8242    1.8621   -0.0233    0.8634    1.8621   -0.0185
    0.8983    1.8621   -0.0140    0.9286    1.8621   -0.0100
    0.9539    1.8621   -0.0065    0.9739    1.8621   -0.0037
    0.9883    1.8621   -0.0017    0.9971    1.8621   -0.0004
    1.0000    1.8621    0.0000
    1.0000    1.9655    0.0000    0.9971    1.9655    0.0003
    0.9883    1.9655    0.0011    0.9738    1.9655    0.0025
    0.9537    1.9655    0.0043    0.9283    1.9655    0.0066
    0.8978    1.9655    0.0091    0.8627    1.9655    0.0119
    0.8233    1.9655    0.0149    0.7801    1.9655    0.0180
    0.7336    1.9655    0.0210    0.6844    1.9655    0.0239
    0.6330    1.9655    0.0267    0.5801    1.9655    0.0291
    0.5262    1.9655    0.0312    0.4720    1.9655    0.0328
    0.4181    1.9655    0.0337    0.3652    1.9655    0.0340
    0.3139    1.9655    0.0335    0.2648    1.9655    0.0322
    0.2185    1.9655    0.0299    0.1754    1.9655    0.0267
    0.1362    1.9655    0.0227    0.1013    1.9655    0.0177
    0.0710    1.9655    0.0121    0.0458    1.9655    0.0058
    0.0259    1.9655   -0.0011    0.0116    1.9655   -0.0084
    0.0030    1.9655   -0.0161    0.0003    1.9655   -0.0240
    0.0034    1.9655   -0.0318    0.0123    1.9655   -0.0390
    0.0270    1.9655   -0.0456    0.0472    1.9655   -0.0515
    0.0727    1.9655   -0.0566    0.1032    1.9655   -0.0608
    0.1383    1.9655   -0.0641    0.1777    1.9655   -0.0662
    0.2208    1.9655   -0.0673    0.2672    1.9655   -0.0674
    0.3163    1.9655   -0.0664    0.3676    1.9655   -0.0644
    0.4204    1.9655   -0.0616    0.4742    1.9655   -0.0580
    0.5282    1.9655   -0.0539    0.5820    1.9655   -0.0492
    0.6347    1.9655   -0.0442    0.6859    1.9655   -0.0390
    0.7349    1.9655   -0.0338    0.7812    1.9655   -0.0285
    0.8242    1.9655   -0.0234    0.8634    1.9655   -0.0185
    0.8984    1.9655   -0.0140    0.9286    1.9655   -0.0100
    0.9539    1.9655   -0.0065    0.9739    1.9655   -0.0037
    0.9883    1.9655   -0.0017    0.9971    1.9655   -0.0004
    1.0000    1.9655    0.0000
    1.0000    2.0690    0.0000    0.9971    2.0690    0.0003
    0.9883    2.0690    0.0011    0.9738    2.0690    0.0025
    0.9537    2.0690    0.0043    0.9282    2.0690    0.0065
    0.8978    2.0690    0.0091    0.8627    2.0690    0.0119
    0.8233    2.0690    0.0149    0.7801    2.0690    0.0179
    0.7336    2.0690    0.0209    0.6844    2.0690    0.0238
    0.6330    2.0690    0.0265    0.5801    2.0690    0.0290
    0.5262    2.0690    0.0310    0.4720    2.0690    0.0326
    0.4181    2.0690    0.0335    0.3652    2.0690    0.0338
    0.3139    2.0690    0.0333    0.2648    2.0690    0.0319
    0.2185    2.0690    0.0296    0.1754    2.0690    0.0264
    0.1362    2.0690    0.0223    0.1013    2.0690    0.0174
    0.0710    2.0690    0.0117    0.0458    2.0690    0.0054
    0.0259    2.0690   -0.0015    0.0116    2.0690   -0.0088
    0.0030    2.0690   -0.0164    0.0003    2.0690   -0.0243
    0.0034    2.0690   -0.0321    0.0124    2.0690   -0.0393
    0.0270    2.0690   -0.0459    0.0472    2.0690   -0.0518
    0.0727    2.0690   -0.0569    0.1032    2.0690   -0.0611
    0.1383    2.0690   -0.0644    0.1777    2.0690   -0.0665
    0.2208    2.0690   -0.0676    0.2672    2.0690   -0.0676
    0.3163    2.0690   -0.0666    0.3676    2.0690   -0.0646
    0.4204    2.0690   -0.0618    0.4742    2.0690   -0.0582
    0.5282    2.0690   -0.0540    0.5820    2.0690   -0.0494
    0.6347    2.0690   -0.0444    0.6859    2.0690   -0.0392
    0.7349    2.0690   -0.0338    0.7812    2.0690   -0.0286
    0.8242    2.0690   -0.0234    0.8634    2.0690   -0.0186
    0.8984    2.0690   -0.0141    0.9287    2.0690   -0.0100
    0.9539    2.0690   -0.0066    0.9739    2.0690   -0.0038
    0.9883    2.0690   -0.0017    0.9971    2.0690   -0.0004
    1.0000    2.0690    0.0000
    1.0000    2.1724    0.0000    0.9971    2.1724    0.0003
    0.9883    2.1724    0.0011    0.9738    2.1724    0.0025
    0.9537    2.1724    0.0043    0.9282    2.1724    0.0065
    0.8978    2.1724    0.0091    0.8627    2.1724    0.0118
    0.8233    2.1724    0.0148    0.7801    2.1724    0.0178
    0.7336    2.1724    0.0208    0.6844    2.1724    0.0237
    0.6330    2.1724    0.0264    0.5800    2.1724    0.0288
    0.5262    2.1724    0.0308    0.4720    2.1724    0.0324
    0.4181    2.1724    0.0333    0.3652    2.1724    0.0335
    0.3139    2.1724    0.0330    0.2648    2.1724    0.0316
    0.2184    2.1724    0.0293    0.1754    2.1724    0.0261
    0.1362    2.1724    0.0220    0.1013    2.1724    0.0171
    0.0710    2.1724    0.0114    0.0458    2.1724    0.0050
    0.0259    2.1724   -0.0019    0.0116    2.1724   -0.0092
    0.0030    2.1724   -0.0168    0.0003    2.1724   -0.0247
    0.0034    2.1724   -0.0325    0.0124    2.1724   -0.0397
    0.0270    2.1724   -0.0463    0.0472    2.1724   -0.0522
    0.0727    2.1724   -0.0573    0.1032    2.1724   -0.0615
    0.1383    2.1724   -0.0647    0.1777    2.1724   -0.0669
    0.2208    2.1724   -0.0679    0.2673    2.1724   -0.0679
    0.3164    2.1724   -0.0669    0.3676    2.1724   -0.0649
    0.4205    2.1724   -0.0620    0.4742    2.1724   -0.0584
    0.5283    2.1724   -0.0542    0.5820    2.1724   -0.0495
    0.6348    2.1724   -0.0445    0.6859    2.1724   -0.0393
    0.7350    2.1724   -0.0340    0.7812    2.1724   -0.0287
    0.8242    2.1724   -0.0235    0.8634    2.1724   -0.0186
    0.8984    2.1724   -0.0141    0.9287    2.1724   -0.0101
    0.9539    2.1724   -0.0066    0.9739    2.1724   -0.0038
    0.9883    2.1724   -0.0017    0.9971    2.1724   -0.0004
    1.0000    2.1724    0.0000
    1.0000    2.2759    0.0000    0.9971    2.2759    0.0003
    0.9883    2.2759    0.0011    0.9738    2.2759    0.0025
    0.9537    2.2759    0.0043    0.9282    2.2759    0.0065
    0.8978    2.2759    0.0090    0.8627    2.2759    0.0118
    0.8233    2.2759    0.0147    0.7801    2.2759    0.0177
    0.7336    2.2759    0.0207    0.6844    2.2759    0.0236
    0.6330    2.2759    0.0262    0.5800    2.2759    0.0286
    0.5261    2.2759    0.0306    0.4720    2.2759    0.0321
    0.4181    2.2759    0.0330    0.3652    2.2759    0.0333
    0.3139    2.2759    0.0327    0.2648    2.2759    0.0313
    0.2184    2.2759    0.0289    0.1754    2.2759    0.0257
    0.1362    2.2759    0.0216    0.1012    2.2759    0.0167
    0.0710    2.2759    0.0110    0.0458    2.2759    0.0046
    0.0259    2.2759   -0.0023    0.0116    2.2759   -0.0096
    0.0030    2.2759   -0.0173    0.0003    2.2759   -0.0252
    0.0034    2.2759   -0.0330    0.0124    2.2759   -0.0402
    0.0270    2.2759   -0.0468    0.0472    2.2759   -0.0527
    0.0727    2.2759   -0.0577    0.1032    2.2759   -0.0619
    0.1384    2.2759   -0.0651    0.1777    2.2759   -0.0672
    0.2209    2.2759   -0.0683    0.2673    2.2759   -0.0683
    0.3164    2.2759   -0.0672    0.3677    2.2759   -0.0652
    0.4205    2.2759   -0.0623    0.4742    2.2759   -0.0587
    0.5283    2.2759   -0.0544    0.5820    2.2759   -0.0497
    0.6348    2.2759   -0.0447    0.6860    2.2759   -0.0394
    0.7350    2.2759   -0.0341    0.7812    2.2759   -0.0288
    0.8242    2.2759   -0.0236    0.8634    2.2759   -0.0187
    0.8984    2.2759   -0.0141    0.9287    2.2759   -0.0101
    0.9539    2.2759   -0.0066    0.9739    2.2759   -0.0038
    0.9883    2.2759   -0.0017    0.9971    2.2759   -0.0004
    1.0000    2.2759    0.0000
    1.0000    2.3793    0.0000    0.9971    2.3793    0.0003
    0.9883    2.3793    0.0011    0.9738    2.3793    0.0024
    0.9537    2.3793    0.0042    0.9282    2.3793    0.0064
    0.8978    2.3793    0.0090    0.8627    2.3793    0.0117
    0.8233    2.3793    0.0146    0.7801    2.3793    0.0176
    0.7336    2.3793    0.0205    0.6844    2.3793    0.0234
    0.6330    2.3793    0.0260    0.5800    2.3793    0.0284
    0.5261    2.3793    0.0304    0.4719    2.3793    0.0319
    0.4181    2.3793    0.0327    0.3652    2.3793    0.0329
    0.3139    2.3793    0.0323    0.2648    2.3793    0.0309
    0.2184    2.3793    0.0285    0.1754    2.3793    0.0253
    0.1362    2.3793    0.0212    0.1012    2.3793    0.0162
    0.0710    2.3793    0.0105    0.0458    2.3793    0.0041
    0.0259    2.3793   -0.0028    0.0116    2.3793   -0.0101
    0.0031    2.3793   -0.0178    0.0003    2.3793   -0.0257
    0.0035    2.3793   -0.0335    0.0124    2.3793   -0.0407
    0.0271    2.3793   -0.0473    0.0473    2.3793   -0.0532
    0.0728    2.3793   -0.0582    0.1033    2.3793   -0.0624
    0.1384    2.3793   -0.0655    0.1778    2.3793   -0.0677
    0.2209    2.3793   -0.0687    0.2673    2.3793   -0.0686
    0.3164    2.3793   -0.0676    0.3677    2.3793   -0.0655
    0.4205    2.3793   -0.0626    0.4743    2.3793   -0.0590
    0.5283    2.3793   -0.0547    0.5820    2.3793   -0.0500
    0.6348    2.3793   -0.0449    0.6860    2.3793   -0.0396
    0.7350    2.3793   -0.0342    0.7813    2.3793   -0.0289
    0.8242    2.3793   -0.0237    0.8634    2.3793   -0.0188
    0.8984    2.3793   -0.0142    0.9287    2.3793   -0.0101
    0.9539    2.3793   -0.0066    0.9739    2.3793   -0.0038
    0.9884    2.3793   -0.0017    0.9971    2.3793   -0.0004
    1.0000    2.3793    0.0000
    1.0000    2.4828    0.0000    0.9971    2.4828    0.0003
    0.9883    2.4828    0.0011    0.9738    2.4828    0.0024
    0.9537    2.4828    0.0042    0.9282    2.4828    0.0064
    0.8978    2.4828    0.0089    0.8626    2.4828    0.0116
    0.8233    2.4828    0.0145    0.7801    2.4828    0.0175
    0.7336    2.4828    0.0204    0.6843    2.4828    0.0232
    0.6330    2.4828    0.0258    0.5800    2.4828    0.0282
    0.5261    2.4828    0.0301    0.4719    2.4828    0.0315
    0.4181    2.4828    0.0324    0.3652    2.4828    0.0326
    0.3139    2.4828    0.0319    0.2647    2.4828    0.0305
    0.2184    2.4828    0.0281    0.1754    2.4828    0.0248
    0.1362    2.4828    0.0207    0.1012    2.4828    0.0157
    0.0710    2.4828    0.0099    0.0458    2.4828    0.0036
    0.0259    2.4828   -0.0034    0.0116    2.4828   -0.0107
    0.0031    2.4828   -0.0184    0.0003    2.4828   -0.0263
    0.0035    2.4828   -0.0341    0.0124    2.4828   -0.0413
    0.0271    2.4828   -0.0478    0.0473    2.4828   -0.0537
    0.0728    2.4828   -0.0587    0.1033    2.4828   -0.0629
    0.1384    2.4828   -0.0660    0.1778    2.4828   -0.0681
    0.2210    2.4828   -0.0691    0.2674    2.4828   -0.0691
    0.3165    2.4828   -0.0680    0.3677    2.4828   -0.0659
    0.4206    2.4828   -0.0629    0.4743    2.4828   -0.0593
    0.5284    2.4828   -0.0550    0.5821    2.4828   -0.0502
    0.6348    2.4828   -0.0451    0.6860    2.4828   -0.0398
    0.7350    2.4828   -0.0344    0.7813    2.4828   -0.0290
    0.8243    2.4828   -0.0238    0.8634    2.4828   -0.0188
    0.8984    2.4828   -0.0143    0.9287    2.4828   -0.0102
    0.9539    2.4828   -0.0066    0.9739    2.4828   -0.0038
    0.9884    2.4828   -0.0017    0.9971    2.4828   -0.0004
    1.0000    2.4828    0.0000
    1.0000    2.5862    0.0000    0.9971    2.5862    0.0003
    0.9883    2.5862    0.0011    0.9738    2.5862    0.0024
    0.9537    2.5862    0.0042    0.9282    2.5862    0.0064
    0.8978    2.5862    0.0088    0.8626    2.5862    0.0115
    0.8232    2.5862    0.0144    0.7800    2.5862    0.0173
    0.7336    2.5862    0.0202    0.6843    2.5862    0.0230
    0.6329    2.5862    0.0256    0.5800    2.5862    0.0279
    0.5261    2.5862    0.0298    0.4719    2.5862    0.0312
    0.4180    2.5862    0.0320    0.3651    2.5862    0.0321
    0.3138    2.5862    0.0315    0.2647    2.5862    0.0300
    0.2184    2.5862    0.0276    0.1754    2.5862    0.0243
    0.1361    2.5862    0.0201    0.1012    2.5862    0.0151
    0.0710    2.5862    0.0093    0.0458    2.5862    0.0029
    0.0259    2.5862   -0.0040    0.0116    2.5862   -0.0113
    0.0031    2.5862   -0.0190    0.0004    2.5862   -0.0269
    0.0035    2.5862   -0.0347    0.0125    2.5862   -0.0419
    0.0271    2.5862   -0.0485    0.0473    2.5862   -0.0543
    0.0728    2.5862   -0.0594    0.1033    2.5862   -0.0635
    0.1385    2.5862   -0.0666    0.1779    2.5862   -0.0687
    0.2210    2.5862   -0.0696    0.2674    2.5862   -0.0695
    0.3165    2.5862   -0.0684    0.3678    2.5862   -0.0663
    0.4206    2.5862   -0.0633    0.4743    2.5862   -0.0596
    0.5284    2.5862   -0.0553    0.5821    2.5862   -0.0505
    0.6349    2.5862   -0.0453    0.6860    2.5862   -0.0400
    0.7350    2.5862   -0.0345    0.7813    2.5862   -0.0291
    0.8243    2.5862   -0.0239    0.8635    2.5862   -0.0189
    0.8984    2.5862   -0.0143    0.9287    2.5862   -0.0102
    0.9540    2.5862   -0.0067    0.9739    2.5862   -0.0038
    0.9884    2.5862   -0.0017    0.9971    2.5862   -0.0004
    1.0000    2.5862    0.0000
    1.0000    2.6897    0.0000    0.9971    2.6897    0.0003
    0.9883    2.6897    0.0011    0.9738    2.6897    0.0024
    0.9537    2.6897    0.0042    0.9282    2.6897    0.0063
    0.8978    2.6897    0.0088    0.8626    2.6897    0.0114
    0.8232    2.6897    0.0143    0.7800    2.6897    0.0172
    0.7335    2.6897    0.0200    0.6843    2.6897    0.0228
    0.6329    2.6897    0.0253    0.5800    2.6897    0.0276
    0.5261    2.6897    0.0294    0.4719    2.6897    0.0308
    0.4180    2.6897    0.0316    0.3651    2.6897    0.0317
    0.3138    2.6897    0.0310    0.2647    2.6897    0.0295
    0.2184    2.6897    0.0270    0.1753    2.6897    0.0237
    0.1361    2.6897    0.0195    0.1012    2.6897    0.0144
    0.0710    2.6897    0.0087    0.0458    2.6897    0.0022
    0.0259    2.6897   -0.0047    0.0116    2.6897   -0.0121
    0.0031    2.6897   -0.0197    0.0004    2.6897   -0.0277
    0.0035    2.6897   -0.0354    0.0125    2.6897   -0.0426
    0.0272    2.6897   -0.0492    0.0474    2.6897   -0.0550
    0.0729    2.6897   -0.0600    0.1034    2.6897   -0.0641
    0.1385    2.6897   -0.0672    0.1779    2.6897   -0.0693
    0.2211    2.6897   -0.0702    0.2675    2.6897   -0.0701
    0.3166    2.6897   -0.0689    0.3678    2.6897   -0.0667
    0.4207    2.6897   -0.0637    0.4744    2.6897   -0.0600
    0.5284    2.6897   -0.0556    0.5821    2.6897   -0.0508
    0.6349    2.6897   -0.0456    0.6861    2.6897   -0.0402
    0.7351    2.6897   -0.0347    0.7813    2.6897   -0.0293
    0.8243    2.6897   -0.0240    0.8635    2.6897   -0.0190
    0.8984    2.6897   -0.0144    0.9287    2.6897   -0.0103
    0.9540    2.6897   -0.0067    0.9739    2.6897   -0.0038
    0.9884    2.6897   -0.0017    0.9971    2.6897   -0.0004
    1.0000    2.6897    0.0000
    1.0000    2.7931    0.0000    0.9971    2.7931    0.0003
    0.9883    2.7931    0.0011    0.9737    2.7931    0.0024
    0.9537    2.7931    0.0041    0.9282    2.7931    0.0062
    0.8978    2.7931    0.0087    0.8626    2.7931    0.0113
    0.8232    2.7931    0.0141    0.7800    2.7931    0.0170
    0.7335    2.7931    0.0198    0.6843    2.7931    0.0225
    0.6329    2.7931    0.0250    0.5799    2.7931    0.0272
    0.5260    2.7931    0.0291    0.4719    2.7931    0.0304
    0.4180    2.7931    0.0311    0.3651    2.7931    0.0312
    0.3138    2.7931    0.0304    0.2647    2.7931    0.0289
    0.2183    2.7931    0.0264    0.1753    2.7931    0.0230
    0.1361    2.7931    0.0188    0.1012    2.7931    0.0137
    0.0710    2.7931    0.0079    0.0458    2.7931    0.0015
    0.0259    2.7931   -0.0055    0.0117    2.7931   -0.0128
    0.0031    2.7931   -0.0205    0.0004    2.7931   -0.0285
    0.0036    2.7931   -0.0362    0.0125    2.7931   -0.0434
    0.0272    2.7931   -0.0500    0.0474    2.7931   -0.0558
    0.0729    2.7931   -0.0608    0.1034    2.7931   -0.0648
    0.1386    2.7931   -0.0679    0.1780    2.7931   -0.0699
    0.2211    2.7931   -0.0708    0.2675    2.7931   -0.0707
    0.3166    2.7931   -0.0694    0.3679    2.7931   -0.0673
    0.4207    2.7931   -0.0642    0.4744    2.7931   -0.0604
    0.5285    2.7931   -0.0560    0.5822    2.7931   -0.0511
    0.6349    2.7931   -0.0459    0.6861    2.7931   -0.0405
    0.7351    2.7931   -0.0349    0.7813    2.7931   -0.0295
    0.8243    2.7931   -0.0242    0.8635    2.7931   -0.0191
    0.8984    2.7931   -0.0145    0.9287    2.7931   -0.0103
    0.9540    2.7931   -0.0067    0.9739    2.7931   -0.0039
    0.9884    2.7931   -0.0017    0.9971    2.7931   -0.0004
    1.0000    2.7931    0.0000
    1.0000    2.8966    0.0000    0.9971    2.8966    0.0003
    0.9883    2.8966    0.0011    0.9737    2.8966    0.0023
    0.9536    2.8966    0.0041    0.9282    2.8966    0.0062
    0.8978    2.8966    0.0086    0.8626    2.8966    0.0112
    0.8232    2.8966    0.0140    0.7800    2.8966    0.0168
    0.7335    2.8966    0.0196    0.6843    2.8966    0.0222
    0.6329    2.8966    0.0247    0.5799    2.8966    0.0269
    0.5260    2.8966    0.0286    0.4718    2.8966    0.0299
    0.4180    2.8966    0.0306    0.3651    2.8966    0.0306
    0.3138    2.8966    0.0298    0.2647    2.8966    0.0282
    0.2183    2.8966    0.0257    0.1753    2.8966    0.0223
    0.1361    2.8966    0.0180    0.1012    2.8966    0.0129
    0.0710    2.8966    0.0071    0.0458    2.8966    0.0006
    0.0259    2.8966   -0.0064    0.0117    2.8966   -0.0137
    0.0031    2.8966   -0.0214    0.0004    2.8966   -0.0294
    0.0036    2.8966   -0.0371    0.0126    2.8966   -0.0443
    0.0272    2.8966   -0.0508    0.0475    2.8966   -0.0566
    0.0730    2.8966   -0.0616    0.1035    2.8966   -0.0656
    0.1386    2.8966   -0.0687    0.1780    2.8966   -0.0707
    0.2212    2.8966   -0.0715    0.2676    2.8966   -0.0713
    0.3167    2.8966   -0.0701    0.3680    2.8966   -0.0678
    0.4208    2.8966   -0.0647    0.4745    2.8966   -0.0609
    0.5285    2.8966   -0.0564    0.5822    2.8966   -0.0515
    0.6350    2.8966   -0.0462    0.6861    2.8966   -0.0407
    0.7351    2.8966   -0.0352    0.7814    2.8966   -0.0297
    0.8243    2.8966   -0.0243    0.8635    2.8966   -0.0193
    0.8984    2.8966   -0.0146    0.9287    2.8966   -0.0104
    0.9540    2.8966   -0.0068    0.9739    2.8966   -0.0039
    0.9884    2.8966   -0.0017    0.9971    2.8966   -0.0004
    1.0000    2.8966    0.0000
    1.0000    3.0000    0.0000    0.9971    3.0000    0.0003
    0.9883    3.0000    0.0010    0.9737    3.0000    0.0023
    0.9536    3.0000    0.0040    0.9282    3.0000    0.0061
    0.8977    3.0000    0.0085    0.8626    3.0000    0.0111
    0.8232    3.0000    0.0138    0.7800    3.0000    0.0166
    0.7335    3.0000    0.0193    0.6843    3.0000    0.0219
    0.6329    3.0000    0.0243    0.5799    3.0000    0.0265
    0.5260    3.0000    0.0282    0.4718    3.0000    0.0294
    0.4179    3.0000    0.0300    0.3650    3.0000    0.0300
    0.3137    3.0000    0.0292    0.2646    3.0000    0.0275
    0.2183    3.0000    0.0249    0.1753    3.0000    0.0215
    0.1361    3.0000    0.0172    0.1012    3.0000    0.0120
    0.0710    3.0000    0.0062    0.0458    3.0000   -0.0003
    0.0259    3.0000   -0.0073    0.0117    3.0000   -0.0147
    0.0032    3.0000   -0.0224    0.0005    3.0000   -0.0303
    0.0036    3.0000   -0.0381    0.0126    3.0000   -0.0453
    0.0273    3.0000   -0.0518    0.0475    3.0000   -0.0576
    0.0730    3.0000   -0.0625    0.1036    3.0000   -0.0665
    0.1387    3.0000   -0.0695    0.1781    3.0000   -0.0715
    0.2212    3.0000   -0.0723    0.2676    3.0000   -0.0720
    0.3168    3.0000   -0.0707    0.3680    3.0000   -0.0684
    0.4208    3.0000   -0.0653    0.4746    3.0000   -0.0614
    0.5286    3.0000   -0.0569    0.5823    3.0000   -0.0519
    0.6350    3.0000   -0.0466    0.6862    3.0000   -0.0410
    0.7352    3.0000   -0.0354    0.7814    3.0000   -0.0299
    0.8244    3.0000   -0.0245    0.8635    3.0000   -0.0194
    0.8984    3.0000   -0.0147    0.9287    3.0000   -0.0105
    0.9540    3.0000   -0.0068    0.9739    3.0000   -0.0039
    0.9884    3.0000   -0.0018    0.9971    3.0000   -0.0004
    1.0000    3.0000    0.0000
$POINTS for network #  2   wingtip                                           
       1.0
       1.0                                     0.0       0.0
      30.0       8.0                                                  wingtip   
    1.0000    3.0000    0.0000    0.9971    3.0000    0.0003
    0.9883    3.0000    0.0010    0.9737    3.0000    0.0023
    0.9536    3.0000    0.0040    0.9282    3.0000    0.0061
    0.8977    3.0000    0.0085    0.8626    3.0000    0.0111
    0.8232    3.0000    0.0138    0.7800    3.0000    0.0166
    0.7335    3.0000    0.0193    0.6843    3.0000    0.0219
    0.6329    3.0000    0.0243    0.5799    3.0000    0.0265
    0.5260    3.0000    0.0282    0.4718    3.0000    0.0294
    0.4179    3.0000    0.0300    0.3650    3.0000    0.0300
    0.3137    3.0000    0.0292    0.2646    3.0000    0.0275
    0.2183    3.0000    0.0249    0.1753    3.0000    0.0215
    0.1361    3.0000    0.0172    0.1012    3.0000    0.0120
    0.0710    3.0000    0.0062    0.0458    3.0000   -0.0003
    0.0259    3.0000   -0.0073    0.0117    3.0000   -0.0147
    0.0032    3.0000   -0.0224    0.0005    3.0000   -0.0303
    1.0000    3.0000    0.0000    0.9971    3.0002    0.0002
    0.9883    3.0006    0.0009    0.9738    3.0014    0.0020
    0.9537    3.0024    0.0035    0.9282    3.0036    0.0053
    0.8978    3.0050    0.0073    0.8626    3.0066    0.0096
    0.8233    3.0083    0.0119    0.7801    3.0101    0.0143
    0.7336    3.0119    0.0166    0.6844    3.0137    0.0188
    0.6330    3.0154    0.0208    0.5800    3.0170    0.0226
    0.5261    3.0185    0.0240    0.4719    3.0197    0.0249
    0.4181    3.0207    0.0253    0.3652    3.0214    0.0251
    0.3139    3.0217    0.0242    0.2648    3.0216    0.0225
    0.2184    3.0211    0.0201    0.1754    3.0202    0.0169
    0.1362    3.0188    0.0129    0.1013    3.0170    0.0081
    0.0711    3.0149    0.0028    0.0459    3.0124   -0.0032
    0.0260    3.0097   -0.0095    0.0117    3.0066   -0.0162
    0.0032    3.0034   -0.0232    0.0005    3.0000   -0.0303
    1.0000    3.0000    0.0000    0.9971    3.0003    0.0001
    0.9883    3.0011    0.0005    0.9738    3.0024    0.0011
    0.9537    3.0042    0.0020    0.9283    3.0065    0.0030
    0.8979    3.0091    0.0041    0.8628    3.0119    0.0053
    0.8234    3.0150    0.0066    0.7803    3.0182    0.0078
    0.7338    3.0214    0.0090    0.6846    3.0246    0.0101
    0.6333    3.0277    0.0110    0.5803    3.0306    0.0117
    0.5265    3.0333    0.0122    0.4723    3.0355    0.0123
    0.4185    3.0373    0.0121    0.3656    3.0385    0.0115
    0.3143    3.0391    0.0103    0.2652    3.0389    0.0087
    0.2188    3.0380    0.0066    0.1758    3.0363    0.0040
    0.1366    3.0339    0.0008    0.1016    3.0307   -0.0028
    0.0713    3.0269   -0.0068    0.0461    3.0224   -0.0111
    0.0262    3.0174   -0.0157    0.0119    3.0120   -0.0205
    0.0032    3.0061   -0.0254    0.0005    3.0000   -0.0303
    1.0000    3.0000    0.0000    0.9971    3.0003   -0.0000
    0.9883    3.0014   -0.0000    0.9738    3.0030   -0.0001
    0.9538    3.0053   -0.0002    0.9284    3.0081   -0.0003
    0.8980    3.0113   -0.0005    0.8630    3.0149   -0.0008
    0.8236    3.0187   -0.0011    0.7805    3.0227   -0.0015
    0.7341    3.0267   -0.0020    0.6850    3.0307   -0.0026
    0.6337    3.0346   -0.0032    0.5808    3.0382   -0.0040
    0.5270    3.0415   -0.0049    0.4729    3.0443   -0.0059
    0.4191    3.0465   -0.0070    0.3662    3.0480   -0.0083
    0.3149    3.0487   -0.0097    0.2658    3.0485   -0.0112
    0.2194    3.0474   -0.0129    0.1764    3.0453   -0.0147
    0.1371    3.0423   -0.0165    0.1021    3.0383   -0.0185
    0.0718    3.0335   -0.0205    0.0465    3.0279   -0.0226
    0.0265    3.0217   -0.0246    0.0120    3.0149   -0.0266
    0.0033    3.0077   -0.0285    0.0005    3.0000   -0.0303
    1.0000    3.0000    0.0000    0.9971    3.0003   -0.0002
    0.9883    3.0014   -0.0007    0.9739    3.0030   -0.0015
    0.9538    3.0053   -0.0026    0.9285    3.0081   -0.0040
    0.8982    3.0113   -0.0057    0.8632    3.0149   -0.0075
    0.8239    3.0187   -0.0096    0.7809    3.0227   -0.0118
    0.7345    3.0267   -0.0142    0.6854    3.0307   -0.0166
    0.6342    3.0346   -0.0190    0.5813    3.0382   -0.0214
    0.5276    3.0415   -0.0238    0.4735    3.0443   -0.0261
    0.4197    3.0465   -0.0282    0.3669    3.0480   -0.0302
    0.3156    3.0487   -0.0319    0.2665    3.0485   -0.0334
    0.2201    3.0474   -0.0345    0.1770    3.0453   -0.0353
    0.1377    3.0423   -0.0358    0.1026    3.0383   -0.0360
    0.0722    3.0335   -0.0358    0.0468    3.0279   -0.0353
    0.0268    3.0217   -0.0345    0.0122    3.0149   -0.0334
    0.0034    3.0077   -0.0320    0.0005    3.0000   -0.0303
    1.0000    3.0000    0.0000    0.9971    3.0003   -0.0003
    0.9883    3.0011   -0.0012    0.9739    3.0024   -0.0027
    0.9539    3.0042   -0.0048    0.9286    3.0065   -0.0073
    0.8983    3.0091   -0.0103    0.8633    3.0119   -0.0137
    0.8241    3.0150   -0.0173    0.7811    3.0182   -0.0211
    0.7348    3.0214   -0.0251    0.6858    3.0246   -0.0292
    0.6346    3.0277   -0.0332    0.5818    3.0306   -0.0371
    0.5281    3.0333   -0.0409    0.4740    3.0355   -0.0443
    0.4203    3.0373   -0.0473    0.3675    3.0385   -0.0499
    0.3162    3.0391   -0.0519    0.2671    3.0389   -0.0533
    0.2207    3.0380   -0.0540    0.1776    3.0363   -0.0540
    0.1382    3.0339   -0.0532    0.1031    3.0307   -0.0517
    0.0726    3.0269   -0.0496    0.0472    3.0224   -0.0468
    0.0270    3.0174   -0.0434    0.0124    3.0120   -0.0395
    0.0035    3.0061   -0.0351    0.0005    3.0000   -0.0303
    1.0000    3.0000    0.0000    0.9971    3.0002   -0.0004
    0.9884    3.0006   -0.0016    0.9739    3.0014   -0.0036
    0.9540    3.0024   -0.0063    0.9287    3.0036   -0.0096
    0.8984    3.0050   -0.0135    0.8635    3.0066   -0.0179
    0.8243    3.0083   -0.0226    0.7813    3.0101   -0.0276
    0.7351    3.0119   -0.0327    0.6861    3.0137   -0.0379
    0.6349    3.0154   -0.0431    0.5822    3.0170   -0.0480
    0.5285    3.0185   -0.0527    0.4744    3.0197   -0.0569
    0.4207    3.0207   -0.0606    0.3679    3.0214   -0.0636
    0.3166    3.0217   -0.0658    0.2675    3.0216   -0.0671
    0.2211    3.0211   -0.0675    0.1780    3.0202   -0.0669
    0.1386    3.0188   -0.0652    0.1034    3.0170   -0.0626
    0.0729    3.0149   -0.0591    0.0474    3.0124   -0.0547
    0.0272    3.0097   -0.0496    0.0126    3.0066   -0.0438
    0.0036    3.0034   -0.0373    0.0005    3.0000   -0.0303
    1.0000    3.0000    0.0000    0.9971    3.0000   -0.0004
    0.9884    3.0000   -0.0018    0.9739    3.0000   -0.0039
    0.9540    3.0000   -0.0068    0.9287    3.0000   -0.0105
    0.8984    3.0000   -0.0147    0.8635    3.0000   -0.0194
    0.8244    3.0000   -0.0245    0.7814    3.0000   -0.0299
    0.7352    3.0000   -0.0354    0.6862    3.0000   -0.0410
    0.6350    3.0000   -0.0466    0.5823    3.0000   -0.0519
    0.5286    3.0000   -0.0569    0.4746    3.0000   -0.0614
    0.4208    3.0000   -0.0653    0.3680    3.0000   -0.0684
    0.3168    3.0000   -0.0707    0.2676    3.0000   -0.0720
    0.2212    3.0000   -0.0723    0.1781    3.0000   -0.0715
    0.1387    3.0000   -0.0695    0.1036    3.0000   -0.0665
    0.0730    3.0000   -0.0625    0.0475    3.0000   -0.0576
    0.0273    3.0000   -0.0518    0.0126    3.0000   -0.0453
    0.0036    3.0000   -0.0381    0.0005    3.0000   -0.0303
$POINTS for network #  3   wingwake                                          
       1.0
      18.0                                     0.0       0.0
       2.0      30.0                                                  wingwake  
    1.0000    0.0000    0.0000   50.0000    0.0000    0.0000
    1.0000    0.1034    0.0000   50.0000    0.1034    0.0000
    1.0000    0.2069    0.0000   50.0000    0.2069    0.0000
    1.0000    0.3103    0.0000   50.0000    0.3103    0.0000
    1.0000    0.4138    0.0000   50.0000    0.4138    0.0000
    1.0000    0.5172    0.0000   50.0000    0.5172    0.0000
    1.0000    0.6207    0.0000   50.0000    0.6207    0.0000
    1.0000    0.7241    0.0000   50.0000    0.7241    0.0000
    1.0000    0.8276    0.0000   50.0000    0.8276    0.0000
    1.0000    0.9310    0.0000   50.0000    0.9310    0.0000
    1.0000    1.0345    0.0000   50.0000    1.0345    0.0000
    1.0000    1.1379    0.0000   50.0000    1.1379    0.0000
    1.0000    1.2414    0.0000   50.0000    1.2414    0.0000
    1.0000    1.3448    0.0000   50.0000    1.3448    0.0000
    1.0000    1.4483    0.0000   50.0000    1.4483    0.0000
    1.0000    1.5517    0.0000   50.0000    1.5517    0.0000
    1.0000    1.6552    0.0000   50.0000    1.6552    0.0000
    1.0000    1.7586    0.0000   50.0000    1.7586    0.0000
    1.0000    1.8621    0.0000   50.0000    1.8621    0.0000
    1.0000    1.9655    0.0000   50.0000    1.9655    0.0000
    1.0000    2.0690    0.0000   50.0000    2.0690    0.0000
    1.0000    2.1724    0.0000   50.0000    2.1724    0.0000
    1.0000    2.2759    0.0000   50.0000    2.2759    0.0000
    1.0000    2.3793    0.0000   50.0000    2.3793    0.0000
    1.0000    2.4828    0.0000   50.0000    2.4828    0.0000
    1.0000    2.5862    0.0000   50.0000    2.5862    0.0000
    1.0000    2.6897    0.0000   50.0000    2.6897    0.0000
    1.0000    2.7931    0.0000   50.0000    2.7931    0.0000
    1.0000    2.8966    0.0000   50.0000    2.8966    0.0000
    1.0000    3.0000    0.0000   50.0000    3.0000    0.0000
$END OF INPUT DATA
