$TITLE    Created by panin, version 1.0 (4Jan2000) on                
INPUT FILE FOR PanAir (A502-ht2)                                                
Created by PANIN                                                                
$DATACHECK
    0.0000
$SYM
    1.0000    0.0000
$MACH NUMBER
    0.5000
$CASES
    1.0000
$ANGLES OF ATTACK
    0.0000
    7.4200
$YAW ANGLES
    0.0000
    0.0000
$REFERENCE DATA FOR 3-D FORCES AND MOMENTS
    0.2500    0.0000    0.0000    1.0000
    6.0000    6.0000    1.0000    6.0000
$PRINTOUT CONTROL
       0.0       0.0       0.0       0.0       0.0       0.0
       0.0       0.0       0.0       0.0       0.0       0.0
$EAT
  0.000000       0.0       0.0       0.0       0.0       0.0
$VELOCITY CORRECTION
    0.0000
$POINTS for network #  1   wing                                              
       1.0
       1.0                                     0.0       0.0
      59.0      30.0                                                  wing      
    1.0000    0.0000    0.0000    0.9971    0.0000    0.0004
    0.9883    0.0000    0.0014    0.9738    0.0000    0.0031
    0.9538    0.0000    0.0054    0.9284    0.0000    0.0083
    0.8980    0.0000    0.0116    0.8630    0.0000    0.0152
    0.8237    0.0000    0.0192    0.7806    0.0000    0.0232
    0.7342    0.0000    0.0274    0.6851    0.0000    0.0315
    0.6338    0.0000    0.0355    0.5809    0.0000    0.0392
    0.5271    0.0000    0.0425    0.4729    0.0000    0.0454
    0.4191    0.0000    0.0477    0.3662    0.0000    0.0492
    0.3149    0.0000    0.0500    0.2658    0.0000    0.0498
    0.2194    0.0000    0.0486    0.1763    0.0000    0.0465
    0.1370    0.0000    0.0434    0.1020    0.0000    0.0393
    0.0716    0.0000    0.0344    0.0462    0.0000    0.0286
    0.0262    0.0000    0.0222    0.0117    0.0000    0.0153
    0.0029    0.0000    0.0079    0.0000    0.0000    0.0000
    0.0029    0.0000   -0.0079    0.0117    0.0000   -0.0153
    0.0262    0.0000   -0.0222    0.0462    0.0000   -0.0286
    0.0716    0.0000   -0.0344    0.1020    0.0000   -0.0393
    0.1370    0.0000   -0.0434    0.1763    0.0000   -0.0465
    0.2194    0.0000   -0.0486    0.2658    0.0000   -0.0498
    0.3149    0.0000   -0.0500    0.3662    0.0000   -0.0492
    0.4191    0.0000   -0.0477    0.4729    0.0000   -0.0454
    0.5271    0.0000   -0.0425    0.5809    0.0000   -0.0392
    0.6338    0.0000   -0.0355    0.6851    0.0000   -0.0315
    0.7342    0.0000   -0.0274    0.7806    0.0000   -0.0232
    0.8237    0.0000   -0.0192    0.8630    0.0000   -0.0152
    0.8980    0.0000   -0.0116    0.9284    0.0000   -0.0083
    0.9538    0.0000   -0.0054    0.9738    0.0000   -0.0031
    0.9883    0.0000   -0.0014    0.9971    0.0000   -0.0004
    1.0000    0.0000    0.0000
    1.0000    0.1034    0.0000    0.9971    0.1034    0.0003
    0.9883    0.1034    0.0013    0.9738    0.1034    0.0029
    0.9537    0.1034    0.0050    0.9284    0.1034    0.0077
    0.8980    0.1034    0.0107    0.8629    0.1034    0.0141
    0.8235    0.1034    0.0177    0.7804    0.1034    0.0214
    0.7340    0.1034    0.0252    0.6848    0.1034    0.0289
    0.6335    0.1034    0.0324    0.5806    0.1034    0.0357
    0.5267    0.1034    0.0386    0.4726    0.1034    0.0410
    0.4187    0.1034    0.0428    0.3658    0.1034    0.0439
    0.3145    0.1034    0.0442    0.2654    0.1034    0.0436
    0.2190    0.1034    0.0421    0.1759    0.1034    0.0396
    0.1367    0.1034    0.0361    0.1017    0.1034    0.0318
    0.0713    0.1034    0.0266    0.0460    0.1034    0.0206
    0.0260    0.1034    0.0141    0.0116    0.1034    0.0070
    0.0029    0.1034   -0.0005    0.0000    0.1034   -0.0084
    0.0030    0.1034   -0.0162    0.0119    0.1034   -0.0236
    0.0264    0.1034   -0.0304    0.0465    0.1034   -0.0366
    0.0719    0.1034   -0.0422    0.1023    0.1034   -0.0468
    0.1374    0.1034   -0.0506    0.1767    0.1034   -0.0534
    0.2198    0.1034   -0.0552    0.2662    0.1034   -0.0559
    0.3154    0.1034   -0.0557    0.3667    0.1034   -0.0546
    0.4195    0.1034   -0.0526    0.4733    0.1034   -0.0498
    0.5274    0.1034   -0.0465    0.5812    0.1034   -0.0427
    0.6341    0.1034   -0.0385    0.6853    0.1034   -0.0341
    0.7344    0.1034   -0.0296    0.7808    0.1034   -0.0251
    0.8239    0.1034   -0.0206    0.8631    0.1034   -0.0164
    0.8981    0.1034   -0.0124    0.9285    0.1034   -0.0089
    0.9538    0.1034   -0.0058    0.9739    0.1034   -0.0033
    0.9883    0.1034   -0.0015    0.9971    0.1034   -0.0004
    1.0000    0.1034    0.0000
    1.0000    0.2069    0.0000    0.9971    0.2069    0.0003
    0.9883    0.2069    0.0013    0.9738    0.2069    0.0028
    0.9537    0.2069    0.0049    0.9283    0.2069    0.0075
    0.8979    0.2069    0.0105    0.8628    0.2069    0.0138
    0.8235    0.2069    0.0173    0.7804    0.2069    0.0209
    0.7339    0.2069    0.0245    0.6847    0.2069    0.0281
    0.6334    0.2069    0.0315    0.5805    0.2069    0.0347
    0.5266    0.2069    0.0374    0.4725    0.2069    0.0397
    0.4186    0.2069    0.0414    0.3657    0.2069    0.0424
    0.3144    0.2069    0.0426    0.2653    0.2069    0.0419
    0.2189    0.2069    0.0402    0.1759    0.2069    0.0376
    0.1366    0.2069    0.0341    0.1016    0.2069    0.0296
    0.0713    0.2069    0.0243    0.0460    0.2069    0.0184
    0.0260    0.2069    0.0118    0.0116    0.2069    0.0046
    0.0029    0.2069   -0.0029    0.0001    0.2069   -0.0108
    0.0031    0.2069   -0.0186    0.0119    0.2069   -0.0259
    0.0265    0.2069   -0.0327    0.0466    0.2069   -0.0389
    0.0720    0.2069   -0.0444    0.1024    0.2069   -0.0490
    0.1375    0.2069   -0.0527    0.1769    0.2069   -0.0554
    0.2200    0.2069   -0.0570    0.2664    0.2069   -0.0577
    0.3155    0.2069   -0.0573    0.3668    0.2069   -0.0561
    0.4197    0.2069   -0.0539    0.4735    0.2069   -0.0511
    0.5276    0.2069   -0.0476    0.5813    0.2069   -0.0437
    0.6342    0.2069   -0.0394    0.6854    0.2069   -0.0349
    0.7345    0.2069   -0.0303    0.7809    0.2069   -0.0256
    0.8239    0.2069   -0.0211    0.8632    0.2069   -0.0167
    0.8982    0.2069   -0.0127    0.9285    0.2069   -0.0091
    0.9538    0.2069   -0.0059    0.9739    0.2069   -0.0034
    0.9883    0.2069   -0.0015    0.9971    0.2069   -0.0004
    1.0000    0.2069    0.0000
    1.0000    0.3103    0.0000    0.9971    0.3103    0.0003
    0.9883    0.3103    0.0013    0.9738    0.3103    0.0028
    0.9537    0.3103    0.0049    0.9283    0.3103    0.0074
    0.8979    0.3103    0.0103    0.8628    0.3103    0.0136
    0.8235    0.3103    0.0170    0.7803    0.3103    0.0206
    0.7339    0.3103    0.0241    0.6847    0.3103    0.0276
    0.6334    0.3103    0.0310    0.5804    0.3103    0.0341
    0.5266    0.3103    0.0368    0.4724    0.3103    0.0390
    0.4186    0.3103    0.0406    0.3657    0.3103    0.0415
    0.3144    0.3103    0.0416    0.2652    0.3103    0.0408
    0.2189    0.3103    0.0391    0.1758    0.3103    0.0364
    0.1365    0.3103    0.0328    0.1015    0.3103    0.0283
    0.0712    0.3103    0.0230    0.0459    0.3103    0.0170
    0.0260    0.3103    0.0103    0.0116    0.3103    0.0032
    0.0029    0.3103   -0.0043    0.0001    0.3103   -0.0122
    0.0031    0.3103   -0.0200    0.0120    0.3103   -0.0274
    0.0265    0.3103   -0.0341    0.0466    0.3103   -0.0403
    0.0721    0.3103   -0.0457    0.1025    0.3103   -0.0503
    0.1376    0.3103   -0.0539    0.1769    0.3103   -0.0566
    0.2201    0.3103   -0.0582    0.2665    0.3103   -0.0587
    0.3156    0.3103   -0.0583    0.3669    0.3103   -0.0570
    0.4197    0.3103   -0.0548    0.4735    0.3103   -0.0519
    0.5276    0.3103   -0.0483    0.5814    0.3103   -0.0443
    0.6342    0.3103   -0.0399    0.6855    0.3103   -0.0353
    0.7346    0.3103   -0.0306    0.7809    0.3103   -0.0259
    0.8239    0.3103   -0.0213    0.8632    0.3103   -0.0169
    0.8982    0.3103   -0.0128    0.9285    0.3103   -0.0092
    0.9539    0.3103   -0.0060    0.9739    0.3103   -0.0034
    0.9883    0.3103   -0.0015    0.9971    0.3103   -0.0004
    1.0000    0.3103    0.0000
    1.0000    0.4138    0.0000    0.9971    0.4138    0.0003
    0.9883    0.4138    0.0013    0.9738    0.4138    0.0028
    0.9537    0.4138    0.0048    0.9283    0.4138    0.0073
    0.8979    0.4138    0.0102    0.8628    0.4138    0.0134
    0.8235    0.4138    0.0168    0.7803    0.4138    0.0203
    0.7339    0.4138    0.0239    0.6847    0.4138    0.0273
    0.6333    0.4138    0.0306    0.5804    0.4138    0.0337
    0.5265    0.4138    0.0363    0.4724    0.4138    0.0385
    0.4185    0.4138    0.0400    0.3656    0.4138    0.0409
    0.3143    0.4138    0.0409    0.2652    0.4138    0.0401
    0.2188    0.4138    0.0383    0.1758    0.4138    0.0356
    0.1365    0.4138    0.0320    0.1015    0.4138    0.0274
    0.0712    0.4138    0.0221    0.0459    0.4138    0.0160
    0.0260    0.4138    0.0094    0.0116    0.4138    0.0022
    0.0029    0.4138   -0.0053    0.0001    0.4138   -0.0132
    0.0031    0.4138   -0.0210    0.0120    0.4138   -0.0283
    0.0266    0.4138   -0.0351    0.0467    0.4138   -0.0412
    0.0721    0.4138   -0.0466    0.1026    0.4138   -0.0511
    0.1377    0.4138   -0.0548    0.1770    0.4138   -0.0574
    0.2201    0.4138   -0.0589    0.2665    0.4138   -0.0595
    0.3157    0.4138   -0.0590    0.3669    0.4138   -0.0576
    0.4198    0.4138   -0.0554    0.4736    0.4138   -0.0524
    0.5277    0.4138   -0.0488    0.5814    0.4138   -0.0447
    0.6343    0.4138   -0.0403    0.6855    0.4138   -0.0357
    0.7346    0.4138   -0.0309    0.7809    0.4138   -0.0261
    0.8240    0.4138   -0.0215    0.8632    0.4138   -0.0170
    0.8982    0.4138   -0.0129    0.9285    0.4138   -0.0092
    0.9539    0.4138   -0.0060    0.9739    0.4138   -0.0035
    0.9883    0.4138   -0.0016    0.9971    0.4138   -0.0004
    1.0000    0.4138    0.0000
    1.0000    0.5172    0.0000    0.9971    0.5172    0.0003
    0.9883    0.5172    0.0012    0.9738    0.5172    0.0028
    0.9537    0.5172    0.0048    0.9283    0.5172    0.0073
    0.8979    0.5172    0.0102    0.8628    0.5172    0.0133
    0.8234    0.5172    0.0167    0.7803    0.5172    0.0202
    0.7338    0.5172    0.0237    0.6847    0.5172    0.0271
    0.6333    0.5172    0.0304    0.5804    0.5172    0.0334
    0.5265    0.5172    0.0360    0.4723    0.5172    0.0381
    0.4185    0.5172    0.0396    0.3656    0.5172    0.0404
    0.3143    0.5172    0.0404    0.2652    0.5172    0.0396
    0.2188    0.5172    0.0378    0.1757    0.5172    0.0350
    0.1365    0.5172    0.0314    0.1015    0.5172    0.0268
    0.0712    0.5172    0.0214    0.0459    0.5172    0.0154
    0.0260    0.5172    0.0087    0.0116    0.5172    0.0015
    0.0029    0.5172   -0.0060    0.0001    0.5172   -0.0139
    0.0031    0.5172   -0.0217    0.0120    0.5172   -0.0290
    0.0266    0.5172   -0.0358    0.0467    0.5172   -0.0419
    0.0721    0.5172   -0.0473    0.1026    0.5172   -0.0518
    0.1377    0.5172   -0.0554    0.1770    0.5172   -0.0579
    0.2202    0.5172   -0.0595    0.2666    0.5172   -0.0600
    0.3157    0.5172   -0.0595    0.3670    0.5172   -0.0580
    0.4198    0.5172   -0.0558    0.4736    0.5172   -0.0527
    0.5277    0.5172   -0.0491    0.5815    0.5172   -0.0450
    0.6343    0.5172   -0.0406    0.6855    0.5172   -0.0359
    0.7346    0.5172   -0.0311    0.7809    0.5172   -0.0263
    0.8240    0.5172   -0.0216    0.8632    0.5172   -0.0171
    0.8982    0.5172   -0.0130    0.9286    0.5172   -0.0093
    0.9539    0.5172   -0.0061    0.9739    0.5172   -0.0035
    0.9883    0.5172   -0.0016    0.9971    0.5172   -0.0004
    1.0000    0.5172    0.0000
    1.0000    0.6207    0.0000    0.9971    0.6207    0.0003
    0.9883    0.6207    0.0012    0.9738    0.6207    0.0027
    0.9537    0.6207    0.0048    0.9283    0.6207    0.0073
    0.8979    0.6207    0.0101    0.8628    0.6207    0.0133
    0.8234    0.6207    0.0166    0.7803    0.6207    0.0201
    0.7338    0.6207    0.0235    0.6846    0.6207    0.0269
    0.6333    0.6207    0.0302    0.5804    0.6207    0.0331
    0.5265    0.6207    0.0357    0.4723    0.6207    0.0378
    0.4185    0.6207    0.0393    0.3656    0.6207    0.0401
    0.3143    0.6207    0.0401    0.2652    0.6207    0.0392
    0.2188    0.6207    0.0374    0.1757    0.6207    0.0346
    0.1365    0.6207    0.0309    0.1015    0.6207    0.0263
    0.0712    0.6207    0.0209    0.0459    0.6207    0.0149
    0.0260    0.6207    0.0082    0.0116    0.6207    0.0010
    0.0029    0.6207   -0.0065    0.0001    0.6207   -0.0144
    0.0031    0.6207   -0.0222    0.0120    0.6207   -0.0296
    0.0266    0.6207   -0.0363    0.0467    0.6207   -0.0424
    0.0722    0.6207   -0.0478    0.1026    0.6207   -0.0523
    0.1377    0.6207   -0.0558    0.1771    0.6207   -0.0584
    0.2202    0.6207   -0.0599    0.2666    0.6207   -0.0604
    0.3157    0.6207   -0.0598    0.3670    0.6207   -0.0584
    0.4199    0.6207   -0.0561    0.4736    0.6207   -0.0530
    0.5277    0.6207   -0.0494    0.5815    0.6207   -0.0452
    0.6343    0.6207   -0.0408    0.6856    0.6207   -0.0360
    0.7346    0.6207   -0.0312    0.7810    0.6207   -0.0264
    0.8240    0.6207   -0.0217    0.8632    0.6207   -0.0172
    0.8982    0.6207   -0.0131    0.9286    0.6207   -0.0093
    0.9539    0.6207   -0.0061    0.9739    0.6207   -0.0035
    0.9883    0.6207   -0.0016    0.9971    0.6207   -0.0004
    1.0000    0.6207    0.0000
    1.0000    0.7241    0.0000    0.9971    0.7241    0.0003
    0.9883    0.7241    0.0012    0.9738    0.7241    0.0027
    0.9537    0.7241    0.0047    0.9283    0.7241    0.0072
    0.8979    0.7241    0.0101    0.8628    0.7241    0.0132
    0.8234    0.7241    0.0165    0.7803    0.7241    0.0200
    0.7338    0.7241    0.0234    0.6846    0.7241    0.0268
    0.6333    0.7241    0.0300    0.5804    0.7241    0.0330
    0.5265    0.7241    0.0355    0.4723    0.7241    0.0376
    0.4185    0.7241    0.0391    0.3656    0.7241    0.0398
    0.3143    0.7241    0.0398    0.2651    0.7241    0.0389
    0.2188    0.7241    0.0370    0.1757    0.7241    0.0343
    0.1365    0.7241    0.0305    0.1015    0.7241    0.0260
    0.0712    0.7241    0.0206    0.0459    0.7241    0.0145
    0.0260    0.7241    0.0078    0.0116    0.7241    0.0006
    0.0029    0.7241   -0.0069    0.0001    0.7241   -0.0148
    0.0032    0.7241   -0.0226    0.0120    0.7241   -0.0300
    0.0266    0.7241   -0.0367    0.0467    0.7241   -0.0428
    0.0722    0.7241   -0.0481    0.1026    0.7241   -0.0526
    0.1377    0.7241   -0.0562    0.1771    0.7241   -0.0587
    0.2202    0.7241   -0.0602    0.2666    0.7241   -0.0607
    0.3157    0.7241   -0.0601    0.3670    0.7241   -0.0586
    0.4199    0.7241   -0.0563    0.4737    0.7241   -0.0532
    0.5278    0.7241   -0.0496    0.5815    0.7241   -0.0454
    0.6343    0.7241   -0.0409    0.6856    0.7241   -0.0362
    0.7346    0.7241   -0.0313    0.7810    0.7241   -0.0265
    0.8240    0.7241   -0.0218    0.8632    0.7241   -0.0173
    0.8982    0.7241   -0.0131    0.9286    0.7241   -0.0093
    0.9539    0.7241   -0.0061    0.9739    0.7241   -0.0035
    0.9883    0.7241   -0.0016    0.9971    0.7241   -0.0004
    1.0000    0.7241    0.0000
    1.0000    0.8276    0.0000    0.9971    0.8276    0.0003
    0.9883    0.8276    0.0012    0.9738    0.8276    0.0027
    0.9537    0.8276    0.0047    0.9283    0.8276    0.0072
    0.8979    0.8276    0.0100    0.8628    0.8276    0.0132
    0.8234    0.8276    0.0165    0.7803    0.8276    0.0199
    0.7338    0.8276    0.0234    0.6846    0.8276    0.0267
    0.6333    0.8276    0.0299    0.5803    0.8276    0.0328
    0.5265    0.8276    0.0354    0.4723    0.8276    0.0374
    0.4185    0.8276    0.0389    0.3656    0.8276    0.0396
    0.3143    0.8276    0.0396    0.2651    0.8276    0.0386
    0.2188    0.8276    0.0368    0.1757    0.8276    0.0340
    0.1364    0.8276    0.0303    0.1015    0.8276    0.0257
    0.0712    0.8276    0.0203    0.0459    0.8276    0.0142
    0.0259    0.8276    0.0075    0.0116    0.8276    0.0003
    0.0029    0.8276   -0.0073    0.0001    0.8276   -0.0152
    0.0032    0.8276   -0.0230    0.0120    0.8276   -0.0303
    0.0266    0.8276   -0.0370    0.0468    0.8276   -0.0431
    0.0722    0.8276   -0.0484    0.1027    0.8276   -0.0529
    0.1378    0.8276   -0.0564    0.1771    0.8276   -0.0590
    0.2202    0.8276   -0.0605    0.2666    0.8276   -0.0609
    0.3158    0.8276   -0.0603    0.3671    0.8276   -0.0588
    0.4199    0.8276   -0.0565    0.4737    0.8276   -0.0534
    0.5278    0.8276   -0.0497    0.5815    0.8276   -0.0455
    0.6343    0.8276   -0.0410    0.6856    0.8276   -0.0363
    0.7346    0.8276   -0.0314    0.7810    0.8276   -0.0266
    0.8240    0.8276   -0.0218    0.8632    0.8276   -0.0173
    0.8982    0.8276   -0.0131    0.9286    0.8276   -0.0094
    0.9539    0.8276   -0.0061    0.9739    0.8276   -0.0035
    0.9883    0.8276   -0.0016    0.9971    0.8276   -0.0004
    1.0000    0.8276    0.0000
    1.0000    0.9310    0.0000    0.9971    0.9310    0.0003
    0.9883    0.9310    0.0012    0.9738    0.9310    0.0027
    0.9537    0.9310    0.0047    0.9283    0.9310    0.0072
    0.8979    0.9310    0.0100    0.8628    0.9310    0.0131
    0.8234    0.9310    0.0164    0.7803    0.9310    0.0199
    0.7338    0.9310    0.0233    0.6846    0.9310    0.0266
    0.6333    0.9310    0.0298    0.5803    0.9310    0.0327
    0.5265    0.9310    0.0353    0.4723    0.9310    0.0373
    0.4184    0.9310    0.0387    0.3656    0.9310    0.0395
    0.3142    0.9310    0.0394    0.2651    0.9310    0.0385
    0.2187    0.9310    0.0366    0.1757    0.9310    0.0338
    0.1364    0.9310    0.0301    0.1015    0.9310    0.0255
    0.0712    0.9310    0.0200    0.0459    0.9310    0.0139
    0.0259    0.9310    0.0072    0.0116    0.9310    0.0001
    0.0029    0.9310   -0.0075    0.0001    0.9310   -0.0154
    0.0032    0.9310   -0.0232    0.0120    0.9310   -0.0305
    0.0266    0.9310   -0.0373    0.0468    0.9310   -0.0433
    0.0722    0.9310   -0.0487    0.1027    0.9310   -0.0531
    0.1378    0.9310   -0.0567    0.1771    0.9310   -0.0592
    0.2202    0.9310   -0.0607    0.2666    0.9310   -0.0611
    0.3158    0.9310   -0.0605    0.3671    0.9310   -0.0590
    0.4199    0.9310   -0.0566    0.4737    0.9310   -0.0535
    0.5278    0.9310   -0.0498    0.5815    0.9310   -0.0456
    0.6344    0.9310   -0.0411    0.6856    0.9310   -0.0363
    0.7347    0.9310   -0.0315    0.7810    0.9310   -0.0266
    0.8240    0.9310   -0.0219    0.8632    0.9310   -0.0173
    0.8982    0.9310   -0.0132    0.9286    0.9310   -0.0094
    0.9539    0.9310   -0.0061    0.9739    0.9310   -0.0035
    0.9883    0.9310   -0.0016    0.9971    0.9310   -0.0004
    1.0000    0.9310    0.0000
    1.0000    1.0345    0.0000    0.9971    1.0345    0.0003
    0.9883    1.0345    0.0012    0.9738    1.0345    0.0027
    0.9537    1.0345    0.0047    0.9283    1.0345    0.0072
    0.8979    1.0345    0.0100    0.8628    1.0345    0.0131
    0.8234    1.0345    0.0164    0.7803    1.0345    0.0198
    0.7338    1.0345    0.0232    0.6846    1.0345    0.0266
    0.6333    1.0345    0.0297    0.5803    1.0345    0.0326
    0.5265    1.0345    0.0352    0.4723    1.0345    0.0372
    0.4184    1.0345    0.0386    0.3655    1.0345    0.0393
    0.3142    1.0345    0.0393    0.2651    1.0345    0.0383
    0.2187    1.0345    0.0364    0.1757    1.0345    0.0336
    0.1364    1.0345    0.0299    0.1014    1.0345    0.0253
    0.0711    1.0345    0.0199    0.0459    1.0345    0.0137
    0.0259    1.0345    0.0070    0.0116    1.0345   -0.0001
    0.0029    1.0345   -0.0077    0.0001    1.0345   -0.0156
    0.0032    1.0345   -0.0234    0.0120    1.0345   -0.0307
    0.0266    1.0345   -0.0374    0.0468    1.0345   -0.0435
    0.0722    1.0345   -0.0488    0.1027    1.0345   -0.0533
    0.1378    1.0345   -0.0568    0.1771    1.0345   -0.0593
    0.2203    1.0345   -0.0608    0.2667    1.0345   -0.0612
    0.3158    1.0345   -0.0607    0.3671    1.0345   -0.0591
    0.4199    1.0345   -0.0567    0.4737    1.0345   -0.0536
    0.5278    1.0345   -0.0499    0.5816    1.0345   -0.0457
    0.6344    1.0345   -0.0412    0.6856    1.0345   -0.0364
    0.7347    1.0345   -0.0315    0.7810    1.0345   -0.0267
    0.8240    1.0345   -0.0219    0.8633    1.0345   -0.0174
    0.8982    1.0345   -0.0132    0.9286    1.0345   -0.0094
    0.9539    1.0345   -0.0062    0.9739    1.0345   -0.0035
    0.9883    1.0345   -0.0016    0.9971    1.0345   -0.0004
    1.0000    1.0345    0.0000
    1.0000    1.1379    0.0000    0.9971    1.1379    0.0003
    0.9883    1.1379    0.0012    0.9738    1.1379    0.0027
    0.9537    1.1379    0.0047    0.9283    1.1379    0.0072
    0.8979    1.1379    0.0100    0.8628    1.1379    0.0131
    0.8234    1.1379    0.0164    0.7803    1.1379    0.0198
    0.7338    1.1379    0.0232    0.6846    1.1379    0.0265
    0.6332    1.1379    0.0297    0.5803    1.1379    0.0326
    0.5265    1.1379    0.0351    0.4723    1.1379    0.0371
    0.4184    1.1379    0.0385    0.3655    1.1379    0.0392
    0.3142    1.1379    0.0391    0.2651    1.1379    0.0382
    0.2187    1.1379    0.0363    0.1757    1.1379    0.0335
    0.1364    1.1379    0.0297    0.1014    1.1379    0.0251
    0.0711    1.1379    0.0197    0.0459    1.1379    0.0136
    0.0259    1.1379    0.0069    0.0116    1.1379   -0.0003
    0.0029    1.1379   -0.0079    0.0001    1.1379   -0.0158
    0.0032    1.1379   -0.0236    0.0121    1.1379   -0.0309
    0.0266    1.1379   -0.0376    0.0468    1.1379   -0.0437
    0.0722    1.1379   -0.0490    0.1027    1.1379   -0.0535
    0.1378    1.1379   -0.0570    0.1771    1.1379   -0.0595
    0.2203    1.1379   -0.0609    0.2667    1.1379   -0.0614
    0.3158    1.1379   -0.0608    0.3671    1.1379   -0.0592
    0.4199    1.1379   -0.0569    0.4737    1.1379   -0.0537
    0.5278    1.1379   -0.0500    0.5816    1.1379   -0.0458
    0.6344    1.1379   -0.0412    0.6856    1.1379   -0.0365
    0.7347    1.1379   -0.0316    0.7810    1.1379   -0.0267
    0.8240    1.1379   -0.0219    0.8633    1.1379   -0.0174
    0.8982    1.1379   -0.0132    0.9286    1.1379   -0.0094
    0.9539    1.1379   -0.0062    0.9739    1.1379   -0.0035
    0.9883    1.1379   -0.0016    0.9971    1.1379   -0.0004
    1.0000    1.1379    0.0000
    1.0000    1.2414    0.0000    0.9971    1.2414    0.0003
    0.9883    1.2414    0.0012    0.9738    1.2414    0.0027
    0.9537    1.2414    0.0047    0.9283    1.2414    0.0071
    0.8979    1.2414    0.0100    0.8628    1.2414    0.0131
    0.8234    1.2414    0.0163    0.7803    1.2414    0.0197
    0.7338    1.2414    0.0231    0.6846    1.2414    0.0265
    0.6332    1.2414    0.0296    0.5803    1.2414    0.0325
    0.5265    1.2414    0.0350    0.4723    1.2414    0.0370
    0.4184    1.2414    0.0384    0.3655    1.2414    0.0391
    0.3142    1.2414    0.0390    0.2651    1.2414    0.0381
    0.2187    1.2414    0.0362    0.1757    1.2414    0.0334
    0.1364    1.2414    0.0296    0.1014    1.2414    0.0250
    0.0711    1.2414    0.0196    0.0459    1.2414    0.0134
    0.0259    1.2414    0.0067    0.0116    1.2414   -0.0005
    0.0029    1.2414   -0.0080    0.0001    1.2414   -0.0159
    0.0032    1.2414   -0.0237    0.0121    1.2414   -0.0310
    0.0267    1.2414   -0.0378    0.0468    1.2414   -0.0438
    0.0722    1.2414   -0.0492    0.1027    1.2414   -0.0536
    0.1378    1.2414   -0.0571    0.1772    1.2414   -0.0596
    0.2203    1.2414   -0.0611    0.2667    1.2414   -0.0615
    0.3158    1.2414   -0.0609    0.3671    1.2414   -0.0593
    0.4199    1.2414   -0.0569    0.4737    1.2414   -0.0538
    0.5278    1.2414   -0.0501    0.5816    1.2414   -0.0459
    0.6344    1.2414   -0.0413    0.6856    1.2414   -0.0365
    0.7347    1.2414   -0.0316    0.7810    1.2414   -0.0267
    0.8240    1.2414   -0.0220    0.8633    1.2414   -0.0174
    0.8982    1.2414   -0.0132    0.9286    1.2414   -0.0094
    0.9539    1.2414   -0.0062    0.9739    1.2414   -0.0035
    0.9883    1.2414   -0.0016    0.9971    1.2414   -0.0004
    1.0000    1.2414    0.0000
    1.0000    1.3448    0.0000    0.9971    1.3448    0.0003
    0.9883    1.3448    0.0012    0.9738    1.3448    0.0027
    0.9537    1.3448    0.0047    0.9283    1.3448    0.0071
    0.8979    1.3448    0.0099    0.8628    1.3448    0.0130
    0.8234    1.3448    0.0163    0.7802    1.3448    0.0197
    0.7338    1.3448    0.0231    0.6846    1.3448    0.0264
    0.6332    1.3448    0.0296    0.5803    1.3448    0.0324
    0.5264    1.3448    0.0349    0.4723    1.3448    0.0369
    0.4184    1.3448    0.0383    0.3655    1.3448    0.0390
    0.3142    1.3448    0.0389    0.2651    1.3448    0.0380
    0.2187    1.3448    0.0361    0.1757    1.3448    0.0332
    0.1364    1.3448    0.0295    0.1014    1.3448    0.0248
    0.0711    1.3448    0.0194    0.0459    1.3448    0.0133
    0.0259    1.3448    0.0066    0.0116    1.3448   -0.0006
    0.0029    1.3448   -0.0082    0.0001    1.3448   -0.0161
    0.0032    1.3448   -0.0239    0.0121    1.3448   -0.0312
    0.0267    1.3448   -0.0379    0.0468    1.3448   -0.0440
    0.0722    1.3448   -0.0493    0.1027    1.3448   -0.0537
    0.1378    1.3448   -0.0572    0.1772    1.3448   -0.0597
    0.2203    1.3448   -0.0612    0.2667    1.3448   -0.0616
    0.3158    1.3448   -0.0610    0.3671    1.3448   -0.0594
    0.4200    1.3448   -0.0570    0.4737    1.3448   -0.0539
    0.5278    1.3448   -0.0501    0.5816    1.3448   -0.0459
    0.6344    1.3448   -0.0414    0.6856    1.3448   -0.0366
    0.7347    1.3448   -0.0317    0.7810    1.3448   -0.0268
    0.8240    1.3448   -0.0220    0.8633    1.3448   -0.0174
    0.8982    1.3448   -0.0132    0.9286    1.3448   -0.0094
    0.9539    1.3448   -0.0062    0.9739    1.3448   -0.0035
    0.9883    1.3448   -0.0016    0.9971    1.3448   -0.0004
    1.0000    1.3448    0.0000
    1.0000    1.4483    0.0000    0.9971    1.4483    0.0003
    0.9883    1.4483    0.0012    0.9738    1.4483    0.0027
    0.9537    1.4483    0.0047    0.9283    1.4483    0.0071
    0.8979    1.4483    0.0099    0.8628    1.4483    0.0130
    0.8234    1.4483    0.0163    0.7802    1.4483    0.0197
    0.7338    1.4483    0.0231    0.6846    1.4483    0.0264
    0.6332    1.4483    0.0295    0.5803    1.4483    0.0324
    0.5264    1.4483    0.0349    0.4723    1.4483    0.0369
    0.4184    1.4483    0.0383    0.3655    1.4483    0.0389
    0.3142    1.4483    0.0388    0.2651    1.4483    0.0379
    0.2187    1.4483    0.0360    0.1757    1.4483    0.0331
    0.1364    1.4483    0.0294    0.1014    1.4483    0.0247
    0.0711    1.4483    0.0193    0.0459    1.4483    0.0132
    0.0259    1.4483    0.0064    0.0116    1.4483   -0.0008
    0.0029    1.4483   -0.0083    0.0001    1.4483   -0.0162
    0.0032    1.4483   -0.0240    0.0121    1.4483   -0.0313
    0.0267    1.4483   -0.0381    0.0468    1.4483   -0.0441
    0.0723    1.4483   -0.0494    0.1027    1.4483   -0.0539
    0.1378    1.4483   -0.0574    0.1772    1.4483   -0.0599
    0.2203    1.4483   -0.0613    0.2667    1.4483   -0.0617
    0.3158    1.4483   -0.0611    0.3671    1.4483   -0.0595
    0.4200    1.4483   -0.0571    0.4737    1.4483   -0.0540
    0.5278    1.4483   -0.0502    0.5816    1.4483   -0.0460
    0.6344    1.4483   -0.0414    0.6856    1.4483   -0.0366
    0.7347    1.4483   -0.0317    0.7810    1.4483   -0.0268
    0.8240    1.4483   -0.0220    0.8633    1.4483   -0.0175
    0.8982    1.4483   -0.0132    0.9286    1.4483   -0.0094
    0.9539    1.4483   -0.0062    0.9739    1.4483   -0.0035
    0.9883    1.4483   -0.0016    0.9971    1.4483   -0.0004
    1.0000    1.4483    0.0000
    1.0000    1.5517    0.0000    0.9971    1.5517    0.0003
    0.9883    1.5517    0.0012    0.9738    1.5517    0.0027
    0.9537    1.5517    0.0047    0.9283    1.5517    0.0071
    0.8979    1.5517    0.0099    0.8628    1.5517    0.0130
    0.8234    1.5517    0.0163    0.7802    1.5517    0.0196
    0.7338    1.5517    0.0230    0.6846    1.5517    0.0263
    0.6332    1.5517    0.0295    0.5803    1.5517    0.0323
    0.5264    1.5517    0.0348    0.4723    1.5517    0.0368
    0.4184    1.5517    0.0382    0.3655    1.5517    0.0388
    0.3142    1.5517    0.0387    0.2651    1.5517    0.0377
    0.2187    1.5517    0.0358    0.1757    1.5517    0.0330
    0.1364    1.5517    0.0292    0.1014    1.5517    0.0246
    0.0711    1.5517    0.0191    0.0459    1.5517    0.0130
    0.0259    1.5517    0.0063    0.0116    1.5517   -0.0009
    0.0029    1.5517   -0.0085    0.0001    1.5517   -0.0164
    0.0032    1.5517   -0.0242    0.0121    1.5517   -0.0315
    0.0267    1.5517   -0.0382    0.0468    1.5517   -0.0443
    0.0723    1.5517   -0.0496    0.1027    1.5517   -0.0540
    0.1378    1.5517   -0.0575    0.1772    1.5517   -0.0600
    0.2203    1.5517   -0.0614    0.2667    1.5517   -0.0618
    0.3158    1.5517   -0.0612    0.3671    1.5517   -0.0596
    0.4200    1.5517   -0.0572    0.4737    1.5517   -0.0540
    0.5278    1.5517   -0.0503    0.5816    1.5517   -0.0461
    0.6344    1.5517   -0.0415    0.6856    1.5517   -0.0367
    0.7347    1.5517   -0.0317    0.7810    1.5517   -0.0268
    0.8240    1.5517   -0.0220    0.8633    1.5517   -0.0175
    0.8982    1.5517   -0.0133    0.9286    1.5517   -0.0095
    0.9539    1.5517   -0.0062    0.9739    1.5517   -0.0035
    0.9883    1.5517   -0.0016    0.9971    1.5517   -0.0004
    1.0000    1.5517    0.0000
    1.0000    1.6552    0.0000    0.9971    1.6552    0.0003
    0.9883    1.6552    0.0012    0.9738    1.6552    0.0027
    0.9537    1.6552    0.0047    0.9283    1.6552    0.0071
    0.8979    1.6552    0.0099    0.8628    1.6552    0.0130
    0.8234    1.6552    0.0162    0.7802    1.6552    0.0196
    0.7338    1.6552    0.0230    0.6846    1.6552    0.0263
    0.6332    1.6552    0.0294    0.5803    1.6552    0.0323
    0.5264    1.6552    0.0347    0.4723    1.6552    0.0367
    0.4184    1.6552    0.0381    0.3655    1.6552    0.0387
    0.3142    1.6552    0.0386    0.2651    1.6552    0.0376
    0.2187    1.6552    0.0357    0.1757    1.6552    0.0329
    0.1364    1.6552    0.0291    0.1014    1.6552    0.0244
    0.0711    1.6552    0.0190    0.0459    1.6552    0.0129
    0.0259    1.6552    0.0061    0.0116    1.6552   -0.0011
    0.0029    1.6552   -0.0086    0.0001    1.6552   -0.0165
    0.0032    1.6552   -0.0243    0.0121    1.6552   -0.0316
    0.0267    1.6552   -0.0384    0.0468    1.6552   -0.0444
    0.0723    1.6552   -0.0497    0.1027    1.6552   -0.0541
    0.1378    1.6552   -0.0576    0.1772    1.6552   -0.0601
    0.2203    1.6552   -0.0615    0.2667    1.6552   -0.0619
    0.3159    1.6552   -0.0613    0.3671    1.6552   -0.0597
    0.4200    1.6552   -0.0573    0.4738    1.6552   -0.0541
    0.5278    1.6552   -0.0504    0.5816    1.6552   -0.0461
    0.6344    1.6552   -0.0415    0.6856    1.6552   -0.0367
    0.7347    1.6552   -0.0318    0.7810    1.6552   -0.0269
    0.8240    1.6552   -0.0221    0.8633    1.6552   -0.0175
    0.8983    1.6552   -0.0133    0.9286    1.6552   -0.0095
    0.9539    1.6552   -0.0062    0.9739    1.6552   -0.0035
    0.9883    1.6552   -0.0016    0.9971    1.6552   -0.0004
    1.0000    1.6552    0.0000
    1.0000    1.7586    0.0000    0.9971    1.7586    0.0003
    0.9883    1.7586    0.0012    0.9738    1.7586    0.0027
    0.9537    1.7586    0.0047    0.9283    1.7586    0.0071
    0.8979    1.7586    0.0099    0.8628    1.7586    0.0129
    0.8234    1.7586    0.0162    0.7802    1.7586    0.0196
    0.7338    1.7586    0.0229    0.6846    1.7586    0.0262
    0.6332    1.7586    0.0293    0.5803    1.7586    0.0322
    0.5264    1.7586    0.0346    0.4722    1.7586    0.0366
    0.4184    1.7586    0.0380    0.3655    1.7586    0.0386
    0.3142    1.7586    0.0385    0.2651    1.7586    0.0375
    0.2187    1.7586    0.0356    0.1756    1.7586    0.0327
    0.1364    1.7586    0.0289    0.1014    1.7586    0.0243
    0.0711    1.7586    0.0188    0.0459    1.7586    0.0127
    0.0259    1.7586    0.0060    0.0116    1.7586   -0.0012
    0.0029    1.7586   -0.0088    0.0001    1.7586   -0.0167
    0.0032    1.7586   -0.0245    0.0121    1.7586   -0.0318
    0.0267    1.7586   -0.0385    0.0468    1.7586   -0.0446
    0.0723    1.7586   -0.0499    0.1027    1.7586   -0.0543
    0.1378    1.7586   -0.0578    0.1772    1.7586   -0.0603
    0.2203    1.7586   -0.0617    0.2667    1.7586   -0.0620
    0.3159    1.7586   -0.0614    0.3671    1.7586   -0.0598
    0.4200    1.7586   -0.0574    0.4738    1.7586   -0.0542
    0.5278    1.7586   -0.0504    0.5816    1.7586   -0.0462
    0.6344    1.7586   -0.0416    0.6856    1.7586   -0.0368
    0.7347    1.7586   -0.0318    0.7810    1.7586   -0.0269
    0.8240    1.7586   -0.0221    0.8633    1.7586   -0.0175
    0.8983    1.7586   -0.0133    0.9286    1.7586   -0.0095
    0.9539    1.7586   -0.0062    0.9739    1.7586   -0.0036
    0.9883    1.7586   -0.0016    0.9971    1.7586   -0.0004
    1.0000    1.7586    0.0000
    1.0000    1.8621    0.0000    0.9971    1.8621    0.0003
    0.9883    1.8621    0.0012    0.9738    1.8621    0.0027
    0.9537    1.8621    0.0047    0.9283    1.8621    0.0071
    0.8979    1.8621    0.0099    0.8628    1.8621    0.0129
    0.8234    1.8621    0.0162    0.7802    1.8621    0.0195
    0.7338    1.8621    0.0229    0.6846    1.8621    0.0262
    0.6332    1.8621    0.0293    0.5803    1.8621    0.0321
    0.5264    1.8621    0.0345    0.4722    1.8621    0.0365
    0.4184    1.8621    0.0379    0.3655    1.8621    0.0385
    0.3142    1.8621    0.0384    0.2651    1.8621    0.0374
    0.2187    1.8621    0.0354    0.1756    1.8621    0.0326
    0.1364    1.8621    0.0288    0.1014    1.8621    0.0241
    0.0711    1.8621    0.0187    0.0459    1.8621    0.0125
    0.0259    1.8621    0.0058    0.0116    1.8621   -0.0014
    0.0029    1.8621   -0.0090    0.0001    1.8621   -0.0169
    0.0032    1.8621   -0.0247    0.0121    1.8621   -0.0320
    0.0267    1.8621   -0.0387    0.0468    1.8621   -0.0448
    0.0723    1.8621   -0.0501    0.1027    1.8621   -0.0545
    0.1379    1.8621   -0.0580    0.1772    1.8621   -0.0604
    0.2203    1.8621   -0.0618    0.2667    1.8621   -0.0622
    0.3159    1.8621   -0.0615    0.3672    1.8621   -0.0599
    0.4200    1.8621   -0.0575    0.4738    1.8621   -0.0543
    0.5279    1.8621   -0.0505    0.5816    1.8621   -0.0463
    0.6344    1.8621   -0.0417    0.6856    1.8621   -0.0368
    0.7347    1.8621   -0.0319    0.7810    1.8621   -0.0269
    0.8240    1.8621   -0.0221    0.8633    1.8621   -0.0176
    0.8983    1.8621   -0.0133    0.9286    1.8621   -0.0095
    0.9539    1.8621   -0.0062    0.9739    1.8621   -0.0036
    0.9883    1.8621   -0.0016    0.9971    1.8621   -0.0004
    1.0000    1.8621    0.0000
    1.0000    1.9655    0.0000    0.9971    1.9655    0.0003
    0.9883    1.9655    0.0012    0.9738    1.9655    0.0027
    0.9537    1.9655    0.0046    0.9283    1.9655    0.0071
    0.8979    1.9655    0.0098    0.8628    1.9655    0.0129
    0.8234    1.9655    0.0161    0.7802    1.9655    0.0195
    0.7338    1.9655    0.0228    0.6846    1.9655    0.0261
    0.6332    1.9655    0.0292    0.5803    1.9655    0.0320
    0.5264    1.9655    0.0344    0.4722    1.9655    0.0364
    0.4184    1.9655    0.0377    0.3655    1.9655    0.0384
    0.3142    1.9655    0.0382    0.2651    1.9655    0.0372
    0.2187    1.9655    0.0352    0.1756    1.9655    0.0324
    0.1364    1.9655    0.0286    0.1014    1.9655    0.0239
    0.0711    1.9655    0.0184    0.0459    1.9655    0.0123
    0.0259    1.9655    0.0056    0.0116    1.9655   -0.0016
    0.0029    1.9655   -0.0092    0.0001    1.9655   -0.0171
    0.0032    1.9655   -0.0249    0.0121    1.9655   -0.0322
    0.0267    1.9655   -0.0389    0.0468    1.9655   -0.0450
    0.0723    1.9655   -0.0503    0.1028    1.9655   -0.0547
    0.1379    1.9655   -0.0581    0.1772    1.9655   -0.0606
    0.2204    1.9655   -0.0620    0.2668    1.9655   -0.0624
    0.3159    1.9655   -0.0617    0.3672    1.9655   -0.0601
    0.4200    1.9655   -0.0576    0.4738    1.9655   -0.0544
    0.5279    1.9655   -0.0506    0.5816    1.9655   -0.0464
    0.6344    1.9655   -0.0417    0.6857    1.9655   -0.0369
    0.7347    1.9655   -0.0319    0.7810    1.9655   -0.0270
    0.8240    1.9655   -0.0222    0.8633    1.9655   -0.0176
    0.8983    1.9655   -0.0133    0.9286    1.9655   -0.0095
    0.9539    1.9655   -0.0062    0.9739    1.9655   -0.0036
    0.9883    1.9655   -0.0016    0.9971    1.9655   -0.0004
    1.0000    1.9655    0.0000
    1.0000    2.0690    0.0000    0.9971    2.0690    0.0003
    0.9883    2.0690    0.0012    0.9738    2.0690    0.0027
    0.9537    2.0690    0.0046    0.9283    2.0690    0.0070
    0.8979    2.0690    0.0098    0.8628    2.0690    0.0129
    0.8234    2.0690    0.0161    0.7802    2.0690    0.0194
    0.7338    2.0690    0.0228    0.6846    2.0690    0.0260
    0.6332    2.0690    0.0291    0.5803    2.0690    0.0319
    0.5264    2.0690    0.0343    0.4722    2.0690    0.0362
    0.4184    2.0690    0.0376    0.3655    2.0690    0.0382
    0.3142    2.0690    0.0380    0.2650    2.0690    0.0370
    0.2187    2.0690    0.0351    0.1756    2.0690    0.0322
    0.1364    2.0690    0.0284    0.1014    2.0690    0.0237
    0.0711    2.0690    0.0182    0.0459    2.0690    0.0121
    0.0259    2.0690    0.0053    0.0116    2.0690   -0.0019
    0.0029    2.0690   -0.0095    0.0002    2.0690   -0.0174
    0.0032    2.0690   -0.0252    0.0121    2.0690   -0.0325
    0.0267    2.0690   -0.0392    0.0469    2.0690   -0.0452
    0.0723    2.0690   -0.0505    0.1028    2.0690   -0.0549
    0.1379    2.0690   -0.0584    0.1772    2.0690   -0.0608
    0.2204    2.0690   -0.0622    0.2668    2.0690   -0.0625
    0.3159    2.0690   -0.0619    0.3672    2.0690   -0.0602
    0.4200    2.0690   -0.0578    0.4738    2.0690   -0.0546
    0.5279    2.0690   -0.0508    0.5816    2.0690   -0.0465
    0.6344    2.0690   -0.0418    0.6857    2.0690   -0.0370
    0.7347    2.0690   -0.0320    0.7810    2.0690   -0.0271
    0.8241    2.0690   -0.0222    0.8633    2.0690   -0.0176
    0.8983    2.0690   -0.0134    0.9286    2.0690   -0.0095
    0.9539    2.0690   -0.0062    0.9739    2.0690   -0.0036
    0.9883    2.0690   -0.0016    0.9971    2.0690   -0.0004
    1.0000    2.0690    0.0000
    1.0000    2.1724    0.0000    0.9971    2.1724    0.0003
    0.9883    2.1724    0.0012    0.9738    2.1724    0.0027
    0.9537    2.1724    0.0046    0.9283    2.1724    0.0070
    0.8979    2.1724    0.0098    0.8627    2.1724    0.0128
    0.8234    2.1724    0.0160    0.7802    2.1724    0.0194
    0.7338    2.1724    0.0227    0.6846    2.1724    0.0259
    0.6332    2.1724    0.0290    0.5803    2.1724    0.0318
    0.5264    2.1724    0.0342    0.4722    2.1724    0.0361
    0.4184    2.1724    0.0374    0.3655    2.1724    0.0380
    0.3142    2.1724    0.0378    0.2650    2.1724    0.0368
    0.2187    2.1724    0.0348    0.1756    2.1724    0.0319
    0.1364    2.1724    0.0281    0.1014    2.1724    0.0234
    0.0711    2.1724    0.0179    0.0459    2.1724    0.0118
    0.0259    2.1724    0.0050    0.0116    2.1724   -0.0022
    0.0029    2.1724   -0.0098    0.0002    2.1724   -0.0177
    0.0032    2.1724   -0.0255    0.0121    2.1724   -0.0328
    0.0267    2.1724   -0.0395    0.0469    2.1724   -0.0455
    0.0723    2.1724   -0.0508    0.1028    2.1724   -0.0552
    0.1379    2.1724   -0.0586    0.1773    2.1724   -0.0610
    0.2204    2.1724   -0.0624    0.2668    2.1724   -0.0627
    0.3159    2.1724   -0.0621    0.3672    2.1724   -0.0604
    0.4200    2.1724   -0.0579    0.4738    2.1724   -0.0547
    0.5279    2.1724   -0.0509    0.5816    2.1724   -0.0466
    0.6344    2.1724   -0.0419    0.6857    2.1724   -0.0371
    0.7347    2.1724   -0.0321    0.7810    2.1724   -0.0271
    0.8241    2.1724   -0.0223    0.8633    2.1724   -0.0177
    0.8983    2.1724   -0.0134    0.9286    2.1724   -0.0095
    0.9539    2.1724   -0.0063    0.9739    2.1724   -0.0036
    0.9883    2.1724   -0.0016    0.9971    2.1724   -0.0004
    1.0000    2.1724    0.0000
    1.0000    2.2759    0.0000    0.9971    2.2759    0.0003
    0.9883    2.2759    0.0012    0.9738    2.2759    0.0026
    0.9537    2.2759    0.0046    0.9283    2.2759    0.0070
    0.8979    2.2759    0.0097    0.8627    2.2759    0.0128
    0.8234    2.2759    0.0160    0.7802    2.2759    0.0193
    0.7338    2.2759    0.0226    0.6846    2.2759    0.0258
    0.6332    2.2759    0.0289    0.5803    2.2759    0.0316
    0.5264    2.2759    0.0340    0.4722    2.2759    0.0359
    0.4183    2.2759    0.0372    0.3655    2.2759    0.0378
    0.3141    2.2759    0.0376    0.2650    2.2759    0.0366
    0.2187    2.2759    0.0346    0.1756    2.2759    0.0317
    0.1364    2.2759    0.0278    0.1014    2.2759    0.0231
    0.0711    2.2759    0.0176    0.0459    2.2759    0.0115
    0.0259    2.2759    0.0047    0.0116    2.2759   -0.0025
    0.0030    2.2759   -0.0101    0.0002    2.2759   -0.0180
    0.0032    2.2759   -0.0258    0.0121    2.2759   -0.0331
    0.0267    2.2759   -0.0398    0.0469    2.2759   -0.0458
    0.0723    2.2759   -0.0511    0.1028    2.2759   -0.0555
    0.1379    2.2759   -0.0589    0.1773    2.2759   -0.0613
    0.2204    2.2759   -0.0627    0.2668    2.2759   -0.0630
    0.3159    2.2759   -0.0623    0.3672    2.2759   -0.0606
    0.4201    2.2759   -0.0581    0.4738    2.2759   -0.0549
    0.5279    2.2759   -0.0511    0.5817    2.2759   -0.0467
    0.6345    2.2759   -0.0421    0.6857    2.2759   -0.0372
    0.7347    2.2759   -0.0322    0.7810    2.2759   -0.0272
    0.8241    2.2759   -0.0223    0.8633    2.2759   -0.0177
    0.8983    2.2759   -0.0134    0.9286    2.2759   -0.0096
    0.9539    2.2759   -0.0063    0.9739    2.2759   -0.0036
    0.9883    2.2759   -0.0016    0.9971    2.2759   -0.0004
    1.0000    2.2759    0.0000
    1.0000    2.3793    0.0000    0.9971    2.3793    0.0003
    0.9883    2.3793    0.0012    0.9738    2.3793    0.0026
    0.9537    2.3793    0.0046    0.9283    2.3793    0.0070
    0.8979    2.3793    0.0097    0.8627    2.3793    0.0127
    0.8234    2.3793    0.0159    0.7802    2.3793    0.0192
    0.7337    2.3793    0.0225    0.6845    2.3793    0.0257
    0.6332    2.3793    0.0287    0.5802    2.3793    0.0315
    0.5264    2.3793    0.0339    0.4722    2.3793    0.0357
    0.4183    2.3793    0.0370    0.3654    2.3793    0.0376
    0.3141    2.3793    0.0374    0.2650    2.3793    0.0363
    0.2186    2.3793    0.0343    0.1756    2.3793    0.0314
    0.1364    2.3793    0.0275    0.1014    2.3793    0.0228
    0.0711    2.3793    0.0173    0.0458    2.3793    0.0111
    0.0259    2.3793    0.0044    0.0116    2.3793   -0.0029
    0.0030    2.3793   -0.0105    0.0002    2.3793   -0.0184
    0.0032    2.3793   -0.0262    0.0121    2.3793   -0.0334
    0.0267    2.3793   -0.0401    0.0469    2.3793   -0.0462
    0.0724    2.3793   -0.0514    0.1028    2.3793   -0.0558
    0.1379    2.3793   -0.0592    0.1773    2.3793   -0.0616
    0.2204    2.3793   -0.0630    0.2668    2.3793   -0.0633
    0.3160    2.3793   -0.0625    0.3672    2.3793   -0.0609
    0.4201    2.3793   -0.0583    0.4739    2.3793   -0.0551
    0.5279    2.3793   -0.0512    0.5817    2.3793   -0.0469
    0.6345    2.3793   -0.0422    0.6857    2.3793   -0.0373
    0.7348    2.3793   -0.0323    0.7811    2.3793   -0.0273
    0.8241    2.3793   -0.0224    0.8633    2.3793   -0.0178
    0.8983    2.3793   -0.0135    0.9286    2.3793   -0.0096
    0.9539    2.3793   -0.0063    0.9739    2.3793   -0.0036
    0.9883    2.3793   -0.0016    0.9971    2.3793   -0.0004
    1.0000    2.3793    0.0000
    1.0000    2.4828    0.0000    0.9971    2.4828    0.0003
    0.9883    2.4828    0.0012    0.9738    2.4828    0.0026
    0.9537    2.4828    0.0046    0.9283    2.4828    0.0069
    0.8978    2.4828    0.0097    0.8627    2.4828    0.0127
    0.8234    2.4828    0.0158    0.7802    2.4828    0.0191
    0.7337    2.4828    0.0224    0.6845    2.4828    0.0256
    0.6332    2.4828    0.0286    0.5802    2.4828    0.0313
    0.5264    2.4828    0.0337    0.4722    2.4828    0.0355
    0.4183    2.4828    0.0368    0.3654    2.4828    0.0373
    0.3141    2.4828    0.0371    0.2650    2.4828    0.0360
    0.2186    2.4828    0.0340    0.1756    2.4828    0.0310
    0.1363    2.4828    0.0272    0.1014    2.4828    0.0224
    0.0711    2.4828    0.0169    0.0458    2.4828    0.0107
    0.0259    2.4828    0.0040    0.0116    2.4828   -0.0033
    0.0030    2.4828   -0.0109    0.0002    2.4828   -0.0188
    0.0033    2.4828   -0.0266    0.0122    2.4828   -0.0338
    0.0268    2.4828   -0.0405    0.0469    2.4828   -0.0465
    0.0724    2.4828   -0.0518    0.1028    2.4828   -0.0562
    0.1380    2.4828   -0.0596    0.1773    2.4828   -0.0619
    0.2205    2.4828   -0.0633    0.2669    2.4828   -0.0636
    0.3160    2.4828   -0.0628    0.3673    2.4828   -0.0611
    0.4201    2.4828   -0.0586    0.4739    2.4828   -0.0553
    0.5280    2.4828   -0.0514    0.5817    2.4828   -0.0471
    0.6345    2.4828   -0.0423    0.6857    2.4828   -0.0374
    0.7348    2.4828   -0.0324    0.7811    2.4828   -0.0274
    0.8241    2.4828   -0.0225    0.8633    2.4828   -0.0178
    0.8983    2.4828   -0.0135    0.9286    2.4828   -0.0096
    0.9539    2.4828   -0.0063    0.9739    2.4828   -0.0036
    0.9883    2.4828   -0.0016    0.9971    2.4828   -0.0004
    1.0000    2.4828    0.0000
    1.0000    2.5862    0.0000    0.9971    2.5862    0.0003
    0.9883    2.5862    0.0012    0.9738    2.5862    0.0026
    0.9537    2.5862    0.0045    0.9283    2.5862    0.0069
    0.8978    2.5862    0.0096    0.8627    2.5862    0.0126
    0.8234    2.5862    0.0158    0.7802    2.5862    0.0190
    0.7337    2.5862    0.0223    0.6845    2.5862    0.0254
    0.6331    2.5862    0.0284    0.5802    2.5862    0.0311
    0.5263    2.5862    0.0334    0.4722    2.5862    0.0353
    0.4183    2.5862    0.0365    0.3654    2.5862    0.0370
    0.3141    2.5862    0.0368    0.2650    2.5862    0.0356
    0.2186    2.5862    0.0336    0.1756    2.5862    0.0306
    0.1363    2.5862    0.0268    0.1014    2.5862    0.0220
    0.0711    2.5862    0.0165    0.0458    2.5862    0.0103
    0.0259    2.5862    0.0035    0.0116    2.5862   -0.0037
    0.0030    2.5862   -0.0113    0.0002    2.5862   -0.0192
    0.0033    2.5862   -0.0270    0.0122    2.5862   -0.0343
    0.0268    2.5862   -0.0410    0.0469    2.5862   -0.0470
    0.0724    2.5862   -0.0522    0.1029    2.5862   -0.0566
    0.1380    2.5862   -0.0600    0.1774    2.5862   -0.0623
    0.2205    2.5862   -0.0636    0.2669    2.5862   -0.0639
    0.3160    2.5862   -0.0631    0.3673    2.5862   -0.0614
    0.4201    2.5862   -0.0589    0.4739    2.5862   -0.0556
    0.5280    2.5862   -0.0516    0.5817    2.5862   -0.0472
    0.6345    2.5862   -0.0425    0.6857    2.5862   -0.0376
    0.7348    2.5862   -0.0325    0.7811    2.5862   -0.0275
    0.8241    2.5862   -0.0225    0.8633    2.5862   -0.0179
    0.8983    2.5862   -0.0135    0.9286    2.5862   -0.0097
    0.9539    2.5862   -0.0063    0.9739    2.5862   -0.0036
    0.9883    2.5862   -0.0016    0.9971    2.5862   -0.0004
    1.0000    2.5862    0.0000
    1.0000    2.6897    0.0000    0.9971    2.6897    0.0003
    0.9883    2.6897    0.0012    0.9738    2.6897    0.0026
    0.9537    2.6897    0.0045    0.9283    2.6897    0.0069
    0.8978    2.6897    0.0096    0.8627    2.6897    0.0125
    0.8233    2.6897    0.0157    0.7802    2.6897    0.0189
    0.7337    2.6897    0.0221    0.6845    2.6897    0.0253
    0.6331    2.6897    0.0282    0.5802    2.6897    0.0309
    0.5263    2.6897    0.0332    0.4721    2.6897    0.0350
    0.4183    2.6897    0.0362    0.3654    2.6897    0.0367
    0.3141    2.6897    0.0364    0.2650    2.6897    0.0353
    0.2186    2.6897    0.0332    0.1755    2.6897    0.0302
    0.1363    2.6897    0.0263    0.1014    2.6897    0.0215
    0.0711    2.6897    0.0160    0.0458    2.6897    0.0098
    0.0259    2.6897    0.0030    0.0116    2.6897   -0.0042
    0.0030    2.6897   -0.0119    0.0002    2.6897   -0.0198
    0.0033    2.6897   -0.0275    0.0122    2.6897   -0.0348
    0.0268    2.6897   -0.0415    0.0470    2.6897   -0.0475
    0.0724    2.6897   -0.0527    0.1029    2.6897   -0.0570
    0.1380    2.6897   -0.0604    0.1774    2.6897   -0.0628
    0.2205    2.6897   -0.0640    0.2669    2.6897   -0.0643
    0.3161    2.6897   -0.0635    0.3673    2.6897   -0.0617
    0.4202    2.6897   -0.0592    0.4739    2.6897   -0.0558
    0.5280    2.6897   -0.0519    0.5817    2.6897   -0.0475
    0.6345    2.6897   -0.0427    0.6858    2.6897   -0.0377
    0.7348    2.6897   -0.0326    0.7811    2.6897   -0.0276
    0.8241    2.6897   -0.0226    0.8633    2.6897   -0.0179
    0.8983    2.6897   -0.0136    0.9286    2.6897   -0.0097
    0.9539    2.6897   -0.0063    0.9739    2.6897   -0.0036
    0.9883    2.6897   -0.0016    0.9971    2.6897   -0.0004
    1.0000    2.6897    0.0000
    1.0000    2.7931    0.0000    0.9971    2.7931    0.0003
    0.9883    2.7931    0.0012    0.9738    2.7931    0.0026
    0.9537    2.7931    0.0045    0.9283    2.7931    0.0068
    0.8978    2.7931    0.0095    0.8627    2.7931    0.0125
    0.8233    2.7931    0.0156    0.7802    2.7931    0.0188
    0.7337    2.7931    0.0220    0.6845    2.7931    0.0251
    0.6331    2.7931    0.0280    0.5802    2.7931    0.0307
    0.5263    2.7931    0.0329    0.4721    2.7931    0.0347
    0.4183    2.7931    0.0359    0.3654    2.7931    0.0363
    0.3141    2.7931    0.0360    0.2649    2.7931    0.0348
    0.2186    2.7931    0.0327    0.1755    2.7931    0.0297
    0.1363    2.7931    0.0258    0.1013    2.7931    0.0210
    0.0711    2.7931    0.0155    0.0458    2.7931    0.0092
    0.0259    2.7931    0.0024    0.0116    2.7931   -0.0048
    0.0030    2.7931   -0.0124    0.0002    2.7931   -0.0203
    0.0033    2.7931   -0.0281    0.0122    2.7931   -0.0354
    0.0268    2.7931   -0.0420    0.0470    2.7931   -0.0480
    0.0725    2.7931   -0.0532    0.1029    2.7931   -0.0575
    0.1381    2.7931   -0.0609    0.1774    2.7931   -0.0632
    0.2206    2.7931   -0.0645    0.2670    2.7931   -0.0647
    0.3161    2.7931   -0.0639    0.3674    2.7931   -0.0621
    0.4202    2.7931   -0.0595    0.4740    2.7931   -0.0561
    0.5280    2.7931   -0.0522    0.5818    2.7931   -0.0477
    0.6346    2.7931   -0.0429    0.6858    2.7931   -0.0379
    0.7348    2.7931   -0.0328    0.7811    2.7931   -0.0277
    0.8241    2.7931   -0.0227    0.8633    2.7931   -0.0180
    0.8983    2.7931   -0.0137    0.9286    2.7931   -0.0097
    0.9539    2.7931   -0.0064    0.9739    2.7931   -0.0036
    0.9883    2.7931   -0.0016    0.9971    2.7931   -0.0004
    1.0000    2.7931    0.0000
    1.0000    2.8966    0.0000    0.9971    2.8966    0.0003
    0.9883    2.8966    0.0012    0.9738    2.8966    0.0026
    0.9537    2.8966    0.0045    0.9283    2.8966    0.0068
    0.8978    2.8966    0.0094    0.8627    2.8966    0.0124
    0.8233    2.8966    0.0155    0.7802    2.8966    0.0186
    0.7337    2.8966    0.0218    0.6845    2.8966    0.0249
    0.6331    2.8966    0.0278    0.5802    2.8966    0.0304
    0.5263    2.8966    0.0326    0.4721    2.8966    0.0344
    0.4182    2.8966    0.0355    0.3653    2.8966    0.0359
    0.3140    2.8966    0.0356    0.2649    2.8966    0.0344
    0.2186    2.8966    0.0322    0.1755    2.8966    0.0292
    0.1363    2.8966    0.0253    0.1013    2.8966    0.0205
    0.0711    2.8966    0.0149    0.0458    2.8966    0.0086
    0.0259    2.8966    0.0018    0.0116    2.8966   -0.0054
    0.0030    2.8966   -0.0131    0.0002    2.8966   -0.0210
    0.0033    2.8966   -0.0288    0.0122    2.8966   -0.0360
    0.0269    2.8966   -0.0427    0.0470    2.8966   -0.0486
    0.0725    2.8966   -0.0538    0.1030    2.8966   -0.0581
    0.1381    2.8966   -0.0615    0.1775    2.8966   -0.0638
    0.2206    2.8966   -0.0650    0.2670    2.8966   -0.0652
    0.3161    2.8966   -0.0643    0.3674    2.8966   -0.0625
    0.4202    2.8966   -0.0599    0.4740    2.8966   -0.0565
    0.5281    2.8966   -0.0525    0.5818    2.8966   -0.0480
    0.6346    2.8966   -0.0431    0.6858    2.8966   -0.0381
    0.7348    2.8966   -0.0330    0.7811    2.8966   -0.0278
    0.8241    2.8966   -0.0229    0.8633    2.8966   -0.0181
    0.8983    2.8966   -0.0137    0.9286    2.8966   -0.0098
    0.9539    2.8966   -0.0064    0.9739    2.8966   -0.0037
    0.9883    2.8966   -0.0017    0.9971    2.8966   -0.0004
    1.0000    2.8966    0.0000
    1.0000    3.0000    0.0000    0.9971    3.0000    0.0003
    0.9883    3.0000    0.0012    0.9738    3.0000    0.0025
    0.9537    3.0000    0.0044    0.9283    3.0000    0.0067
    0.8978    3.0000    0.0094    0.8627    3.0000    0.0123
    0.8233    3.0000    0.0153    0.7801    3.0000    0.0185
    0.7337    3.0000    0.0216    0.6845    3.0000    0.0247
    0.6331    3.0000    0.0275    0.5801    3.0000    0.0301
    0.5263    3.0000    0.0323    0.4721    3.0000    0.0340
    0.4182    3.0000    0.0351    0.3653    3.0000    0.0355
    0.3140    3.0000    0.0351    0.2649    3.0000    0.0339
    0.2185    3.0000    0.0317    0.1755    3.0000    0.0286
    0.1363    3.0000    0.0246    0.1013    3.0000    0.0198
    0.0710    3.0000    0.0142    0.0458    3.0000    0.0080
    0.0259    3.0000    0.0011    0.0116    3.0000   -0.0061
    0.0030    3.0000   -0.0138    0.0002    3.0000   -0.0217
    0.0033    3.0000   -0.0295    0.0123    3.0000   -0.0367
    0.0269    3.0000   -0.0434    0.0471    3.0000   -0.0493
    0.0725    3.0000   -0.0545    0.1030    3.0000   -0.0588
    0.1381    3.0000   -0.0621    0.1775    3.0000   -0.0643
    0.2206    3.0000   -0.0655    0.2670    3.0000   -0.0657
    0.3162    3.0000   -0.0648    0.3675    3.0000   -0.0630
    0.4203    3.0000   -0.0603    0.4740    3.0000   -0.0568
    0.5281    3.0000   -0.0528    0.5818    3.0000   -0.0483
    0.6346    3.0000   -0.0434    0.6858    3.0000   -0.0383
    0.7349    3.0000   -0.0331    0.7811    3.0000   -0.0280
    0.8241    3.0000   -0.0230    0.8634    3.0000   -0.0182
    0.8983    3.0000   -0.0138    0.9286    3.0000   -0.0098
    0.9539    3.0000   -0.0064    0.9739    3.0000   -0.0037
    0.9883    3.0000   -0.0017    0.9971    3.0000   -0.0004
    1.0000    3.0000    0.0000
$POINTS for network #  2   wingtip                                           
       1.0
       1.0                                     0.0       0.0
      30.0       8.0                                                  wingtip   
    1.0000    3.0000    0.0000    0.9971    3.0000    0.0003
    0.9883    3.0000    0.0012    0.9738    3.0000    0.0025
    0.9537    3.0000    0.0044    0.9283    3.0000    0.0067
    0.8978    3.0000    0.0094    0.8627    3.0000    0.0123
    0.8233    3.0000    0.0153    0.7801    3.0000    0.0185
    0.7337    3.0000    0.0216    0.6845    3.0000    0.0247
    0.6331    3.0000    0.0275    0.5801    3.0000    0.0301
    0.5263    3.0000    0.0323    0.4721    3.0000    0.0340
    0.4182    3.0000    0.0351    0.3653    3.0000    0.0355
    0.3140    3.0000    0.0351    0.2649    3.0000    0.0339
    0.2185    3.0000    0.0317    0.1755    3.0000    0.0286
    0.1363    3.0000    0.0246    0.1013    3.0000    0.0198
    0.0710    3.0000    0.0142    0.0458    3.0000    0.0080
    0.0259    3.0000    0.0011    0.0116    3.0000   -0.0061
    0.0030    3.0000   -0.0138    0.0002    3.0000   -0.0217
    1.0000    3.0000    0.0000    0.9971    3.0002    0.0003
    0.9883    3.0006    0.0010    0.9738    3.0014    0.0022
    0.9537    3.0024    0.0039    0.9283    3.0036    0.0059
    0.8978    3.0050    0.0082    0.8627    3.0066    0.0108
    0.8234    3.0083    0.0134    0.7802    3.0101    0.0162
    0.7337    3.0119    0.0189    0.6845    3.0137    0.0215
    0.6332    3.0154    0.0240    0.5802    3.0170    0.0262
    0.5263    3.0185    0.0281    0.4722    3.0197    0.0295
    0.4183    3.0207    0.0304    0.3654    3.0214    0.0306
    0.3141    3.0217    0.0302    0.2650    3.0216    0.0289
    0.2186    3.0211    0.0269    0.1756    3.0202    0.0240
    0.1364    3.0188    0.0204    0.1014    3.0170    0.0159
    0.0711    3.0149    0.0108    0.0459    3.0124    0.0051
    0.0260    3.0097   -0.0011    0.0116    3.0066   -0.0077
    0.0030    3.0034   -0.0145    0.0002    3.0000   -0.0217
    1.0000    3.0000    0.0000    0.9971    3.0003    0.0002
    0.9883    3.0011    0.0006    0.9738    3.0024    0.0014
    0.9537    3.0042    0.0024    0.9283    3.0065    0.0036
    0.8979    3.0091    0.0050    0.8628    3.0119    0.0065
    0.8235    3.0150    0.0081    0.7803    3.0182    0.0097
    0.7339    3.0214    0.0113    0.6847    3.0246    0.0128
    0.6334    3.0277    0.0142    0.5805    3.0306    0.0153
    0.5266    3.0333    0.0163    0.4724    3.0355    0.0169
    0.4186    3.0373    0.0171    0.3657    3.0385    0.0170
    0.3144    3.0391    0.0163    0.2653    3.0389    0.0151
    0.2189    3.0380    0.0134    0.1759    3.0363    0.0111
    0.1366    3.0339    0.0083    0.1016    3.0307    0.0050
    0.0713    3.0269    0.0013    0.0460    3.0224   -0.0028
    0.0261    3.0174   -0.0072    0.0117    3.0120   -0.0119
    0.0031    3.0061   -0.0167    0.0002    3.0000   -0.0217
    1.0000    3.0000    0.0000    0.9971    3.0003    0.0000
    0.9883    3.0014    0.0001    0.9738    3.0030    0.0001
    0.9538    3.0053    0.0002    0.9284    3.0081    0.0003
    0.8980    3.0113    0.0004    0.8630    3.0149    0.0004
    0.8236    3.0187    0.0004    0.7805    3.0227    0.0004
    0.7341    3.0267    0.0003    0.6850    3.0307    0.0002
    0.6337    3.0346   -0.0000    0.5808    3.0382   -0.0004
    0.5270    3.0415   -0.0008    0.4728    3.0443   -0.0013
    0.4190    3.0465   -0.0020    0.3661    3.0480   -0.0028
    0.3149    3.0487   -0.0037    0.2657    3.0485   -0.0048
    0.2194    3.0474   -0.0061    0.1763    3.0453   -0.0075
    0.1370    3.0423   -0.0091    0.1020    3.0383   -0.0107
    0.0716    3.0335   -0.0125    0.0463    3.0279   -0.0143
    0.0263    3.0217   -0.0162    0.0118    3.0149   -0.0180
    0.0031    3.0077   -0.0199    0.0002    3.0000   -0.0217
    1.0000    3.0000    0.0000    0.9971    3.0003   -0.0001
    0.9883    3.0014   -0.0006    0.9738    3.0030   -0.0013
    0.9538    3.0053   -0.0022    0.9285    3.0081   -0.0034
    0.8981    3.0113   -0.0048    0.8631    3.0149   -0.0064
    0.8238    3.0187   -0.0081    0.7808    3.0227   -0.0099
    0.7344    3.0267   -0.0119    0.6853    3.0307   -0.0138
    0.6340    3.0346   -0.0158    0.5812    3.0382   -0.0178
    0.5274    3.0415   -0.0197    0.4733    3.0443   -0.0215
    0.4195    3.0465   -0.0232    0.3666    3.0480   -0.0247
    0.3153    3.0487   -0.0260    0.2662    3.0485   -0.0270
    0.2198    3.0474   -0.0277    0.1767    3.0453   -0.0282
    0.1374    3.0423   -0.0284    0.1024    3.0383   -0.0282
    0.0720    3.0335   -0.0278    0.0466    3.0279   -0.0270
    0.0265    3.0217   -0.0261    0.0120    3.0149   -0.0248
    0.0032    3.0077   -0.0234    0.0002    3.0000   -0.0217
    1.0000    3.0000    0.0000    0.9971    3.0003   -0.0003
    0.9883    3.0011   -0.0011    0.9739    3.0024   -0.0025
    0.9539    3.0042   -0.0044    0.9286    3.0065   -0.0067
    0.8982    3.0091   -0.0094    0.8632    3.0119   -0.0125
    0.8240    3.0150   -0.0158    0.7810    3.0182   -0.0192
    0.7346    3.0214   -0.0228    0.6856    3.0246   -0.0265
    0.6343    3.0277   -0.0300    0.5815    3.0306   -0.0335
    0.5278    3.0333   -0.0368    0.4737    3.0355   -0.0397
    0.4199    3.0373   -0.0423    0.3671    3.0385   -0.0444
    0.3158    3.0391   -0.0460    0.2666    3.0389   -0.0469
    0.2202    3.0380   -0.0472    0.1771    3.0363   -0.0468
    0.1378    3.0339   -0.0457    0.1027    3.0307   -0.0440
    0.0723    3.0269   -0.0415    0.0468    3.0224   -0.0385
    0.0267    3.0174   -0.0350    0.0121    3.0120   -0.0310
    0.0033    3.0061   -0.0265    0.0002    3.0000   -0.0217
    1.0000    3.0000    0.0000    0.9971    3.0002   -0.0004
    0.9883    3.0006   -0.0015    0.9739    3.0014   -0.0034
    0.9539    3.0024   -0.0059    0.9286    3.0036   -0.0090
    0.8983    3.0050   -0.0126    0.8633    3.0066   -0.0167
    0.8241    3.0083   -0.0211    0.7811    3.0101   -0.0257
    0.7348    3.0119   -0.0304    0.6858    3.0137   -0.0352
    0.6345    3.0154   -0.0399    0.5818    3.0170   -0.0444
    0.5280    3.0185   -0.0486    0.4739    3.0197   -0.0523
    0.4202    3.0207   -0.0555    0.3673    3.0214   -0.0581
    0.3161    3.0217   -0.0599    0.2669    3.0216   -0.0608
    0.2205    3.0211   -0.0607    0.1774    3.0202   -0.0597
    0.1381    3.0188   -0.0578    0.1029    3.0170   -0.0549
    0.0725    3.0149   -0.0511    0.0470    3.0124   -0.0465
    0.0268    3.0097   -0.0412    0.0122    3.0066   -0.0352
    0.0033    3.0034   -0.0287    0.0002    3.0000   -0.0217
    1.0000    3.0000    0.0000    0.9971    3.0000   -0.0004
    0.9883    3.0000   -0.0017    0.9739    3.0000   -0.0037
    0.9539    3.0000   -0.0064    0.9286    3.0000   -0.0098
    0.8983    3.0000   -0.0138    0.8634    3.0000   -0.0182
    0.8241    3.0000   -0.0230    0.7811    3.0000   -0.0280
    0.7349    3.0000   -0.0331    0.6858    3.0000   -0.0383
    0.6346    3.0000   -0.0434    0.5818    3.0000   -0.0483
    0.5281    3.0000   -0.0528    0.4740    3.0000   -0.0568
    0.4203    3.0000   -0.0603    0.3675    3.0000   -0.0630
    0.3162    3.0000   -0.0648    0.2670    3.0000   -0.0657
    0.2206    3.0000   -0.0655    0.1775    3.0000   -0.0643
    0.1381    3.0000   -0.0621    0.1030    3.0000   -0.0588
    0.0725    3.0000   -0.0545    0.0471    3.0000   -0.0493
    0.0269    3.0000   -0.0434    0.0123    3.0000   -0.0367
    0.0033    3.0000   -0.0295    0.0002    3.0000   -0.0217
$POINTS for network #  3   wingwake                                          
       1.0
      18.0                                     0.0       0.0
       2.0      30.0                                                  wingwake  
    1.0000    0.0000    0.0000   50.0000    0.0000    0.0000
    1.0000    0.1034    0.0000   50.0000    0.1034    0.0000
    1.0000    0.2069    0.0000   50.0000    0.2069    0.0000
    1.0000    0.3103    0.0000   50.0000    0.3103    0.0000
    1.0000    0.4138    0.0000   50.0000    0.4138    0.0000
    1.0000    0.5172    0.0000   50.0000    0.5172    0.0000
    1.0000    0.6207    0.0000   50.0000    0.6207    0.0000
    1.0000    0.7241    0.0000   50.0000    0.7241    0.0000
    1.0000    0.8276    0.0000   50.0000    0.8276    0.0000
    1.0000    0.9310    0.0000   50.0000    0.9310    0.0000
    1.0000    1.0345    0.0000   50.0000    1.0345    0.0000
    1.0000    1.1379    0.0000   50.0000    1.1379    0.0000
    1.0000    1.2414    0.0000   50.0000    1.2414    0.0000
    1.0000    1.3448    0.0000   50.0000    1.3448    0.0000
    1.0000    1.4483    0.0000   50.0000    1.4483    0.0000
    1.0000    1.5517    0.0000   50.0000    1.5517    0.0000
    1.0000    1.6552    0.0000   50.0000    1.6552    0.0000
    1.0000    1.7586    0.0000   50.0000    1.7586    0.0000
    1.0000    1.8621    0.0000   50.0000    1.8621    0.0000
    1.0000    1.9655    0.0000   50.0000    1.9655    0.0000
    1.0000    2.0690    0.0000   50.0000    2.0690    0.0000
    1.0000    2.1724    0.0000   50.0000    2.1724    0.0000
    1.0000    2.2759    0.0000   50.0000    2.2759    0.0000
    1.0000    2.3793    0.0000   50.0000    2.3793    0.0000
    1.0000    2.4828    0.0000   50.0000    2.4828    0.0000
    1.0000    2.5862    0.0000   50.0000    2.5862    0.0000
    1.0000    2.6897    0.0000   50.0000    2.6897    0.0000
    1.0000    2.7931    0.0000   50.0000    2.7931    0.0000
    1.0000    2.8966    0.0000   50.0000    2.8966    0.0000
    1.0000    3.0000    0.0000   50.0000    3.0000    0.0000
$END OF INPUT DATA
