$TITLE    Created by panin, version 1.0 (4Jan2000) on                
INPUT FILE FOR PanAir (A502-ht2)                                                
Created by PANIN                                                                
$DATACHECK
    0.0000
$SYM
    1.0000    0.0000
$MACH NUMBER
    0.5000
$CASES
    1.0000
$ANGLES OF ATTACK
    0.0000
    7.4200
$YAW ANGLES
    0.0000
    0.0000
$REFERENCE DATA FOR 3-D FORCES AND MOMENTS
    0.2500    0.0000    0.0000    1.0000
    6.0000    6.0000    1.0000    6.0000
$PRINTOUT CONTROL
       0.0       0.0       0.0       0.0       0.0       0.0
       0.0       0.0       0.0       0.0       0.0       0.0
$EAT
  0.000000       0.0       0.0       0.0       0.0       0.0
$VELOCITY CORRECTION
    0.0000
$POINTS for network #  1   wing                                              
       1.0
       1.0                                     0.0       0.0
      59.0      30.0                                                  wing      
    1.0000    0.0000    0.0000    0.9971    0.0000    0.0004
    0.9883    0.0000    0.0014    0.9738    0.0000    0.0031
    0.9538    0.0000    0.0054    0.9284    0.0000    0.0083
    0.8980    0.0000    0.0116    0.8630    0.0000    0.0152
    0.8237    0.0000    0.0192    0.7806    0.0000    0.0232
    0.7342    0.0000    0.0274    0.6851    0.0000    0.0315
    0.6338    0.0000    0.0355    0.5809    0.0000    0.0392
    0.5271    0.0000    0.0425    0.4729    0.0000    0.0454
    0.4191    0.0000    0.0477    0.3662    0.0000    0.0492
    0.3149    0.0000    0.0500    0.2658    0.0000    0.0498
    0.2194    0.0000    0.0486    0.1763    0.0000    0.0465
    0.1370    0.0000    0.0434    0.1020    0.0000    0.0393
    0.0716    0.0000    0.0344    0.0462    0.0000    0.0286
    0.0262    0.0000    0.0222    0.0117    0.0000    0.0153
    0.0029    0.0000    0.0079    0.0000    0.0000    0.0000
    0.0029    0.0000   -0.0079    0.0117    0.0000   -0.0153
    0.0262    0.0000   -0.0222    0.0462    0.0000   -0.0286
    0.0716    0.0000   -0.0344    0.1020    0.0000   -0.0393
    0.1370    0.0000   -0.0434    0.1763    0.0000   -0.0465
    0.2194    0.0000   -0.0486    0.2658    0.0000   -0.0498
    0.3149    0.0000   -0.0500    0.3662    0.0000   -0.0492
    0.4191    0.0000   -0.0477    0.4729    0.0000   -0.0454
    0.5271    0.0000   -0.0425    0.5809    0.0000   -0.0392
    0.6338    0.0000   -0.0355    0.6851    0.0000   -0.0315
    0.7342    0.0000   -0.0274    0.7806    0.0000   -0.0232
    0.8237    0.0000   -0.0192    0.8630    0.0000   -0.0152
    0.8980    0.0000   -0.0116    0.9284    0.0000   -0.0083
    0.9538    0.0000   -0.0054    0.9738    0.0000   -0.0031
    0.9883    0.0000   -0.0014    0.9971    0.0000   -0.0004
    1.0000    0.0000    0.0000
    1.0000    0.1034    0.0000    0.9971    0.1034    0.0003
    0.9883    0.1034    0.0011    0.9737    0.1034    0.0024
    0.9537    0.1034    0.0041    0.9282    0.1034    0.0062
    0.8978    0.1034    0.0087    0.8626    0.1034    0.0113
    0.8232    0.1034    0.0141    0.7800    0.1034    0.0170
    0.7335    0.1034    0.0198    0.6843    0.1034    0.0225
    0.6329    0.1034    0.0250    0.5799    0.1034    0.0272
    0.5260    0.1034    0.0290    0.4718    0.1034    0.0304
    0.4180    0.1034    0.0311    0.3651    0.1034    0.0311
    0.3138    0.1034    0.0304    0.2647    0.1034    0.0288
    0.2183    0.1034    0.0263    0.1753    0.1034    0.0230
    0.1361    0.1034    0.0187    0.1012    0.1034    0.0136
    0.0710    0.1034    0.0078    0.0458    0.1034    0.0014
    0.0259    0.1034   -0.0056    0.0117    0.1034   -0.0129
    0.0031    0.1034   -0.0206    0.0004    0.1034   -0.0286
    0.0036    0.1034   -0.0363    0.0125    0.1034   -0.0435
    0.0272    0.1034   -0.0500    0.0474    0.1034   -0.0559
    0.0729    0.1034   -0.0609    0.1034    0.1034   -0.0649
    0.1386    0.1034   -0.0680    0.1780    0.1034   -0.0700
    0.2211    0.1034   -0.0709    0.2675    0.1034   -0.0707
    0.3166    0.1034   -0.0695    0.3679    0.1034   -0.0673
    0.4207    0.1034   -0.0643    0.4744    0.1034   -0.0604
    0.5285    0.1034   -0.0560    0.5822    0.1034   -0.0511
    0.6349    0.1034   -0.0459    0.6861    0.1034   -0.0405
    0.7351    0.1034   -0.0350    0.7813    0.1034   -0.0295
    0.8243    0.1034   -0.0242    0.8635    0.1034   -0.0191
    0.8984    0.1034   -0.0145    0.9287    0.1034   -0.0103
    0.9540    0.1034   -0.0068    0.9739    0.1034   -0.0039
    0.9884    0.1034   -0.0017    0.9971    0.1034   -0.0004
    1.0000    0.1034    0.0000
    1.0000    0.2069    0.0000    0.9971    0.2069    0.0002
    0.9883    0.2069    0.0010    0.9737    0.2069    0.0022
    0.9536    0.2069    0.0037    0.9282    0.2069    0.0057
    0.8977    0.2069    0.0078    0.8625    0.2069    0.0102
    0.8231    0.2069    0.0127    0.7799    0.2069    0.0152
    0.7334    0.2069    0.0176    0.6841    0.2069    0.0199
    0.6327    0.2069    0.0220    0.5797    0.2069    0.0238
    0.5258    0.2069    0.0252    0.4716    0.2069    0.0261
    0.4178    0.2069    0.0264    0.3649    0.2069    0.0260
    0.3136    0.2069    0.0248    0.2645    0.2069    0.0228
    0.2181    0.2069    0.0200    0.1752    0.2069    0.0163
    0.1360    0.2069    0.0117    0.1011    0.2069    0.0064
    0.0709    0.2069    0.0003    0.0458    0.2069   -0.0063
    0.0260    0.2069   -0.0134    0.0118    0.2069   -0.0209
    0.0033    0.2069   -0.0287    0.0007    0.2069   -0.0366
    0.0039    0.2069   -0.0444    0.0129    0.2069   -0.0515
    0.0276    0.2069   -0.0579    0.0479    0.2069   -0.0636
    0.0735    0.2069   -0.0683    0.1040    0.2069   -0.0722
    0.1392    0.2069   -0.0750    0.1786    0.2069   -0.0766
    0.2217    0.2069   -0.0772    0.2681    0.2069   -0.0766
    0.3172    0.2069   -0.0750    0.3685    0.2069   -0.0724
    0.4212    0.2069   -0.0689    0.4749    0.2069   -0.0647
    0.5289    0.2069   -0.0598    0.5826    0.2069   -0.0545
    0.6353    0.2069   -0.0489    0.6864    0.2069   -0.0430
    0.7354    0.2069   -0.0371    0.7816    0.2069   -0.0313
    0.8245    0.2069   -0.0256    0.8636    0.2069   -0.0202
    0.8985    0.2069   -0.0153    0.9288    0.2069   -0.0109
    0.9540    0.2069   -0.0071    0.9740    0.2069   -0.0041
    0.9884    0.2069   -0.0018    0.9971    0.2069   -0.0005
    1.0000    0.2069    0.0000
    1.0000    0.3103    0.0000    0.9971    0.3103    0.0002
    0.9883    0.3103    0.0009    0.9737    0.3103    0.0020
    0.9536    0.3103    0.0035    0.9281    0.3103    0.0053
    0.8977    0.3103    0.0073    0.8625    0.3103    0.0095
    0.8230    0.3103    0.0118    0.7798    0.3103    0.0141
    0.7333    0.3103    0.0163    0.6840    0.3103    0.0184
    0.6326    0.3103    0.0202    0.5796    0.3103    0.0217
    0.5257    0.3103    0.0229    0.4715    0.3103    0.0235
    0.4176    0.3103    0.0235    0.3647    0.3103    0.0229
    0.3134    0.3103    0.0215    0.2644    0.3103    0.0192
    0.2181    0.3103    0.0162    0.1751    0.3103    0.0122
    0.1359    0.3103    0.0075    0.1011    0.3103    0.0020
    0.0709    0.3103   -0.0042    0.0458    0.3103   -0.0110
    0.0261    0.3103   -0.0182    0.0119    0.3103   -0.0258
    0.0035    0.3103   -0.0336    0.0009    0.3103   -0.0415
    0.0041    0.3103   -0.0493    0.0132    0.3103   -0.0563
    0.0279    0.3103   -0.0627    0.0482    0.3103   -0.0682
    0.0738    0.3103   -0.0729    0.1044    0.3103   -0.0766
    0.1395    0.3103   -0.0792    0.1789    0.3103   -0.0807
    0.2221    0.3103   -0.0810    0.2685    0.3103   -0.0802
    0.3176    0.3103   -0.0784    0.3688    0.3103   -0.0755
    0.4216    0.3103   -0.0718    0.4753    0.3103   -0.0673
    0.5292    0.3103   -0.0622    0.5829    0.3103   -0.0566
    0.6356    0.3103   -0.0507    0.6866    0.3103   -0.0446
    0.7356    0.3103   -0.0384    0.7817    0.3103   -0.0323
    0.8246    0.3103   -0.0265    0.8637    0.3103   -0.0209
    0.8986    0.3103   -0.0158    0.9288    0.3103   -0.0113
    0.9541    0.3103   -0.0073    0.9740    0.3103   -0.0042
    0.9884    0.3103   -0.0019    0.9971    0.3103   -0.0005
    1.0000    0.3103    0.0000
    1.0000    0.4138    0.0000    0.9971    0.4138    0.0002
    0.9883    0.4138    0.0009    0.9737    0.4138    0.0019
    0.9536    0.4138    0.0034    0.9281    0.4138    0.0051
    0.8976    0.4138    0.0070    0.8625    0.4138    0.0091
    0.8230    0.4138    0.0112    0.7798    0.4138    0.0134
    0.7332    0.4138    0.0154    0.6840    0.4138    0.0173
    0.6325    0.4138    0.0190    0.5796    0.4138    0.0203
    0.5256    0.4138    0.0213    0.4714    0.4138    0.0217
    0.4176    0.4138    0.0216    0.3647    0.4138    0.0207
    0.3134    0.4138    0.0192    0.2643    0.4138    0.0168
    0.2180    0.4138    0.0135    0.1751    0.4138    0.0095
    0.1359    0.4138    0.0046    0.1011    0.4138   -0.0010
    0.0710    0.4138   -0.0073    0.0459    0.4138   -0.0142
    0.0262    0.4138   -0.0215    0.0120    0.4138   -0.0291
    0.0036    0.4138   -0.0369    0.0010    0.4138   -0.0449
    0.0043    0.4138   -0.0526    0.0134    0.4138   -0.0596
    0.0282    0.4138   -0.0659    0.0485    0.4138   -0.0714
    0.0740    0.4138   -0.0760    0.1046    0.4138   -0.0796
    0.1398    0.4138   -0.0821    0.1792    0.4138   -0.0834
    0.2224    0.4138   -0.0836    0.2688    0.4138   -0.0827
    0.3179    0.4138   -0.0807    0.3691    0.4138   -0.0776
    0.4218    0.4138   -0.0737    0.4755    0.4138   -0.0690
    0.5295    0.4138   -0.0637    0.5831    0.4138   -0.0580
    0.6357    0.4138   -0.0519    0.6868    0.4138   -0.0456
    0.7357    0.4138   -0.0393    0.7819    0.4138   -0.0331
    0.8247    0.4138   -0.0271    0.8638    0.4138   -0.0214
    0.8987    0.4138   -0.0161    0.9289    0.4138   -0.0115
    0.9541    0.4138   -0.0075    0.9740    0.4138   -0.0043
    0.9884    0.4138   -0.0019    0.9971    0.4138   -0.0005
    1.0000    0.4138    0.0000
    1.0000    0.5172    0.0000    0.9971    0.5172    0.0002
    0.9883    0.5172    0.0009    0.9737    0.5172    0.0019
    0.9536    0.5172    0.0032    0.9281    0.5172    0.0049
    0.8976    0.5172    0.0067    0.8624    0.5172    0.0087
    0.8230    0.5172    0.0108    0.7797    0.5172    0.0128
    0.7332    0.5172    0.0148    0.6839    0.5172    0.0166
    0.6325    0.5172    0.0181    0.5795    0.5172    0.0193
    0.5256    0.5172    0.0201    0.4714    0.5172    0.0204
    0.4175    0.5172    0.0202    0.3646    0.5172    0.0192
    0.3133    0.5172    0.0175    0.2643    0.5172    0.0150
    0.2180    0.5172    0.0117    0.1750    0.5172    0.0075
    0.1359    0.5172    0.0025    0.1011    0.5172   -0.0032
    0.0710    0.5172   -0.0096    0.0459    0.5172   -0.0165
    0.0262    0.5172   -0.0238    0.0121    0.5172   -0.0315
    0.0037    0.5172   -0.0393    0.0011    0.5172   -0.0473
    0.0044    0.5172   -0.0550    0.0135    0.5172   -0.0620
    0.0283    0.5172   -0.0683    0.0486    0.5172   -0.0737
    0.0742    0.5172   -0.0782    0.1048    0.5172   -0.0817
    0.1400    0.5172   -0.0841    0.1794    0.5172   -0.0854
    0.2226    0.5172   -0.0855    0.2690    0.5172   -0.0844
    0.3181    0.5172   -0.0823    0.3693    0.5172   -0.0792
    0.4220    0.5172   -0.0751    0.4757    0.5172   -0.0703
    0.5296    0.5172   -0.0649    0.5832    0.5172   -0.0590
    0.6359    0.5172   -0.0527    0.6869    0.5172   -0.0464
    0.7358    0.5172   -0.0399    0.7819    0.5172   -0.0336
    0.8248    0.5172   -0.0275    0.8639    0.5172   -0.0217
    0.8987    0.5172   -0.0164    0.9289    0.5172   -0.0117
    0.9541    0.5172   -0.0076    0.9740    0.5172   -0.0044
    0.9884    0.5172   -0.0020    0.9971    0.5172   -0.0005
    1.0000    0.5172    0.0000
    1.0000    0.6207    0.0000    0.9971    0.6207    0.0002
    0.9883    0.6207    0.0008    0.9737    0.6207    0.0018
    0.9536    0.6207    0.0032    0.9281    0.6207    0.0048
    0.8976    0.6207    0.0066    0.8624    0.6207    0.0085
    0.8230    0.6207    0.0105    0.7797    0.6207    0.0124
    0.7332    0.6207    0.0143    0.6839    0.6207    0.0160
    0.6325    0.6207    0.0175    0.5795    0.6207    0.0186
    0.5256    0.6207    0.0193    0.4713    0.6207    0.0195
    0.4175    0.6207    0.0191    0.3646    0.6207    0.0181
    0.3133    0.6207    0.0163    0.2642    0.6207    0.0137
    0.2180    0.6207    0.0103    0.1750    0.6207    0.0060
    0.1359    0.6207    0.0010    0.1011    0.6207   -0.0048
    0.0710    0.6207   -0.0113    0.0460    0.6207   -0.0182
    0.0263    0.6207   -0.0256    0.0121    0.6207   -0.0332
    0.0037    0.6207   -0.0411    0.0012    0.6207   -0.0491
    0.0045    0.6207   -0.0568    0.0136    0.6207   -0.0638
    0.0284    0.6207   -0.0700    0.0488    0.6207   -0.0754
    0.0744    0.6207   -0.0799    0.1050    0.6207   -0.0833
    0.1402    0.6207   -0.0857    0.1796    0.6207   -0.0869
    0.2227    0.6207   -0.0869    0.2691    0.6207   -0.0858
    0.3182    0.6207   -0.0835    0.3694    0.6207   -0.0803
    0.4221    0.6207   -0.0761    0.4758    0.6207   -0.0712
    0.5297    0.6207   -0.0657    0.5833    0.6207   -0.0597
    0.6359    0.6207   -0.0534    0.6870    0.6207   -0.0469
    0.7359    0.6207   -0.0404    0.7820    0.6207   -0.0340
    0.8248    0.6207   -0.0278    0.8639    0.6207   -0.0219
    0.8987    0.6207   -0.0166    0.9289    0.6207   -0.0118
    0.9541    0.6207   -0.0077    0.9740    0.6207   -0.0044
    0.9884    0.6207   -0.0020    0.9971    0.6207   -0.0005
    1.0000    0.6207    0.0000
    1.0000    0.7241    0.0000    0.9971    0.7241    0.0002
    0.9883    0.7241    0.0008    0.9737    0.7241    0.0018
    0.9536    0.7241    0.0031    0.9281    0.7241    0.0047
    0.8976    0.7241    0.0064    0.8624    0.7241    0.0083
    0.8230    0.7241    0.0102    0.7797    0.7241    0.0121
    0.7332    0.7241    0.0139    0.6839    0.7241    0.0156
    0.6324    0.7241    0.0169    0.5794    0.7241    0.0180
    0.5255    0.7241    0.0186    0.4713    0.7241    0.0188
    0.4174    0.7241    0.0183    0.3646    0.7241    0.0172
    0.3133    0.7241    0.0153    0.2642    0.7241    0.0127
    0.2179    0.7241    0.0092    0.1750    0.7241    0.0049
    0.1359    0.7241   -0.0002    0.1011    0.7241   -0.0061
    0.0710    0.7241   -0.0125    0.0460    0.7241   -0.0195
    0.0263    0.7241   -0.0269    0.0122    0.7241   -0.0346
    0.0038    0.7241   -0.0425    0.0013    0.7241   -0.0504
    0.0046    0.7241   -0.0581    0.0137    0.7241   -0.0651
    0.0285    0.7241   -0.0713    0.0489    0.7241   -0.0767
    0.0745    0.7241   -0.0811    0.1051    0.7241   -0.0845
    0.1403    0.7241   -0.0868    0.1797    0.7241   -0.0880
    0.2229    0.7241   -0.0879    0.2692    0.7241   -0.0868
    0.3183    0.7241   -0.0845    0.3695    0.7241   -0.0811
    0.4223    0.7241   -0.0769    0.4759    0.7241   -0.0720
    0.5298    0.7241   -0.0664    0.5834    0.7241   -0.0603
    0.6360    0.7241   -0.0539    0.6871    0.7241   -0.0473
    0.7359    0.7241   -0.0408    0.7820    0.7241   -0.0343
    0.8249    0.7241   -0.0280    0.8639    0.7241   -0.0221
    0.8988    0.7241   -0.0167    0.9289    0.7241   -0.0119
    0.9541    0.7241   -0.0078    0.9740    0.7241   -0.0044
    0.9884    0.7241   -0.0020    0.9971    0.7241   -0.0005
    1.0000    0.7241    0.0000
    1.0000    0.8276    0.0000    0.9971    0.8276    0.0002
    0.9883    0.8276    0.0008    0.9737    0.8276    0.0018
    0.9536    0.8276    0.0030    0.9281    0.8276    0.0046
    0.8976    0.8276    0.0063    0.8624    0.8276    0.0082
    0.8229    0.8276    0.0101    0.7797    0.8276    0.0119
    0.7331    0.8276    0.0137    0.6839    0.8276    0.0152
    0.6324    0.8276    0.0166    0.5794    0.8276    0.0176
    0.5255    0.8276    0.0181    0.4713    0.8276    0.0182
    0.4174    0.8276    0.0177    0.3645    0.8276    0.0165
    0.3133    0.8276    0.0146    0.2642    0.8276    0.0119
    0.2179    0.8276    0.0084    0.1750    0.8276    0.0040
    0.1359    0.8276   -0.0011    0.1011    0.8276   -0.0070
    0.0710    0.8276   -0.0135    0.0460    0.8276   -0.0205
    0.0263    0.8276   -0.0279    0.0122    0.8276   -0.0356
    0.0039    0.8276   -0.0435    0.0013    0.8276   -0.0515
    0.0047    0.8276   -0.0592    0.0138    0.8276   -0.0662
    0.0286    0.8276   -0.0724    0.0490    0.8276   -0.0777
    0.0746    0.8276   -0.0821    0.1052    0.8276   -0.0855
    0.1404    0.8276   -0.0878    0.1798    0.8276   -0.0889
    0.2229    0.8276   -0.0888    0.2693    0.8276   -0.0875
    0.3184    0.8276   -0.0852    0.3696    0.8276   -0.0818
    0.4223    0.8276   -0.0775    0.4760    0.8276   -0.0725
    0.5299    0.8276   -0.0669    0.5835    0.8276   -0.0607
    0.6361    0.8276   -0.0543    0.6871    0.8276   -0.0477
    0.7360    0.8276   -0.0410    0.7821    0.8276   -0.0345
    0.8249    0.8276   -0.0282    0.8640    0.8276   -0.0223
    0.8988    0.8276   -0.0168    0.9290    0.8276   -0.0120
    0.9541    0.8276   -0.0078    0.9740    0.8276   -0.0045
    0.9884    0.8276   -0.0020    0.9971    0.8276   -0.0005
    1.0000    0.8276    0.0000
    1.0000    0.9310    0.0000    0.9971    0.9310    0.0002
    0.9883    0.9310    0.0008    0.9737    0.9310    0.0017
    0.9536    0.9310    0.0030    0.9281    0.9310    0.0045
    0.8976    0.9310    0.0062    0.8624    0.9310    0.0080
    0.8229    0.9310    0.0099    0.7797    0.9310    0.0117
    0.7331    0.9310    0.0134    0.6839    0.9310    0.0150
    0.6324    0.9310    0.0162    0.5794    0.9310    0.0172
    0.5255    0.9310    0.0177    0.4713    0.9310    0.0178
    0.4174    0.9310    0.0172    0.3645    0.9310    0.0160
    0.3133    0.9310    0.0140    0.2642    0.9310    0.0113
    0.2179    0.9310    0.0077    0.1750    0.9310    0.0033
    0.1359    0.9310   -0.0019    0.1011    0.9310   -0.0078
    0.0710    0.9310   -0.0143    0.0460    0.9310   -0.0213
    0.0263    0.9310   -0.0288    0.0122    0.9310   -0.0365
    0.0039    0.9310   -0.0444    0.0014    0.9310   -0.0524
    0.0047    0.9310   -0.0600    0.0138    0.9310   -0.0670
    0.0287    0.9310   -0.0732    0.0490    0.9310   -0.0785
    0.0746    0.9310   -0.0829    0.1052    0.9310   -0.0863
    0.1405    0.9310   -0.0885    0.1799    0.9310   -0.0896
    0.2230    0.9310   -0.0894    0.2694    0.9310   -0.0882
    0.3185    0.9310   -0.0858    0.3697    0.9310   -0.0824
    0.4224    0.9310   -0.0780    0.4760    0.9310   -0.0730
    0.5299    0.9310   -0.0673    0.5835    0.9310   -0.0611
    0.6361    0.9310   -0.0546    0.6872    0.9310   -0.0479
    0.7360    0.9310   -0.0413    0.7821    0.9310   -0.0347
    0.8249    0.9310   -0.0284    0.8640    0.9310   -0.0224
    0.8988    0.9310   -0.0169    0.9290    0.9310   -0.0120
    0.9541    0.9310   -0.0078    0.9740    0.9310   -0.0045
    0.9884    0.9310   -0.0020    0.9971    0.9310   -0.0005
    1.0000    0.9310    0.0000
    1.0000    1.0345    0.0000    0.9971    1.0345    0.0002
    0.9883    1.0345    0.0008    0.9737    1.0345    0.0017
    0.9536    1.0345    0.0030    0.9281    1.0345    0.0045
    0.8976    1.0345    0.0062    0.8624    1.0345    0.0079
    0.8229    1.0345    0.0098    0.7797    1.0345    0.0116
    0.7331    1.0345    0.0132    0.6838    1.0345    0.0147
    0.6324    1.0345    0.0160    0.5794    1.0345    0.0169
    0.5255    1.0345    0.0174    0.4713    1.0345    0.0174
    0.4174    1.0345    0.0168    0.3645    1.0345    0.0155
    0.3132    1.0345    0.0135    0.2642    1.0345    0.0108
    0.2179    1.0345    0.0071    0.1750    1.0345    0.0027
    0.1359    1.0345   -0.0025    0.1011    1.0345   -0.0084
    0.0711    1.0345   -0.0149    0.0460    1.0345   -0.0220
    0.0264    1.0345   -0.0294    0.0123    1.0345   -0.0372
    0.0039    1.0345   -0.0451    0.0014    1.0345   -0.0531
    0.0048    1.0345   -0.0607    0.0139    1.0345   -0.0677
    0.0287    1.0345   -0.0739    0.0491    1.0345   -0.0792
    0.0747    1.0345   -0.0836    0.1053    1.0345   -0.0869
    0.1405    1.0345   -0.0891    0.1799    1.0345   -0.0901
    0.2231    1.0345   -0.0900    0.2695    1.0345   -0.0887
    0.3185    1.0345   -0.0862    0.3697    1.0345   -0.0828
    0.4225    1.0345   -0.0784    0.4761    1.0345   -0.0733
    0.5300    1.0345   -0.0676    0.5836    1.0345   -0.0614
    0.6362    1.0345   -0.0549    0.6872    1.0345   -0.0482
    0.7360    1.0345   -0.0415    0.7821    1.0345   -0.0348
    0.8250    1.0345   -0.0285    0.8640    1.0345   -0.0225
    0.8988    1.0345   -0.0170    0.9290    1.0345   -0.0121
    0.9541    1.0345   -0.0079    0.9740    1.0345   -0.0045
    0.9884    1.0345   -0.0020    0.9971    1.0345   -0.0005
    1.0000    1.0345    0.0000
    1.0000    1.1379    0.0000    0.9971    1.1379    0.0002
    0.9883    1.1379    0.0008    0.9737    1.1379    0.0017
    0.9536    1.1379    0.0029    0.9281    1.1379    0.0044
    0.8976    1.1379    0.0061    0.8624    1.1379    0.0079
    0.8229    1.1379    0.0097    0.7797    1.1379    0.0114
    0.7331    1.1379    0.0131    0.6838    1.1379    0.0146
    0.6324    1.1379    0.0158    0.5794    1.1379    0.0167
    0.5255    1.1379    0.0171    0.4713    1.1379    0.0171
    0.4174    1.1379    0.0165    0.3645    1.1379    0.0152
    0.3132    1.1379    0.0131    0.2642    1.1379    0.0103
    0.2179    1.1379    0.0067    0.1750    1.1379    0.0022
    0.1359    1.1379   -0.0030    0.1011    1.1379   -0.0089
    0.0711    1.1379   -0.0155    0.0460    1.1379   -0.0226
    0.0264    1.1379   -0.0300    0.0123    1.1379   -0.0378
    0.0039    1.1379   -0.0456    0.0014    1.1379   -0.0536
    0.0048    1.1379   -0.0613    0.0139    1.1379   -0.0683
    0.0288    1.1379   -0.0745    0.0491    1.1379   -0.0798
    0.0748    1.1379   -0.0841    0.1054    1.1379   -0.0874
    0.1406    1.1379   -0.0896    0.1800    1.1379   -0.0906
    0.2231    1.1379   -0.0904    0.2695    1.1379   -0.0891
    0.3186    1.1379   -0.0866    0.3698    1.1379   -0.0832
    0.4225    1.1379   -0.0788    0.4761    1.1379   -0.0736
    0.5300    1.1379   -0.0679    0.5836    1.1379   -0.0616
    0.6362    1.1379   -0.0551    0.6872    1.1379   -0.0483
    0.7361    1.1379   -0.0416    0.7822    1.1379   -0.0350
    0.8250    1.1379   -0.0286    0.8640    1.1379   -0.0226
    0.8988    1.1379   -0.0170    0.9290    1.1379   -0.0121
    0.9541    1.1379   -0.0079    0.9740    1.1379   -0.0045
    0.9884    1.1379   -0.0020    0.9971    1.1379   -0.0005
    1.0000    1.1379    0.0000
    1.0000    1.2414    0.0000    0.9971    1.2414    0.0002
    0.9883    1.2414    0.0008    0.9737    1.2414    0.0017
    0.9536    1.2414    0.0029    0.9281    1.2414    0.0044
    0.8976    1.2414    0.0060    0.8624    1.2414    0.0078
    0.8229    1.2414    0.0096    0.7797    1.2414    0.0113
    0.7331    1.2414    0.0129    0.6838    1.2414    0.0144
    0.6324    1.2414    0.0156    0.5794    1.2414    0.0164
    0.5255    1.2414    0.0169    0.4712    1.2414    0.0168
    0.4174    1.2414    0.0161    0.3645    1.2414    0.0148
    0.3132    1.2414    0.0128    0.2642    1.2414    0.0099
    0.2179    1.2414    0.0063    0.1750    1.2414    0.0018
    0.1359    1.2414   -0.0035    0.1011    1.2414   -0.0094
    0.0711    1.2414   -0.0160    0.0461    1.2414   -0.0231
    0.0264    1.2414   -0.0305    0.0123    1.2414   -0.0383
    0.0040    1.2414   -0.0462    0.0015    1.2414   -0.0542
    0.0048    1.2414   -0.0619    0.0140    1.2414   -0.0688
    0.0288    1.2414   -0.0750    0.0492    1.2414   -0.0803
    0.0748    1.2414   -0.0846    0.1054    1.2414   -0.0879
    0.1406    1.2414   -0.0901    0.1800    1.2414   -0.0910
    0.2232    1.2414   -0.0908    0.2696    1.2414   -0.0895
    0.3186    1.2414   -0.0870    0.3698    1.2414   -0.0835
    0.4225    1.2414   -0.0791    0.4762    1.2414   -0.0739
    0.5301    1.2414   -0.0681    0.5836    1.2414   -0.0618
    0.6362    1.2414   -0.0553    0.6872    1.2414   -0.0485
    0.7361    1.2414   -0.0417    0.7822    1.2414   -0.0351
    0.8250    1.2414   -0.0287    0.8640    1.2414   -0.0226
    0.8988    1.2414   -0.0171    0.9290    1.2414   -0.0121
    0.9541    1.2414   -0.0079    0.9740    1.2414   -0.0045
    0.9884    1.2414   -0.0020    0.9971    1.2414   -0.0005
    1.0000    1.2414    0.0000
    1.0000    1.3448    0.0000    0.9971    1.3448    0.0002
    0.9883    1.3448    0.0008    0.9737    1.3448    0.0017
    0.9536    1.3448    0.0029    0.9281    1.3448    0.0044
    0.8976    1.3448    0.0060    0.8624    1.3448    0.0077
    0.8229    1.3448    0.0095    0.7797    1.3448    0.0112
    0.7331    1.3448    0.0128    0.6838    1.3448    0.0142
    0.6324    1.3448    0.0154    0.5794    1.3448    0.0162
    0.5255    1.3448    0.0166    0.4712    1.3448    0.0165
    0.4174    1.3448    0.0159    0.3645    1.3448    0.0145
    0.3132    1.3448    0.0124    0.2642    1.3448    0.0096
    0.2179    1.3448    0.0059    0.1750    1.3448    0.0014
    0.1359    1.3448   -0.0039    0.1011    1.3448   -0.0099
    0.0711    1.3448   -0.0165    0.0461    1.3448   -0.0235
    0.0264    1.3448   -0.0310    0.0123    1.3448   -0.0388
    0.0040    1.3448   -0.0467    0.0015    1.3448   -0.0547
    0.0049    1.3448   -0.0623    0.0140    1.3448   -0.0693
    0.0288    1.3448   -0.0755    0.0492    1.3448   -0.0807
    0.0748    1.3448   -0.0851    0.1054    1.3448   -0.0883
    0.1407    1.3448   -0.0905    0.1801    1.3448   -0.0914
    0.2232    1.3448   -0.0912    0.2696    1.3448   -0.0898
    0.3187    1.3448   -0.0873    0.3699    1.3448   -0.0838
    0.4226    1.3448   -0.0794    0.4762    1.3448   -0.0742
    0.5301    1.3448   -0.0683    0.5837    1.3448   -0.0620
    0.6363    1.3448   -0.0554    0.6873    1.3448   -0.0487
    0.7361    1.3448   -0.0419    0.7822    1.3448   -0.0352
    0.8250    1.3448   -0.0288    0.8640    1.3448   -0.0227
    0.8988    1.3448   -0.0171    0.9290    1.3448   -0.0122
    0.9542    1.3448   -0.0080    0.9740    1.3448   -0.0045
    0.9884    1.3448   -0.0020    0.9971    1.3448   -0.0005
    1.0000    1.3448    0.0000
    1.0000    1.4483    0.0000    0.9971    1.4483    0.0002
    0.9883    1.4483    0.0008    0.9737    1.4483    0.0017
    0.9536    1.4483    0.0029    0.9281    1.4483    0.0043
    0.8976    1.4483    0.0059    0.8624    1.4483    0.0077
    0.8229    1.4483    0.0094    0.7796    1.4483    0.0111
    0.7331    1.4483    0.0127    0.6838    1.4483    0.0141
    0.6324    1.4483    0.0152    0.5794    1.4483    0.0160
    0.5254    1.4483    0.0164    0.4712    1.4483    0.0163
    0.4174    1.4483    0.0156    0.3645    1.4483    0.0142
    0.3132    1.4483    0.0121    0.2642    1.4483    0.0092
    0.2179    1.4483    0.0055    0.1750    1.4483    0.0010
    0.1359    1.4483   -0.0043    0.1012    1.4483   -0.0103
    0.0711    1.4483   -0.0169    0.0461    1.4483   -0.0240
    0.0264    1.4483   -0.0315    0.0124    1.4483   -0.0392
    0.0040    1.4483   -0.0472    0.0015    1.4483   -0.0552
    0.0049    1.4483   -0.0628    0.0140    1.4483   -0.0698
    0.0289    1.4483   -0.0759    0.0492    1.4483   -0.0812
    0.0749    1.4483   -0.0855    0.1055    1.4483   -0.0888
    0.1407    1.4483   -0.0909    0.1801    1.4483   -0.0919
    0.2233    1.4483   -0.0916    0.2697    1.4483   -0.0902
    0.3187    1.4483   -0.0877    0.3699    1.4483   -0.0841
    0.4226    1.4483   -0.0797    0.4762    1.4483   -0.0744
    0.5301    1.4483   -0.0686    0.5837    1.4483   -0.0622
    0.6363    1.4483   -0.0556    0.6873    1.4483   -0.0488
    0.7361    1.4483   -0.0420    0.7822    1.4483   -0.0353
    0.8250    1.4483   -0.0289    0.8640    1.4483   -0.0228
    0.8988    1.4483   -0.0172    0.9290    1.4483   -0.0122
    0.9542    1.4483   -0.0080    0.9740    1.4483   -0.0046
    0.9884    1.4483   -0.0020    0.9971    1.4483   -0.0005
    1.0000    1.4483    0.0000
    1.0000    1.5517    0.0000    0.9971    1.5517    0.0002
    0.9883    1.5517    0.0008    0.9737    1.5517    0.0017
    0.9536    1.5517    0.0029    0.9281    1.5517    0.0043
    0.8976    1.5517    0.0059    0.8624    1.5517    0.0076
    0.8229    1.5517    0.0093    0.7796    1.5517    0.0110
    0.7331    1.5517    0.0126    0.6838    1.5517    0.0139
    0.6324    1.5517    0.0150    0.5794    1.5517    0.0158
    0.5254    1.5517    0.0162    0.4712    1.5517    0.0160
    0.4174    1.5517    0.0153    0.3645    1.5517    0.0139
    0.3132    1.5517    0.0118    0.2642    1.5517    0.0088
    0.2179    1.5517    0.0051    0.1750    1.5517    0.0006
    0.1359    1.5517   -0.0047    0.1012    1.5517   -0.0108
    0.0711    1.5517   -0.0174    0.0461    1.5517   -0.0245
    0.0264    1.5517   -0.0320    0.0124    1.5517   -0.0397
    0.0040    1.5517   -0.0477    0.0016    1.5517   -0.0557
    0.0049    1.5517   -0.0633    0.0141    1.5517   -0.0703
    0.0289    1.5517   -0.0764    0.0493    1.5517   -0.0817
    0.0749    1.5517   -0.0860    0.1055    1.5517   -0.0892
    0.1408    1.5517   -0.0913    0.1802    1.5517   -0.0923
    0.2233    1.5517   -0.0920    0.2697    1.5517   -0.0906
    0.3188    1.5517   -0.0880    0.3700    1.5517   -0.0844
    0.4227    1.5517   -0.0799    0.4763    1.5517   -0.0747
    0.5302    1.5517   -0.0688    0.5837    1.5517   -0.0625
    0.6363    1.5517   -0.0558    0.6873    1.5517   -0.0490
    0.7361    1.5517   -0.0421    0.7822    1.5517   -0.0354
    0.8250    1.5517   -0.0289    0.8641    1.5517   -0.0228
    0.8988    1.5517   -0.0172    0.9290    1.5517   -0.0123
    0.9542    1.5517   -0.0080    0.9740    1.5517   -0.0046
    0.9884    1.5517   -0.0021    0.9971    1.5517   -0.0005
    1.0000    1.5517    0.0000
    1.0000    1.6552    0.0000    0.9971    1.6552    0.0002
    0.9882    1.6552    0.0007    0.9737    1.6552    0.0016
    0.9536    1.6552    0.0028    0.9281    1.6552    0.0042
    0.8976    1.6552    0.0058    0.8624    1.6552    0.0075
    0.8229    1.6552    0.0092    0.7796    1.6552    0.0109
    0.7331    1.6552    0.0124    0.6838    1.6552    0.0137
    0.6323    1.6552    0.0148    0.5794    1.6552    0.0156
    0.5254    1.6552    0.0159    0.4712    1.6552    0.0157
    0.4173    1.6552    0.0150    0.3645    1.6552    0.0135
    0.3132    1.6552    0.0114    0.2642    1.6552    0.0084
    0.2179    1.6552    0.0047    0.1750    1.6552    0.0001
    0.1359    1.6552   -0.0052    0.1012    1.6552   -0.0112
    0.0711    1.6552   -0.0179    0.0461    1.6552   -0.0250
    0.0265    1.6552   -0.0325    0.0124    1.6552   -0.0403
    0.0041    1.6552   -0.0482    0.0016    1.6552   -0.0562
    0.0049    1.6552   -0.0639    0.0141    1.6552   -0.0708
    0.0290    1.6552   -0.0769    0.0493    1.6552   -0.0822
    0.0750    1.6552   -0.0865    0.1056    1.6552   -0.0897
    0.1408    1.6552   -0.0918    0.1802    1.6552   -0.0927
    0.2234    1.6552   -0.0924    0.2698    1.6552   -0.0910
    0.3188    1.6552   -0.0884    0.3700    1.6552   -0.0848
    0.4227    1.6552   -0.0803    0.4763    1.6552   -0.0750
    0.5302    1.6552   -0.0691    0.5838    1.6552   -0.0627
    0.6363    1.6552   -0.0560    0.6873    1.6552   -0.0491
    0.7362    1.6552   -0.0423    0.7822    1.6552   -0.0355
    0.8250    1.6552   -0.0290    0.8641    1.6552   -0.0229
    0.8989    1.6552   -0.0173    0.9290    1.6552   -0.0123
    0.9542    1.6552   -0.0080    0.9740    1.6552   -0.0046
    0.9884    1.6552   -0.0021    0.9971    1.6552   -0.0005
    1.0000    1.6552    0.0000
    1.0000    1.7586    0.0000    0.9971    1.7586    0.0002
    0.9882    1.7586    0.0007    0.9737    1.7586    0.0016
    0.9536    1.7586    0.0028    0.9281    1.7586    0.0042
    0.8976    1.7586    0.0058    0.8624    1.7586    0.0074
    0.8229    1.7586    0.0091    0.7796    1.7586    0.0107
    0.7331    1.7586    0.0122    0.6838    1.7586    0.0136
    0.6323    1.7586    0.0146    0.5793    1.7586    0.0153
    0.5254    1.7586    0.0156    0.4712    1.7586    0.0154
    0.4173    1.7586    0.0146    0.3645    1.7586    0.0132
    0.3132    1.7586    0.0110    0.2642    1.7586    0.0080
    0.2179    1.7586    0.0042    0.1750    1.7586   -0.0004
    0.1359    1.7586   -0.0057    0.1012    1.7586   -0.0118
    0.0711    1.7586   -0.0184    0.0461    1.7586   -0.0256
    0.0265    1.7586   -0.0331    0.0124    1.7586   -0.0409
    0.0041    1.7586   -0.0488    0.0016    1.7586   -0.0568
    0.0050    1.7586   -0.0645    0.0142    1.7586   -0.0714
    0.0290    1.7586   -0.0775    0.0494    1.7586   -0.0828
    0.0750    1.7586   -0.0870    0.1056    1.7586   -0.0902
    0.1409    1.7586   -0.0923    0.1803    1.7586   -0.0932
    0.2234    1.7586   -0.0929    0.2698    1.7586   -0.0914
    0.3189    1.7586   -0.0888    0.3701    1.7586   -0.0852
    0.4228    1.7586   -0.0806    0.4764    1.7586   -0.0753
    0.5302    1.7586   -0.0693    0.5838    1.7586   -0.0629
    0.6364    1.7586   -0.0562    0.6874    1.7586   -0.0493
    0.7362    1.7586   -0.0424    0.7823    1.7586   -0.0357
    0.8251    1.7586   -0.0291    0.8641    1.7586   -0.0230
    0.8989    1.7586   -0.0174    0.9290    1.7586   -0.0123
    0.9542    1.7586   -0.0081    0.9740    1.7586   -0.0046
    0.9884    1.7586   -0.0021    0.9971    1.7586   -0.0005
    1.0000    1.7586    0.0000
    1.0000    1.8621    0.0000    0.9971    1.8621    0.0002
    0.9882    1.8621    0.0007    0.9737    1.8621    0.0016
    0.9536    1.8621    0.0028    0.9281    1.8621    0.0042
    0.8975    1.8621    0.0057    0.8623    1.8621    0.0073
    0.8229    1.8621    0.0090    0.7796    1.8621    0.0106
    0.7331    1.8621    0.0121    0.6838    1.8621    0.0133
    0.6323    1.8621    0.0144    0.5793    1.8621    0.0150
    0.5254    1.8621    0.0153    0.4712    1.8621    0.0151
    0.4173    1.8621    0.0142    0.3645    1.8621    0.0127
    0.3132    1.8621    0.0105    0.2641    1.8621    0.0075
    0.2179    1.8621    0.0037    0.1750    1.8621   -0.0009
    0.1359    1.8621   -0.0063    0.1012    1.8621   -0.0124
    0.0711    1.8621   -0.0191    0.0461    1.8621   -0.0262
    0.0265    1.8621   -0.0338    0.0124    1.8621   -0.0415
    0.0041    1.8621   -0.0495    0.0017    1.8621   -0.0575
    0.0050    1.8621   -0.0651    0.0142    1.8621   -0.0721
    0.0291    1.8621   -0.0782    0.0494    1.8621   -0.0834
    0.0751    1.8621   -0.0877    0.1057    1.8621   -0.0908
    0.1409    1.8621   -0.0929    0.1803    1.8621   -0.0937
    0.2235    1.8621   -0.0934    0.2699    1.8621   -0.0919
    0.3189    1.8621   -0.0892    0.3701    1.8621   -0.0856
    0.4228    1.8621   -0.0810    0.4764    1.8621   -0.0756
    0.5303    1.8621   -0.0697    0.5838    1.8621   -0.0632
    0.6364    1.8621   -0.0565    0.6874    1.8621   -0.0495
    0.7362    1.8621   -0.0426    0.7823    1.8621   -0.0358
    0.8251    1.8621   -0.0293    0.8641    1.8621   -0.0231
    0.8989    1.8621   -0.0174    0.9290    1.8621   -0.0124
    0.9542    1.8621   -0.0081    0.9740    1.8621   -0.0046
    0.9884    1.8621   -0.0021    0.9971    1.8621   -0.0005
    1.0000    1.8621    0.0000
    1.0000    1.9655    0.0000    0.9971    1.9655    0.0002
    0.9882    1.9655    0.0007    0.9737    1.9655    0.0016
    0.9535    1.9655    0.0027    0.9281    1.9655    0.0041
    0.8975    1.9655    0.0056    0.8623    1.9655    0.0072
    0.8229    1.9655    0.0089    0.7796    1.9655    0.0104
    0.7331    1.9655    0.0119    0.6838    1.9655    0.0131
    0.6323    1.9655    0.0141    0.5793    1.9655    0.0147
    0.5254    1.9655    0.0149    0.4712    1.9655    0.0147
    0.4173    1.9655    0.0138    0.3644    1.9655    0.0123
    0.3132    1.9655    0.0100    0.2641    1.9655    0.0069
    0.2179    1.9655    0.0031    0.1750    1.9655   -0.0015
    0.1359    1.9655   -0.0070    0.1012    1.9655   -0.0131
    0.0711    1.9655   -0.0198    0.0462    1.9655   -0.0269
    0.0265    1.9655   -0.0345    0.0125    1.9655   -0.0423
    0.0042    1.9655   -0.0502    0.0017    1.9655   -0.0582
    0.0051    1.9655   -0.0659    0.0143    1.9655   -0.0728
    0.0291    1.9655   -0.0789    0.0495    1.9655   -0.0841
    0.0751    1.9655   -0.0884    0.1058    1.9655   -0.0915
    0.1410    1.9655   -0.0935    0.1804    1.9655   -0.0944
    0.2236    1.9655   -0.0940    0.2699    1.9655   -0.0924
    0.3190    1.9655   -0.0898    0.3702    1.9655   -0.0861
    0.4229    1.9655   -0.0814    0.4765    1.9655   -0.0760
    0.5303    1.9655   -0.0700    0.5839    1.9655   -0.0635
    0.6365    1.9655   -0.0567    0.6874    1.9655   -0.0498
    0.7362    1.9655   -0.0428    0.7823    1.9655   -0.0360
    0.8251    1.9655   -0.0294    0.8641    1.9655   -0.0232
    0.8989    1.9655   -0.0175    0.9290    1.9655   -0.0124
    0.9542    1.9655   -0.0081    0.9741    1.9655   -0.0046
    0.9884    1.9655   -0.0021    0.9971    1.9655   -0.0005
    1.0000    1.9655    0.0000
    1.0000    2.0690    0.0000    0.9971    2.0690    0.0002
    0.9882    2.0690    0.0007    0.9737    2.0690    0.0016
    0.9535    2.0690    0.0027    0.9281    2.0690    0.0040
    0.8975    2.0690    0.0055    0.8623    2.0690    0.0071
    0.8229    2.0690    0.0087    0.7796    2.0690    0.0102
    0.7331    2.0690    0.0116    0.6838    2.0690    0.0128
    0.6323    2.0690    0.0138    0.5793    2.0690    0.0144
    0.5254    2.0690    0.0145    0.4712    2.0690    0.0142
    0.4173    2.0690    0.0133    0.3644    2.0690    0.0117
    0.3132    2.0690    0.0094    0.2641    2.0690    0.0063
    0.2179    2.0690    0.0024    0.1750    2.0690   -0.0023
    0.1359    2.0690   -0.0077    0.1012    2.0690   -0.0138
    0.0712    2.0690   -0.0206    0.0462    2.0690   -0.0278
    0.0266    2.0690   -0.0353    0.0125    2.0690   -0.0431
    0.0042    2.0690   -0.0511    0.0017    2.0690   -0.0591
    0.0051    2.0690   -0.0667    0.0143    2.0690   -0.0737
    0.0292    2.0690   -0.0797    0.0496    2.0690   -0.0849
    0.0752    2.0690   -0.0891    0.1058    2.0690   -0.0923
    0.1411    2.0690   -0.0943    0.1805    2.0690   -0.0951
    0.2236    2.0690   -0.0947    0.2700    2.0690   -0.0931
    0.3191    2.0690   -0.0903    0.3703    2.0690   -0.0866
    0.4229    2.0690   -0.0819    0.4765    2.0690   -0.0765
    0.5304    2.0690   -0.0704    0.5839    2.0690   -0.0639
    0.6365    2.0690   -0.0570    0.6875    2.0690   -0.0501
    0.7363    2.0690   -0.0430    0.7823    2.0690   -0.0362
    0.8251    2.0690   -0.0295    0.8641    2.0690   -0.0233
    0.8989    2.0690   -0.0176    0.9290    2.0690   -0.0125
    0.9542    2.0690   -0.0082    0.9741    2.0690   -0.0047
    0.9884    2.0690   -0.0021    0.9971    2.0690   -0.0005
    1.0000    2.0690    0.0000
    1.0000    2.1724    0.0000    0.9971    2.1724    0.0002
    0.9882    2.1724    0.0007    0.9737    2.1724    0.0015
    0.9535    2.1724    0.0026    0.9281    2.1724    0.0040
    0.8975    2.1724    0.0054    0.8623    2.1724    0.0070
    0.8229    2.1724    0.0085    0.7796    2.1724    0.0100
    0.7330    2.1724    0.0114    0.6837    2.1724    0.0125
    0.6323    2.1724    0.0134    0.5793    2.1724    0.0140
    0.5254    2.1724    0.0141    0.4712    2.1724    0.0137
    0.4173    2.1724    0.0127    0.3644    2.1724    0.0111
    0.3132    2.1724    0.0087    0.2641    2.1724    0.0056
    0.2179    2.1724    0.0017    0.1750    2.1724   -0.0031
    0.1360    2.1724   -0.0085    0.1012    2.1724   -0.0147
    0.0712    2.1724   -0.0215    0.0462    2.1724   -0.0287
    0.0266    2.1724   -0.0363    0.0126    2.1724   -0.0441
    0.0043    2.1724   -0.0520    0.0018    2.1724   -0.0601
    0.0052    2.1724   -0.0677    0.0144    2.1724   -0.0746
    0.0293    2.1724   -0.0807    0.0497    2.1724   -0.0859
    0.0753    2.1724   -0.0901    0.1059    2.1724   -0.0932
    0.1412    2.1724   -0.0951    0.1806    2.1724   -0.0959
    0.2237    2.1724   -0.0954    0.2701    2.1724   -0.0938
    0.3192    2.1724   -0.0910    0.3703    2.1724   -0.0872
    0.4230    2.1724   -0.0825    0.4766    2.1724   -0.0770
    0.5305    2.1724   -0.0709    0.5840    2.1724   -0.0643
    0.6366    2.1724   -0.0574    0.6875    2.1724   -0.0504
    0.7363    2.1724   -0.0433    0.7824    2.1724   -0.0364
    0.8252    2.1724   -0.0297    0.8642    2.1724   -0.0234
    0.8989    2.1724   -0.0177    0.9291    2.1724   -0.0126
    0.9542    2.1724   -0.0082    0.9741    2.1724   -0.0047
    0.9884    2.1724   -0.0021    0.9971    2.1724   -0.0005
    1.0000    2.1724    0.0000
    1.0000    2.2759    0.0000    0.9971    2.2759    0.0002
    0.9882    2.2759    0.0007    0.9737    2.2759    0.0015
    0.9535    2.2759    0.0026    0.9281    2.2759    0.0039
    0.8975    2.2759    0.0053    0.8623    2.2759    0.0068
    0.8229    2.2759    0.0083    0.7796    2.2759    0.0098
    0.7330    2.2759    0.0111    0.6837    2.2759    0.0122
    0.6323    2.2759    0.0130    0.5793    2.2759    0.0135
    0.5254    2.2759    0.0135    0.4711    2.2759    0.0131
    0.4173    2.2759    0.0121    0.3644    2.2759    0.0104
    0.3132    2.2759    0.0080    0.2641    2.2759    0.0048
    0.2179    2.2759    0.0008    0.1750    2.2759   -0.0040
    0.1360    2.2759   -0.0095    0.1012    2.2759   -0.0157
    0.0712    2.2759   -0.0225    0.0462    2.2759   -0.0297
    0.0266    2.2759   -0.0373    0.0126    2.2759   -0.0452
    0.0043    2.2759   -0.0531    0.0019    2.2759   -0.0612
    0.0053    2.2759   -0.0688    0.0145    2.2759   -0.0757
    0.0294    2.2759   -0.0818    0.0497    2.2759   -0.0869
    0.0754    2.2759   -0.0911    0.1060    2.2759   -0.0941
    0.1413    2.2759   -0.0961    0.1807    2.2759   -0.0968
    0.2238    2.2759   -0.0963    0.2702    2.2759   -0.0946
    0.3193    2.2759   -0.0918    0.3704    2.2759   -0.0879
    0.4231    2.2759   -0.0831    0.4767    2.2759   -0.0776
    0.5306    2.2759   -0.0714    0.5841    2.2759   -0.0647
    0.6366    2.2759   -0.0578    0.6876    2.2759   -0.0507
    0.7364    2.2759   -0.0436    0.7824    2.2759   -0.0366
    0.8252    2.2759   -0.0299    0.8642    2.2759   -0.0236
    0.8989    2.2759   -0.0178    0.9291    2.2759   -0.0126
    0.9542    2.2759   -0.0083    0.9741    2.2759   -0.0047
    0.9884    2.2759   -0.0021    0.9971    2.2759   -0.0005
    1.0000    2.2759    0.0000
    1.0000    2.3793    0.0000    0.9971    2.3793    0.0002
    0.9882    2.3793    0.0007    0.9737    2.3793    0.0015
    0.9535    2.3793    0.0025    0.9281    2.3793    0.0038
    0.8975    2.3793    0.0052    0.8623    2.3793    0.0067
    0.8228    2.3793    0.0081    0.7796    2.3793    0.0095
    0.7330    2.3793    0.0107    0.6837    2.3793    0.0118
    0.6323    2.3793    0.0125    0.5793    2.3793    0.0130
    0.5253    2.3793    0.0130    0.4711    2.3793    0.0124
    0.4173    2.3793    0.0113    0.3644    2.3793    0.0096
    0.3131    2.3793    0.0071    0.2641    2.3793    0.0039
    0.2179    2.3793   -0.0002    0.1750    2.3793   -0.0050
    0.1360    2.3793   -0.0106    0.1013    2.3793   -0.0168
    0.0712    2.3793   -0.0236    0.0463    2.3793   -0.0309
    0.0267    2.3793   -0.0386    0.0127    2.3793   -0.0464
    0.0044    2.3793   -0.0544    0.0019    2.3793   -0.0624
    0.0054    2.3793   -0.0701    0.0146    2.3793   -0.0769
    0.0295    2.3793   -0.0830    0.0499    2.3793   -0.0881
    0.0755    2.3793   -0.0922    0.1062    2.3793   -0.0953
    0.1414    2.3793   -0.0971    0.1808    2.3793   -0.0978
    0.2240    2.3793   -0.0972    0.2703    2.3793   -0.0955
    0.3194    2.3793   -0.0926    0.3705    2.3793   -0.0887
    0.4232    2.3793   -0.0838    0.4768    2.3793   -0.0782
    0.5306    2.3793   -0.0720    0.5842    2.3793   -0.0653
    0.6367    2.3793   -0.0583    0.6876    2.3793   -0.0511
    0.7364    2.3793   -0.0439    0.7825    2.3793   -0.0369
    0.8252    2.3793   -0.0301    0.8642    2.3793   -0.0238
    0.8990    2.3793   -0.0179    0.9291    2.3793   -0.0127
    0.9542    2.3793   -0.0083    0.9741    2.3793   -0.0047
    0.9884    2.3793   -0.0021    0.9971    2.3793   -0.0005
    1.0000    2.3793    0.0000
    1.0000    2.4828    0.0000    0.9971    2.4828    0.0002
    0.9882    2.4828    0.0007    0.9737    2.4828    0.0014
    0.9535    2.4828    0.0025    0.9280    2.4828    0.0037
    0.8975    2.4828    0.0051    0.8623    2.4828    0.0065
    0.8228    2.4828    0.0079    0.7796    2.4828    0.0092
    0.7330    2.4828    0.0104    0.6837    2.4828    0.0113
    0.6322    2.4828    0.0120    0.5792    2.4828    0.0124
    0.5253    2.4828    0.0123    0.4711    2.4828    0.0117
    0.4172    2.4828    0.0105    0.3644    2.4828    0.0087
    0.3131    2.4828    0.0062    0.2641    2.4828    0.0028
    0.2179    2.4828   -0.0013    0.1750    2.4828   -0.0062
    0.1360    2.4828   -0.0118    0.1013    2.4828   -0.0181
    0.0713    2.4828   -0.0250    0.0463    2.4828   -0.0323
    0.0267    2.4828   -0.0399    0.0127    2.4828   -0.0478
    0.0045    2.4828   -0.0558    0.0020    2.4828   -0.0638
    0.0055    2.4828   -0.0715    0.0147    2.4828   -0.0783
    0.0296    2.4828   -0.0843    0.0500    2.4828   -0.0894
    0.0757    2.4828   -0.0935    0.1063    2.4828   -0.0965
    0.1415    2.4828   -0.0983    0.1810    2.4828   -0.0989
    0.2241    2.4828   -0.0983    0.2705    2.4828   -0.0965
    0.3195    2.4828   -0.0936    0.3707    2.4828   -0.0896
    0.4233    2.4828   -0.0847    0.4769    2.4828   -0.0790
    0.5307    2.4828   -0.0726    0.5842    2.4828   -0.0659
    0.6368    2.4828   -0.0588    0.6877    2.4828   -0.0515
    0.7365    2.4828   -0.0443    0.7825    2.4828   -0.0372
    0.8253    2.4828   -0.0304    0.8642    2.4828   -0.0240
    0.8990    2.4828   -0.0181    0.9291    2.4828   -0.0128
    0.9542    2.4828   -0.0084    0.9741    2.4828   -0.0048
    0.9884    2.4828   -0.0021    0.9971    2.4828   -0.0005
    1.0000    2.4828    0.0000
    1.0000    2.5862    0.0000    0.9971    2.5862    0.0002
    0.9882    2.5862    0.0006    0.9737    2.5862    0.0014
    0.9535    2.5862    0.0024    0.9280    2.5862    0.0036
    0.8975    2.5862    0.0049    0.8623    2.5862    0.0063
    0.8228    2.5862    0.0076    0.7795    2.5862    0.0088
    0.7330    2.5862    0.0100    0.6837    2.5862    0.0108
    0.6322    2.5862    0.0115    0.5792    2.5862    0.0117
    0.5253    2.5862    0.0115    0.4711    2.5862    0.0109
    0.4172    2.5862    0.0096    0.3644    2.5862    0.0077
    0.3131    2.5862    0.0051    0.2641    2.5862    0.0017
    0.2179    2.5862   -0.0025    0.1750    2.5862   -0.0075
    0.1360    2.5862   -0.0131    0.1013    2.5862   -0.0195
    0.0713    2.5862   -0.0264    0.0464    2.5862   -0.0338
    0.0268    2.5862   -0.0415    0.0128    2.5862   -0.0494
    0.0046    2.5862   -0.0574    0.0021    2.5862   -0.0654
    0.0056    2.5862   -0.0730    0.0148    2.5862   -0.0799
    0.0297    2.5862   -0.0859    0.0501    2.5862   -0.0909
    0.0758    2.5862   -0.0950    0.1064    2.5862   -0.0979
    0.1417    2.5862   -0.0997    0.1811    2.5862   -0.1002
    0.2243    2.5862   -0.0996    0.2706    2.5862   -0.0977
    0.3197    2.5862   -0.0946    0.3708    2.5862   -0.0906
    0.4235    2.5862   -0.0856    0.4770    2.5862   -0.0798
    0.5309    2.5862   -0.0734    0.5843    2.5862   -0.0665
    0.6369    2.5862   -0.0593    0.6878    2.5862   -0.0520
    0.7366    2.5862   -0.0447    0.7826    2.5862   -0.0375
    0.8253    2.5862   -0.0306    0.8643    2.5862   -0.0242
    0.8990    2.5862   -0.0182    0.9291    2.5862   -0.0129
    0.9542    2.5862   -0.0084    0.9741    2.5862   -0.0048
    0.9884    2.5862   -0.0022    0.9971    2.5862   -0.0005
    1.0000    2.5862    0.0000
    1.0000    2.6897    0.0000    0.9971    2.6897    0.0002
    0.9882    2.6897    0.0006    0.9737    2.6897    0.0014
    0.9535    2.6897    0.0023    0.9280    2.6897    0.0035
    0.8975    2.6897    0.0047    0.8623    2.6897    0.0060
    0.8228    2.6897    0.0073    0.7795    2.6897    0.0085
    0.7330    2.6897    0.0095    0.6837    2.6897    0.0103
    0.6322    2.6897    0.0108    0.5792    2.6897    0.0110
    0.5253    2.6897    0.0107    0.4711    2.6897    0.0099
    0.4172    2.6897    0.0086    0.3644    2.6897    0.0066
    0.3131    2.6897    0.0039    0.2641    2.6897    0.0004
    0.2179    2.6897   -0.0039    0.1750    2.6897   -0.0089
    0.1360    2.6897   -0.0147    0.1013    2.6897   -0.0211
    0.0714    2.6897   -0.0280    0.0464    2.6897   -0.0355
    0.0269    2.6897   -0.0432    0.0129    2.6897   -0.0511
    0.0047    2.6897   -0.0591    0.0023    2.6897   -0.0671
    0.0057    2.6897   -0.0748    0.0149    2.6897   -0.0816
    0.0299    2.6897   -0.0876    0.0503    2.6897   -0.0926
    0.0760    2.6897   -0.0966    0.1066    2.6897   -0.0995
    0.1419    2.6897   -0.1012    0.1813    2.6897   -0.1017
    0.2244    2.6897   -0.1009    0.2708    2.6897   -0.0990
    0.3198    2.6897   -0.0958    0.3710    2.6897   -0.0917
    0.4236    2.6897   -0.0866    0.4772    2.6897   -0.0807
    0.5310    2.6897   -0.0742    0.5845    2.6897   -0.0672
    0.6370    2.6897   -0.0600    0.6879    2.6897   -0.0526
    0.7366    2.6897   -0.0452    0.7826    2.6897   -0.0379
    0.8254    2.6897   -0.0310    0.8643    2.6897   -0.0244
    0.8991    2.6897   -0.0184    0.9291    2.6897   -0.0131
    0.9543    2.6897   -0.0085    0.9741    2.6897   -0.0049
    0.9884    2.6897   -0.0022    0.9971    2.6897   -0.0006
    1.0000    2.6897    0.0000
    1.0000    2.7931    0.0000    0.9971    2.7931    0.0002
    0.9882    2.7931    0.0006    0.9737    2.7931    0.0013
    0.9535    2.7931    0.0022    0.9280    2.7931    0.0033
    0.8975    2.7931    0.0045    0.8623    2.7931    0.0057
    0.8228    2.7931    0.0069    0.7795    2.7931    0.0080
    0.7329    2.7931    0.0090    0.6836    2.7931    0.0097
    0.6322    2.7931    0.0101    0.5792    2.7931    0.0101
    0.5253    2.7931    0.0098    0.4711    2.7931    0.0089
    0.4172    2.7931    0.0074    0.3643    2.7931    0.0053
    0.3131    2.7931    0.0025    0.2641    2.7931   -0.0011
    0.2179    2.7931   -0.0054    0.1751    2.7931   -0.0105
    0.1361    2.7931   -0.0164    0.1014    2.7931   -0.0228
    0.0714    2.7931   -0.0299    0.0465    2.7931   -0.0373
    0.0270    2.7931   -0.0451    0.0130    2.7931   -0.0530
    0.0048    2.7931   -0.0610    0.0024    2.7931   -0.0691
    0.0059    2.7931   -0.0767    0.0151    2.7931   -0.0835
    0.0300    2.7931   -0.0895    0.0505    2.7931   -0.0945
    0.0762    2.7931   -0.0984    0.1068    2.7931   -0.1012
    0.1421    2.7931   -0.1029    0.1815    2.7931   -0.1033
    0.2246    2.7931   -0.1024    0.2710    2.7931   -0.1004
    0.3200    2.7931   -0.0972    0.3712    2.7931   -0.0929
    0.4238    2.7931   -0.0877    0.4773    2.7931   -0.0817
    0.5311    2.7931   -0.0751    0.5846    2.7931   -0.0681
    0.6371    2.7931   -0.0607    0.6880    2.7931   -0.0532
    0.7367    2.7931   -0.0457    0.7827    2.7931   -0.0383
    0.8254    2.7931   -0.0313    0.8644    2.7931   -0.0247
    0.8991    2.7931   -0.0186    0.9292    2.7931   -0.0132
    0.9543    2.7931   -0.0086    0.9741    2.7931   -0.0049
    0.9884    2.7931   -0.0022    0.9971    2.7931   -0.0006
    1.0000    2.7931    0.0000
    1.0000    2.8966    0.0000    0.9971    2.8966    0.0001
    0.9882    2.8966    0.0006    0.9737    2.8966    0.0012
    0.9535    2.8966    0.0021    0.9280    2.8966    0.0032
    0.8975    2.8966    0.0043    0.8623    2.8966    0.0054
    0.8228    2.8966    0.0065    0.7795    2.8966    0.0075
    0.7329    2.8966    0.0084    0.6836    2.8966    0.0090
    0.6322    2.8966    0.0093    0.5792    2.8966    0.0092
    0.5252    2.8966    0.0087    0.4710    2.8966    0.0078
    0.4172    2.8966    0.0062    0.3643    2.8966    0.0040
    0.3131    2.8966    0.0010    0.2641    2.8966   -0.0027
    0.2179    2.8966   -0.0071    0.1751    2.8966   -0.0123
    0.1361    2.8966   -0.0182    0.1014    2.8966   -0.0248
    0.0715    2.8966   -0.0319    0.0466    2.8966   -0.0394
    0.0271    2.8966   -0.0472    0.0131    2.8966   -0.0552
    0.0049    2.8966   -0.0632    0.0025    2.8966   -0.0712
    0.0060    2.8966   -0.0789    0.0153    2.8966   -0.0857
    0.0302    2.8966   -0.0916    0.0507    2.8966   -0.0965
    0.0764    2.8966   -0.1004    0.1070    2.8966   -0.1032
    0.1423    2.8966   -0.1047    0.1817    2.8966   -0.1051
    0.2249    2.8966   -0.1041    0.2712    2.8966   -0.1020
    0.3202    2.8966   -0.0986    0.3714    2.8966   -0.0943
    0.4240    2.8966   -0.0890    0.4775    2.8966   -0.0829
    0.5313    2.8966   -0.0761    0.5847    2.8966   -0.0690
    0.6372    2.8966   -0.0615    0.6881    2.8966   -0.0539
    0.7368    2.8966   -0.0463    0.7828    2.8966   -0.0388
    0.8255    2.8966   -0.0317    0.8644    2.8966   -0.0250
    0.8991    2.8966   -0.0188    0.9292    2.8966   -0.0134
    0.9543    2.8966   -0.0087    0.9741    2.8966   -0.0050
    0.9884    2.8966   -0.0022    0.9971    2.8966   -0.0006
    1.0000    2.8966    0.0000
    1.0000    3.0000    0.0000    0.9971    3.0000    0.0001
    0.9882    3.0000    0.0005    0.9737    3.0000    0.0012
    0.9535    3.0000    0.0020    0.9280    3.0000    0.0030
    0.8975    3.0000    0.0040    0.8622    3.0000    0.0051
    0.8228    3.0000    0.0061    0.7795    3.0000    0.0070
    0.7329    3.0000    0.0077    0.6836    3.0000    0.0082
    0.6321    3.0000    0.0084    0.5791    3.0000    0.0082
    0.5252    3.0000    0.0076    0.4710    3.0000    0.0065
    0.4172    3.0000    0.0048    0.3643    3.0000    0.0024
    0.3131    3.0000   -0.0006    0.2641    3.0000   -0.0044
    0.2179    3.0000   -0.0090    0.1751    3.0000   -0.0143
    0.1362    3.0000   -0.0203    0.1015    3.0000   -0.0269
    0.0716    3.0000   -0.0341    0.0467    3.0000   -0.0417
    0.0272    3.0000   -0.0495    0.0132    3.0000   -0.0575
    0.0051    3.0000   -0.0656    0.0027    3.0000   -0.0736
    0.0062    3.0000   -0.0813    0.0155    3.0000   -0.0880
    0.0305    3.0000   -0.0939    0.0509    3.0000   -0.0988
    0.0766    3.0000   -0.1026    0.1073    3.0000   -0.1053
    0.1425    3.0000   -0.1068    0.1820    3.0000   -0.1070
    0.2251    3.0000   -0.1060    0.2715    3.0000   -0.1037
    0.3205    3.0000   -0.1003    0.3716    3.0000   -0.0958
    0.4242    3.0000   -0.0903    0.4777    3.0000   -0.0841
    0.5315    3.0000   -0.0773    0.5849    3.0000   -0.0699
    0.6374    3.0000   -0.0623    0.6882    3.0000   -0.0546
    0.7369    3.0000   -0.0469    0.7829    3.0000   -0.0393
    0.8256    3.0000   -0.0321    0.8645    3.0000   -0.0253
    0.8992    3.0000   -0.0191    0.9292    3.0000   -0.0135
    0.9543    3.0000   -0.0088    0.9741    3.0000   -0.0050
    0.9884    3.0000   -0.0023    0.9971    3.0000   -0.0006
    1.0000    3.0000    0.0000
$POINTS for network #  2   wingtip                                           
       1.0
       1.0                                     0.0       0.0
      30.0       8.0                                                  wingtip   
    1.0000    3.0000    0.0000    0.9971    3.0000    0.0001
    0.9882    3.0000    0.0005    0.9737    3.0000    0.0012
    0.9535    3.0000    0.0020    0.9280    3.0000    0.0030
    0.8975    3.0000    0.0040    0.8622    3.0000    0.0051
    0.8228    3.0000    0.0061    0.7795    3.0000    0.0070
    0.7329    3.0000    0.0077    0.6836    3.0000    0.0082
    0.6321    3.0000    0.0084    0.5791    3.0000    0.0082
    0.5252    3.0000    0.0076    0.4710    3.0000    0.0065
    0.4172    3.0000    0.0048    0.3643    3.0000    0.0024
    0.3131    3.0000   -0.0006    0.2641    3.0000   -0.0044
    0.2179    3.0000   -0.0090    0.1751    3.0000   -0.0143
    0.1362    3.0000   -0.0203    0.1015    3.0000   -0.0269
    0.0716    3.0000   -0.0341    0.0467    3.0000   -0.0417
    0.0272    3.0000   -0.0495    0.0132    3.0000   -0.0575
    0.0051    3.0000   -0.0656    0.0027    3.0000   -0.0736
    1.0000    3.0000    0.0000    0.9971    3.0002    0.0001
    0.9882    3.0006    0.0004    0.9737    3.0014    0.0009
    0.9536    3.0024    0.0015    0.9281    3.0036    0.0022
    0.8976    3.0050    0.0029    0.8624    3.0066    0.0036
    0.8229    3.0083    0.0042    0.7796    3.0101    0.0047
    0.7331    3.0119    0.0050    0.6838    3.0137    0.0051
    0.6324    3.0154    0.0049    0.5794    3.0170    0.0044
    0.5255    3.0185    0.0034    0.4713    3.0197    0.0020
    0.4175    3.0207    0.0001    0.3647    3.0214   -0.0024
    0.3135    3.0217   -0.0056    0.2645    3.0216   -0.0093
    0.2183    3.0211   -0.0138    0.1755    3.0202   -0.0189
    0.1365    3.0188   -0.0246    0.1018    3.0170   -0.0308
    0.0718    3.0149   -0.0375    0.0469    3.0124   -0.0445
    0.0273    3.0097   -0.0517    0.0134    3.0066   -0.0590
    0.0051    3.0034   -0.0664    0.0027    3.0000   -0.0736
    1.0000    3.0000    0.0000    0.9971    3.0003    0.0000
    0.9883    3.0011    0.0000    0.9738    3.0024    0.0000
    0.9537    3.0042   -0.0000    0.9282    3.0065   -0.0001
    0.8978    3.0091   -0.0003    0.8627    3.0119   -0.0006
    0.8233    3.0150   -0.0011    0.7801    3.0182   -0.0017
    0.7337    3.0214   -0.0025    0.6845    3.0246   -0.0036
    0.6331    3.0277   -0.0049    0.5802    3.0306   -0.0065
    0.5264    3.0333   -0.0084    0.4723    3.0355   -0.0106
    0.4185    3.0373   -0.0131    0.3657    3.0385   -0.0161
    0.3145    3.0391   -0.0194    0.2655    3.0389   -0.0231
    0.2193    3.0380   -0.0272    0.1764    3.0363   -0.0318
    0.1374    3.0339   -0.0366    0.1026    3.0307   -0.0417
    0.0725    3.0269   -0.0470    0.0475    3.0224   -0.0524
    0.0278    3.0174   -0.0579    0.0137    3.0120   -0.0633
    0.0053    3.0061   -0.0685    0.0027    3.0000   -0.0736
    1.0000    3.0000    0.0000    0.9971    3.0003   -0.0001
    0.9883    3.0014   -0.0005    0.9738    3.0030   -0.0012
    0.9538    3.0053   -0.0022    0.9285    3.0081   -0.0034
    0.8981    3.0113   -0.0049    0.8631    3.0149   -0.0067
    0.8239    3.0187   -0.0087    0.7808    3.0227   -0.0110
    0.7345    3.0267   -0.0135    0.6854    3.0307   -0.0162
    0.6342    3.0346   -0.0191    0.5814    3.0382   -0.0222
    0.5277    3.0415   -0.0254    0.4736    3.0443   -0.0287
    0.4199    3.0465   -0.0322    0.3671    3.0480   -0.0357
    0.3160    3.0487   -0.0394    0.2670    3.0485   -0.0430
    0.2207    3.0474   -0.0467    0.1778    3.0453   -0.0503
    0.1386    3.0423   -0.0539    0.1037    3.0383   -0.0574
    0.0735    3.0335   -0.0607    0.0483    3.0279   -0.0639
    0.0285    3.0217   -0.0668    0.0141    3.0149   -0.0694
    0.0055    3.0077   -0.0717    0.0027    3.0000   -0.0736
    1.0000    3.0000    0.0000    0.9971    3.0003   -0.0003
    0.9884    3.0014   -0.0012    0.9739    3.0030   -0.0026
    0.9540    3.0053   -0.0046    0.9288    3.0081   -0.0071
    0.8985    3.0113   -0.0101    0.8636    3.0149   -0.0135
    0.8245    3.0187   -0.0172    0.7816    3.0227   -0.0213
    0.7354    3.0267   -0.0257    0.6864    3.0307   -0.0302
    0.6353    3.0346   -0.0348    0.5827    3.0382   -0.0396
    0.5291    3.0415   -0.0443    0.4751    3.0443   -0.0489
    0.4215    3.0465   -0.0534    0.3688    3.0480   -0.0576
    0.3176    3.0487   -0.0615    0.2686    3.0485   -0.0651
    0.2223    3.0474   -0.0683    0.1793    3.0453   -0.0710
    0.1401    3.0423   -0.0732    0.1050    3.0383   -0.0749
    0.0747    3.0335   -0.0760    0.0493    3.0279   -0.0766
    0.0292    3.0217   -0.0767    0.0146    3.0149   -0.0762
    0.0058    3.0077   -0.0752    0.0027    3.0000   -0.0736
    1.0000    3.0000    0.0000    0.9971    3.0003   -0.0004
    0.9884    3.0011   -0.0017    0.9740    3.0024   -0.0039
    0.9542    3.0042   -0.0068    0.9290    3.0065   -0.0104
    0.8989    3.0091   -0.0147    0.8641    3.0119   -0.0196
    0.8251    3.0150   -0.0249    0.7823    3.0182   -0.0306
    0.7362    3.0214   -0.0366    0.6874    3.0246   -0.0428
    0.6364    3.0277   -0.0490    0.5838    3.0306   -0.0552
    0.5303    3.0333   -0.0613    0.4764    3.0355   -0.0671
    0.4229    3.0373   -0.0724    0.3702    3.0385   -0.0773
    0.3191    3.0391   -0.0815    0.2701    3.0389   -0.0850
    0.2238    3.0380   -0.0877    0.1807    3.0363   -0.0896
    0.1413    3.0339   -0.0905    0.1062    3.0307   -0.0906
    0.0757    3.0269   -0.0897    0.0501    3.0224   -0.0880
    0.0298    3.0174   -0.0855    0.0151    3.0120   -0.0823
    0.0060    3.0061   -0.0783    0.0027    3.0000   -0.0736
    1.0000    3.0000    0.0000    0.9971    3.0002   -0.0005
    0.9884    3.0006   -0.0021    0.9741    3.0014   -0.0047
    0.9543    3.0024   -0.0083    0.9292    3.0036   -0.0127
    0.8991    3.0050   -0.0179    0.8644    3.0066   -0.0238
    0.8254    3.0083   -0.0302    0.7827    3.0101   -0.0370
    0.7367    3.0119   -0.0442    0.6880    3.0137   -0.0515
    0.6371    3.0154   -0.0588    0.5846    3.0170   -0.0661
    0.5312    3.0185   -0.0731    0.4774    3.0197   -0.0796
    0.4239    3.0207   -0.0856    0.3712    3.0214   -0.0909
    0.3201    3.0217   -0.0953    0.2711    3.0216   -0.0988
    0.2248    3.0211   -0.1012    0.1816    3.0202   -0.1024
    0.1422    3.0188   -0.1025    0.1070    3.0170   -0.1014
    0.0764    3.0149   -0.0992    0.0507    3.0124   -0.0960
    0.0303    3.0097   -0.0917    0.0154    3.0066   -0.0865
    0.0062    3.0034   -0.0805    0.0027    3.0000   -0.0736
    1.0000    3.0000    0.0000    0.9971    3.0000   -0.0006
    0.9884    3.0000   -0.0023    0.9741    3.0000   -0.0050
    0.9543    3.0000   -0.0088    0.9292    3.0000   -0.0135
    0.8992    3.0000   -0.0191    0.8645    3.0000   -0.0253
    0.8256    3.0000   -0.0321    0.7829    3.0000   -0.0393
    0.7369    3.0000   -0.0469    0.6882    3.0000   -0.0546
    0.6374    3.0000   -0.0623    0.5849    3.0000   -0.0699
    0.5315    3.0000   -0.0773    0.4777    3.0000   -0.0841
    0.4242    3.0000   -0.0903    0.3716    3.0000   -0.0958
    0.3205    3.0000   -0.1003    0.2715    3.0000   -0.1037
    0.2251    3.0000   -0.1060    0.1820    3.0000   -0.1070
    0.1425    3.0000   -0.1068    0.1073    3.0000   -0.1053
    0.0766    3.0000   -0.1026    0.0509    3.0000   -0.0988
    0.0305    3.0000   -0.0939    0.0155    3.0000   -0.0880
    0.0062    3.0000   -0.0813    0.0027    3.0000   -0.0736
$POINTS for network #  3   wingwake                                          
       1.0
      18.0                                     0.0       0.0
       2.0      30.0                                                  wingwake  
    1.0000    0.0000    0.0000   50.0000    0.0000    0.0000
    1.0000    0.1034    0.0000   50.0000    0.1034    0.0000
    1.0000    0.2069    0.0000   50.0000    0.2069    0.0000
    1.0000    0.3103    0.0000   50.0000    0.3103    0.0000
    1.0000    0.4138    0.0000   50.0000    0.4138    0.0000
    1.0000    0.5172    0.0000   50.0000    0.5172    0.0000
    1.0000    0.6207    0.0000   50.0000    0.6207    0.0000
    1.0000    0.7241    0.0000   50.0000    0.7241    0.0000
    1.0000    0.8276    0.0000   50.0000    0.8276    0.0000
    1.0000    0.9310    0.0000   50.0000    0.9310    0.0000
    1.0000    1.0345    0.0000   50.0000    1.0345    0.0000
    1.0000    1.1379    0.0000   50.0000    1.1379    0.0000
    1.0000    1.2414    0.0000   50.0000    1.2414    0.0000
    1.0000    1.3448    0.0000   50.0000    1.3448    0.0000
    1.0000    1.4483    0.0000   50.0000    1.4483    0.0000
    1.0000    1.5517    0.0000   50.0000    1.5517    0.0000
    1.0000    1.6552    0.0000   50.0000    1.6552    0.0000
    1.0000    1.7586    0.0000   50.0000    1.7586    0.0000
    1.0000    1.8621    0.0000   50.0000    1.8621    0.0000
    1.0000    1.9655    0.0000   50.0000    1.9655    0.0000
    1.0000    2.0690    0.0000   50.0000    2.0690    0.0000
    1.0000    2.1724    0.0000   50.0000    2.1724    0.0000
    1.0000    2.2759    0.0000   50.0000    2.2759    0.0000
    1.0000    2.3793    0.0000   50.0000    2.3793    0.0000
    1.0000    2.4828    0.0000   50.0000    2.4828    0.0000
    1.0000    2.5862    0.0000   50.0000    2.5862    0.0000
    1.0000    2.6897    0.0000   50.0000    2.6897    0.0000
    1.0000    2.7931    0.0000   50.0000    2.7931    0.0000
    1.0000    2.8966    0.0000   50.0000    2.8966    0.0000
    1.0000    3.0000    0.0000   50.0000    3.0000    0.0000
$END OF INPUT DATA
