$TITLE    Created by panin, version 1.0 (4Jan2000) on                
INPUT FILE FOR PanAir (A502-ht2)                                                
Created by PANIN                                                                
$DATACHECK
    0.0000
$SYM
    1.0000    0.0000
$MACH NUMBER
    0.5000
$CASES
    1.0000
$ANGLES OF ATTACK
    0.0000
    7.4200
$YAW ANGLES
    0.0000
    0.0000
$REFERENCE DATA FOR 3-D FORCES AND MOMENTS
    0.2500    0.0000    0.0000    1.0000
    6.0000    6.0000    1.0000    6.0000
$PRINTOUT CONTROL
       0.0       0.0       0.0       0.0       0.0       0.0
       0.0       0.0       0.0       0.0       0.0       0.0
$EAT
  0.000000       0.0       0.0       0.0       0.0       0.0
$VELOCITY CORRECTION
    0.0000
$POINTS for network #  1   wing                                              
       1.0
       1.0                                     0.0       0.0
      59.0      30.0                                                  wing      
    1.0000    0.0000    0.0000    0.9971    0.0000    0.0004
    0.9883    0.0000    0.0014    0.9738    0.0000    0.0031
    0.9538    0.0000    0.0054    0.9284    0.0000    0.0083
    0.8980    0.0000    0.0116    0.8630    0.0000    0.0152
    0.8237    0.0000    0.0192    0.7806    0.0000    0.0232
    0.7342    0.0000    0.0274    0.6851    0.0000    0.0315
    0.6338    0.0000    0.0355    0.5809    0.0000    0.0392
    0.5271    0.0000    0.0425    0.4729    0.0000    0.0454
    0.4191    0.0000    0.0477    0.3662    0.0000    0.0492
    0.3149    0.0000    0.0500    0.2658    0.0000    0.0498
    0.2194    0.0000    0.0486    0.1763    0.0000    0.0465
    0.1370    0.0000    0.0434    0.1020    0.0000    0.0393
    0.0716    0.0000    0.0344    0.0462    0.0000    0.0286
    0.0262    0.0000    0.0222    0.0117    0.0000    0.0153
    0.0029    0.0000    0.0079    0.0000    0.0000    0.0000
    0.0029    0.0000   -0.0079    0.0117    0.0000   -0.0153
    0.0262    0.0000   -0.0222    0.0462    0.0000   -0.0286
    0.0716    0.0000   -0.0344    0.1020    0.0000   -0.0393
    0.1370    0.0000   -0.0434    0.1763    0.0000   -0.0465
    0.2194    0.0000   -0.0486    0.2658    0.0000   -0.0498
    0.3149    0.0000   -0.0500    0.3662    0.0000   -0.0492
    0.4191    0.0000   -0.0477    0.4729    0.0000   -0.0454
    0.5271    0.0000   -0.0425    0.5809    0.0000   -0.0392
    0.6338    0.0000   -0.0355    0.6851    0.0000   -0.0315
    0.7342    0.0000   -0.0274    0.7806    0.0000   -0.0232
    0.8237    0.0000   -0.0192    0.8630    0.0000   -0.0152
    0.8980    0.0000   -0.0116    0.9284    0.0000   -0.0083
    0.9538    0.0000   -0.0054    0.9738    0.0000   -0.0031
    0.9883    0.0000   -0.0014    0.9971    0.0000   -0.0004
    1.0000    0.0000    0.0000
    1.0000    0.1034    0.0000    0.9971    0.1034    0.0003
    0.9883    0.1034    0.0011    0.9738    0.1034    0.0025
    0.9537    0.1034    0.0043    0.9282    0.1034    0.0065
    0.8978    0.1034    0.0090    0.8627    0.1034    0.0118
    0.8233    0.1034    0.0147    0.7801    0.1034    0.0177
    0.7336    0.1034    0.0207    0.6844    0.1034    0.0236
    0.6330    0.1034    0.0262    0.5800    0.1034    0.0286
    0.5261    0.1034    0.0306    0.4720    0.1034    0.0321
    0.4181    0.1034    0.0330    0.3652    0.1034    0.0333
    0.3139    0.1034    0.0327    0.2648    0.1034    0.0313
    0.2184    0.1034    0.0289    0.1754    0.1034    0.0257
    0.1362    0.1034    0.0216    0.1012    0.1034    0.0167
    0.0710    0.1034    0.0110    0.0458    0.1034    0.0046
    0.0259    0.1034   -0.0023    0.0116    0.1034   -0.0096
    0.0030    0.1034   -0.0173    0.0003    0.1034   -0.0252
    0.0034    0.1034   -0.0330    0.0124    0.1034   -0.0402
    0.0270    0.1034   -0.0468    0.0472    0.1034   -0.0527
    0.0727    0.1034   -0.0577    0.1032    0.1034   -0.0619
    0.1384    0.1034   -0.0651    0.1777    0.1034   -0.0672
    0.2209    0.1034   -0.0683    0.2673    0.1034   -0.0683
    0.3164    0.1034   -0.0672    0.3677    0.1034   -0.0652
    0.4205    0.1034   -0.0623    0.4742    0.1034   -0.0587
    0.5283    0.1034   -0.0544    0.5820    0.1034   -0.0497
    0.6348    0.1034   -0.0447    0.6860    0.1034   -0.0394
    0.7350    0.1034   -0.0341    0.7812    0.1034   -0.0288
    0.8242    0.1034   -0.0236    0.8634    0.1034   -0.0187
    0.8984    0.1034   -0.0141    0.9287    0.1034   -0.0101
    0.9539    0.1034   -0.0066    0.9739    0.1034   -0.0038
    0.9883    0.1034   -0.0017    0.9971    0.1034   -0.0004
    1.0000    0.1034    0.0000
    1.0000    0.2069    0.0000    0.9971    0.2069    0.0003
    0.9883    0.2069    0.0010    0.9737    0.2069    0.0023
    0.9536    0.2069    0.0039    0.9282    0.2069    0.0060
    0.8977    0.2069    0.0083    0.8626    0.2069    0.0108
    0.8232    0.2069    0.0134    0.7800    0.2069    0.0161
    0.7335    0.2069    0.0188    0.6842    0.2069    0.0213
    0.6328    0.2069    0.0236    0.5798    0.2069    0.0256
    0.5259    0.2069    0.0272    0.4717    0.2069    0.0284
    0.4179    0.2069    0.0289    0.3650    0.2069    0.0287
    0.3137    0.2069    0.0278    0.2646    0.2069    0.0260
    0.2182    0.2069    0.0234    0.1752    0.2069    0.0198
    0.1361    0.2069    0.0154    0.1012    0.2069    0.0102
    0.0709    0.2069    0.0043    0.0458    0.2069   -0.0022
    0.0260    0.2069   -0.0092    0.0117    0.2069   -0.0167
    0.0032    0.2069   -0.0244    0.0005    0.2069   -0.0323
    0.0037    0.2069   -0.0401    0.0127    0.2069   -0.0472
    0.0274    0.2069   -0.0537    0.0476    0.2069   -0.0595
    0.0732    0.2069   -0.0644    0.1037    0.2069   -0.0683
    0.1389    0.2069   -0.0712    0.1782    0.2069   -0.0731
    0.2214    0.2069   -0.0738    0.2678    0.2069   -0.0735
    0.3169    0.2069   -0.0721    0.3682    0.2069   -0.0697
    0.4210    0.2069   -0.0664    0.4747    0.2069   -0.0624
    0.5287    0.2069   -0.0578    0.5824    0.2069   -0.0527
    0.6351    0.2069   -0.0473    0.6863    0.2069   -0.0417
    0.7352    0.2069   -0.0360    0.7815    0.2069   -0.0303
    0.8244    0.2069   -0.0248    0.8636    0.2069   -0.0197
    0.8985    0.2069   -0.0149    0.9287    0.2069   -0.0106
    0.9540    0.2069   -0.0069    0.9739    0.2069   -0.0040
    0.9884    0.2069   -0.0018    0.9971    0.2069   -0.0004
    1.0000    0.2069    0.0000
    1.0000    0.3103    0.0000    0.9971    0.3103    0.0002
    0.9883    0.3103    0.0010    0.9737    0.3103    0.0022
    0.9536    0.3103    0.0037    0.9282    0.3103    0.0057
    0.8977    0.3103    0.0078    0.8625    0.3103    0.0102
    0.8231    0.3103    0.0127    0.7799    0.3103    0.0152
    0.7334    0.3103    0.0176    0.6841    0.3103    0.0199
    0.6327    0.3103    0.0220    0.5797    0.3103    0.0238
    0.5258    0.3103    0.0252    0.4716    0.3103    0.0261
    0.4178    0.3103    0.0264    0.3649    0.3103    0.0260
    0.3136    0.3103    0.0248    0.2645    0.3103    0.0228
    0.2181    0.3103    0.0200    0.1752    0.3103    0.0163
    0.1360    0.3103    0.0117    0.1011    0.3103    0.0064
    0.0709    0.3103    0.0003    0.0458    0.3103   -0.0063
    0.0260    0.3103   -0.0135    0.0118    0.3103   -0.0209
    0.0033    0.3103   -0.0287    0.0007    0.3103   -0.0367
    0.0039    0.3103   -0.0444    0.0129    0.3103   -0.0515
    0.0276    0.3103   -0.0579    0.0479    0.3103   -0.0636
    0.0735    0.3103   -0.0684    0.1040    0.3103   -0.0722
    0.1392    0.3103   -0.0750    0.1786    0.3103   -0.0767
    0.2217    0.3103   -0.0772    0.2681    0.3103   -0.0767
    0.3172    0.3103   -0.0750    0.3685    0.3103   -0.0724
    0.4212    0.3103   -0.0689    0.4749    0.3103   -0.0647
    0.5289    0.3103   -0.0599    0.5826    0.3103   -0.0545
    0.6353    0.3103   -0.0489    0.6864    0.3103   -0.0430
    0.7354    0.3103   -0.0371    0.7816    0.3103   -0.0313
    0.8245    0.3103   -0.0256    0.8636    0.3103   -0.0203
    0.8985    0.3103   -0.0153    0.9288    0.3103   -0.0109
    0.9540    0.3103   -0.0071    0.9740    0.3103   -0.0041
    0.9884    0.3103   -0.0018    0.9971    0.3103   -0.0005
    1.0000    0.3103    0.0000
    1.0000    0.4138    0.0000    0.9971    0.4138    0.0002
    0.9883    0.4138    0.0009    0.9737    0.4138    0.0021
    0.9536    0.4138    0.0036    0.9282    0.4138    0.0054
    0.8977    0.4138    0.0075    0.8625    0.4138    0.0098
    0.8231    0.4138    0.0122    0.7798    0.4138    0.0145
    0.7333    0.4138    0.0168    0.6841    0.4138    0.0190
    0.6326    0.4138    0.0209    0.5797    0.4138    0.0226
    0.5258    0.4138    0.0238    0.4715    0.4138    0.0245
    0.4177    0.4138    0.0246    0.3648    0.4138    0.0241
    0.3135    0.4138    0.0228    0.2644    0.4138    0.0207
    0.2181    0.4138    0.0177    0.1751    0.4138    0.0138
    0.1360    0.4138    0.0092    0.1011    0.4138    0.0037
    0.0709    0.4138   -0.0024    0.0458    0.4138   -0.0092
    0.0261    0.4138   -0.0163    0.0119    0.4138   -0.0239
    0.0034    0.4138   -0.0316    0.0008    0.4138   -0.0396
    0.0040    0.4138   -0.0473    0.0131    0.4138   -0.0544
    0.0278    0.4138   -0.0608    0.0481    0.4138   -0.0664
    0.0737    0.4138   -0.0711    0.1042    0.4138   -0.0748
    0.1394    0.4138   -0.0775    0.1788    0.4138   -0.0791
    0.2219    0.4138   -0.0795    0.2683    0.4138   -0.0788
    0.3174    0.4138   -0.0771    0.3687    0.4138   -0.0743
    0.4215    0.4138   -0.0707    0.4751    0.4138   -0.0663
    0.5291    0.4138   -0.0612    0.5828    0.4138   -0.0558
    0.6355    0.4138   -0.0499    0.6866    0.4138   -0.0439
    0.7355    0.4138   -0.0379    0.7817    0.4138   -0.0319
    0.8246    0.4138   -0.0261    0.8637    0.4138   -0.0207
    0.8986    0.4138   -0.0156    0.9288    0.4138   -0.0111
    0.9540    0.4138   -0.0073    0.9740    0.4138   -0.0042
    0.9884    0.4138   -0.0019    0.9971    0.4138   -0.0005
    1.0000    0.4138    0.0000
    1.0000    0.5172    0.0000    0.9971    0.5172    0.0002
    0.9883    0.5172    0.0009    0.9737    0.5172    0.0020
    0.9536    0.5172    0.0035    0.9281    0.5172    0.0053
    0.8977    0.5172    0.0073    0.8625    0.5172    0.0095
    0.8230    0.5172    0.0118    0.7798    0.5172    0.0141
    0.7333    0.5172    0.0163    0.6840    0.5172    0.0183
    0.6326    0.5172    0.0202    0.5796    0.5172    0.0217
    0.5257    0.5172    0.0228    0.4715    0.5172    0.0234
    0.4176    0.5172    0.0234    0.3647    0.5172    0.0227
    0.3134    0.5172    0.0213    0.2644    0.5172    0.0191
    0.2181    0.5172    0.0160    0.1751    0.5172    0.0121
    0.1359    0.5172    0.0073    0.1011    0.5172    0.0018
    0.0709    0.5172   -0.0044    0.0458    0.5172   -0.0112
    0.0261    0.5172   -0.0184    0.0119    0.5172   -0.0260
    0.0035    0.5172   -0.0338    0.0009    0.5172   -0.0417
    0.0041    0.5172   -0.0495    0.0132    0.5172   -0.0565
    0.0280    0.5172   -0.0629    0.0482    0.5172   -0.0684
    0.0738    0.5172   -0.0731    0.1044    0.5172   -0.0767
    0.1396    0.5172   -0.0793    0.1790    0.5172   -0.0808
    0.2221    0.5172   -0.0812    0.2685    0.5172   -0.0804
    0.3176    0.5172   -0.0785    0.3688    0.5172   -0.0756
    0.4216    0.5172   -0.0719    0.4753    0.5172   -0.0674
    0.5293    0.5172   -0.0622    0.5829    0.5172   -0.0566
    0.6356    0.5172   -0.0507    0.6867    0.5172   -0.0446
    0.7356    0.5172   -0.0385    0.7818    0.5172   -0.0324
    0.8246    0.5172   -0.0265    0.8638    0.5172   -0.0209
    0.8986    0.5172   -0.0158    0.9288    0.5172   -0.0113
    0.9541    0.5172   -0.0074    0.9740    0.5172   -0.0042
    0.9884    0.5172   -0.0019    0.9971    0.5172   -0.0005
    1.0000    0.5172    0.0000
    1.0000    0.6207    0.0000    0.9971    0.6207    0.0002
    0.9883    0.6207    0.0009    0.9737    0.6207    0.0020
    0.9536    0.6207    0.0034    0.9281    0.6207    0.0052
    0.8976    0.6207    0.0072    0.8625    0.6207    0.0093
    0.8230    0.6207    0.0115    0.7798    0.6207    0.0137
    0.7333    0.6207    0.0158    0.6840    0.6207    0.0178
    0.6326    0.6207    0.0196    0.5796    0.6207    0.0210
    0.5257    0.6207    0.0220    0.4715    0.6207    0.0225
    0.4176    0.6207    0.0225    0.3647    0.6207    0.0217
    0.3134    0.6207    0.0202    0.2643    0.6207    0.0179
    0.2180    0.6207    0.0148    0.1751    0.6207    0.0108
    0.1359    0.6207    0.0059    0.1011    0.6207    0.0004
    0.0710    0.6207   -0.0059    0.0459    0.6207   -0.0127
    0.0261    0.6207   -0.0199    0.0120    0.6207   -0.0275
    0.0035    0.6207   -0.0353    0.0009    0.6207   -0.0433
    0.0042    0.6207   -0.0510    0.0133    0.6207   -0.0581
    0.0281    0.6207   -0.0644    0.0483    0.6207   -0.0699
    0.0739    0.6207   -0.0745    0.1045    0.6207   -0.0782
    0.1397    0.6207   -0.0807    0.1791    0.6207   -0.0821
    0.2222    0.6207   -0.0824    0.2686    0.6207   -0.0815
    0.3177    0.6207   -0.0796    0.3690    0.6207   -0.0766
    0.4217    0.6207   -0.0728    0.4754    0.6207   -0.0682
    0.5294    0.6207   -0.0630    0.5830    0.6207   -0.0573
    0.6356    0.6207   -0.0513    0.6867    0.6207   -0.0451
    0.7356    0.6207   -0.0389    0.7818    0.6207   -0.0327
    0.8247    0.6207   -0.0268    0.8638    0.6207   -0.0212
    0.8986    0.6207   -0.0160    0.9289    0.6207   -0.0114
    0.9541    0.6207   -0.0074    0.9740    0.6207   -0.0042
    0.9884    0.6207   -0.0019    0.9971    0.6207   -0.0005
    1.0000    0.6207    0.0000
    1.0000    0.7241    0.0000    0.9971    0.7241    0.0002
    0.9883    0.7241    0.0009    0.9737    0.7241    0.0019
    0.9536    0.7241    0.0034    0.9281    0.7241    0.0051
    0.8976    0.7241    0.0070    0.8625    0.7241    0.0091
    0.8230    0.7241    0.0113    0.7798    0.7241    0.0134
    0.7332    0.7241    0.0155    0.6840    0.7241    0.0174
    0.6325    0.7241    0.0191    0.5796    0.7241    0.0205
    0.5256    0.7241    0.0215    0.4714    0.7241    0.0219
    0.4176    0.7241    0.0218    0.3647    0.7241    0.0210
    0.3134    0.7241    0.0194    0.2643    0.7241    0.0170
    0.2180    0.7241    0.0138    0.1751    0.7241    0.0098
    0.1359    0.7241    0.0049    0.1011    0.7241   -0.0007
    0.0710    0.7241   -0.0070    0.0459    0.7241   -0.0138
    0.0261    0.7241   -0.0211    0.0120    0.7241   -0.0287
    0.0036    0.7241   -0.0365    0.0010    0.7241   -0.0445
    0.0043    0.7241   -0.0522    0.0134    0.7241   -0.0593
    0.0281    0.7241   -0.0656    0.0484    0.7241   -0.0711
    0.0740    0.7241   -0.0757    0.1046    0.7241   -0.0792
    0.1398    0.7241   -0.0817    0.1792    0.7241   -0.0831
    0.2223    0.7241   -0.0833    0.2687    0.7241   -0.0824
    0.3178    0.7241   -0.0804    0.3691    0.7241   -0.0774
    0.4218    0.7241   -0.0735    0.4755    0.7241   -0.0688
    0.5294    0.7241   -0.0636    0.5831    0.7241   -0.0578
    0.6357    0.7241   -0.0517    0.6868    0.7241   -0.0455
    0.7357    0.7241   -0.0392    0.7818    0.7241   -0.0330
    0.8247    0.7241   -0.0270    0.8638    0.7241   -0.0213
    0.8987    0.7241   -0.0161    0.9289    0.7241   -0.0115
    0.9541    0.7241   -0.0075    0.9740    0.7241   -0.0043
    0.9884    0.7241   -0.0019    0.9971    0.7241   -0.0005
    1.0000    0.7241    0.0000
    1.0000    0.8276    0.0000    0.9971    0.8276    0.0002
    0.9883    0.8276    0.0009    0.9737    0.8276    0.0019
    0.9536    0.8276    0.0033    0.9281    0.8276    0.0050
    0.8976    0.8276    0.0069    0.8624    0.8276    0.0090
    0.8230    0.8276    0.0111    0.7798    0.8276    0.0132
    0.7332    0.8276    0.0153    0.6840    0.8276    0.0172
    0.6325    0.8276    0.0188    0.5795    0.8276    0.0201
    0.5256    0.8276    0.0210    0.4714    0.8276    0.0214
    0.4175    0.8276    0.0212    0.3647    0.8276    0.0204
    0.3134    0.8276    0.0188    0.2643    0.8276    0.0164
    0.2180    0.8276    0.0131    0.1750    0.8276    0.0090
    0.1359    0.8276    0.0041    0.1011    0.8276   -0.0016
    0.0710    0.8276   -0.0079    0.0459    0.8276   -0.0147
    0.0262    0.8276   -0.0220    0.0120    0.8276   -0.0296
    0.0036    0.8276   -0.0375    0.0010    0.8276   -0.0455
    0.0043    0.8276   -0.0532    0.0134    0.8276   -0.0602
    0.0282    0.8276   -0.0665    0.0485    0.8276   -0.0720
    0.0741    0.8276   -0.0765    0.1047    0.8276   -0.0801
    0.1399    0.8276   -0.0825    0.1793    0.8276   -0.0839
    0.2224    0.8276   -0.0841    0.2688    0.8276   -0.0831
    0.3179    0.8276   -0.0811    0.3691    0.8276   -0.0780
    0.4219    0.8276   -0.0740    0.4755    0.8276   -0.0693
    0.5295    0.8276   -0.0640    0.5831    0.8276   -0.0582
    0.6358    0.8276   -0.0521    0.6868    0.8276   -0.0458
    0.7357    0.8276   -0.0394    0.7819    0.8276   -0.0332
    0.8247    0.8276   -0.0272    0.8638    0.8276   -0.0215
    0.8987    0.8276   -0.0162    0.9289    0.8276   -0.0115
    0.9541    0.8276   -0.0075    0.9740    0.8276   -0.0043
    0.9884    0.8276   -0.0019    0.9971    0.8276   -0.0005
    1.0000    0.8276    0.0000
    1.0000    0.9310    0.0000    0.9971    0.9310    0.0002
    0.9883    0.9310    0.0009    0.9737    0.9310    0.0019
    0.9536    0.9310    0.0033    0.9281    0.9310    0.0050
    0.8976    0.9310    0.0069    0.8624    0.9310    0.0089
    0.8230    0.9310    0.0110    0.7798    0.9310    0.0131
    0.7332    0.9310    0.0151    0.6840    0.9310    0.0169
    0.6325    0.9310    0.0185    0.5795    0.9310    0.0198
    0.5256    0.9310    0.0207    0.4714    0.9310    0.0210
    0.4175    0.9310    0.0208    0.3646    0.9310    0.0199
    0.3134    0.9310    0.0183    0.2643    0.9310    0.0158
    0.2180    0.9310    0.0125    0.1750    0.9310    0.0084
    0.1359    0.9310    0.0034    0.1011    0.9310   -0.0022
    0.0710    0.9310   -0.0086    0.0459    0.9310   -0.0155
    0.0262    0.9310   -0.0228    0.0120    0.9310   -0.0304
    0.0036    0.9310   -0.0382    0.0011    0.9310   -0.0462
    0.0044    0.9310   -0.0539    0.0135    0.9310   -0.0609
    0.0282    0.9310   -0.0672    0.0486    0.9310   -0.0727
    0.0742    0.9310   -0.0772    0.1047    0.9310   -0.0807
    0.1399    0.9310   -0.0832    0.1793    0.9310   -0.0845
    0.2225    0.9310   -0.0846    0.2689    0.9310   -0.0836
    0.3180    0.9310   -0.0816    0.3692    0.9310   -0.0785
    0.4219    0.9310   -0.0745    0.4756    0.9310   -0.0697
    0.5295    0.9310   -0.0644    0.5831    0.9310   -0.0585
    0.6358    0.9310   -0.0524    0.6869    0.9310   -0.0460
    0.7358    0.9310   -0.0396    0.7819    0.9310   -0.0334
    0.8248    0.9310   -0.0273    0.8638    0.9310   -0.0216
    0.8987    0.9310   -0.0163    0.9289    0.9310   -0.0116
    0.9541    0.9310   -0.0076    0.9740    0.9310   -0.0043
    0.9884    0.9310   -0.0019    0.9971    0.9310   -0.0005
    1.0000    0.9310    0.0000
    1.0000    1.0345    0.0000    0.9971    1.0345    0.0002
    0.9883    1.0345    0.0009    0.9737    1.0345    0.0019
    0.9536    1.0345    0.0033    0.9281    1.0345    0.0049
    0.8976    1.0345    0.0068    0.8624    1.0345    0.0088
    0.8230    1.0345    0.0109    0.7797    1.0345    0.0129
    0.7332    1.0345    0.0149    0.6839    1.0345    0.0167
    0.6325    1.0345    0.0183    0.5795    1.0345    0.0195
    0.5256    1.0345    0.0204    0.4714    1.0345    0.0207
    0.4175    1.0345    0.0204    0.3646    1.0345    0.0195
    0.3133    1.0345    0.0178    0.2643    1.0345    0.0154
    0.2180    1.0345    0.0120    0.1750    1.0345    0.0079
    0.1359    1.0345    0.0029    0.1011    1.0345   -0.0028
    0.0710    1.0345   -0.0091    0.0459    1.0345   -0.0160
    0.0262    1.0345   -0.0234    0.0121    1.0345   -0.0310
    0.0037    1.0345   -0.0388    0.0011    1.0345   -0.0468
    0.0044    1.0345   -0.0545    0.0135    1.0345   -0.0615
    0.0283    1.0345   -0.0678    0.0486    1.0345   -0.0733
    0.0742    1.0345   -0.0778    0.1048    1.0345   -0.0813
    0.1400    1.0345   -0.0837    0.1794    1.0345   -0.0850
    0.2225    1.0345   -0.0851    0.2689    1.0345   -0.0841
    0.3180    1.0345   -0.0820    0.3692    1.0345   -0.0789
    0.4220    1.0345   -0.0748    0.4756    1.0345   -0.0700
    0.5296    1.0345   -0.0646    0.5832    1.0345   -0.0588
    0.6358    1.0345   -0.0526    0.6869    1.0345   -0.0462
    0.7358    1.0345   -0.0398    0.7819    1.0345   -0.0335
    0.8248    1.0345   -0.0274    0.8639    1.0345   -0.0216
    0.8987    1.0345   -0.0163    0.9289    1.0345   -0.0116
    0.9541    1.0345   -0.0076    0.9740    1.0345   -0.0043
    0.9884    1.0345   -0.0020    0.9971    1.0345   -0.0005
    1.0000    1.0345    0.0000
    1.0000    1.1379    0.0000    0.9971    1.1379    0.0002
    0.9883    1.1379    0.0009    0.9737    1.1379    0.0019
    0.9536    1.1379    0.0032    0.9281    1.1379    0.0049
    0.8976    1.1379    0.0067    0.8624    1.1379    0.0087
    0.8230    1.1379    0.0108    0.7797    1.1379    0.0128
    0.7332    1.1379    0.0148    0.6839    1.1379    0.0166
    0.6325    1.1379    0.0181    0.5795    1.1379    0.0193
    0.5256    1.1379    0.0201    0.4714    1.1379    0.0204
    0.4175    1.1379    0.0201    0.3646    1.1379    0.0192
    0.3133    1.1379    0.0175    0.2643    1.1379    0.0150
    0.2180    1.1379    0.0116    0.1750    1.1379    0.0074
    0.1359    1.1379    0.0025    0.1011    1.1379   -0.0033
    0.0710    1.1379   -0.0096    0.0459    1.1379   -0.0165
    0.0262    1.1379   -0.0239    0.0121    1.1379   -0.0315
    0.0037    1.1379   -0.0394    0.0011    1.1379   -0.0473
    0.0044    1.1379   -0.0550    0.0135    1.1379   -0.0621
    0.0283    1.1379   -0.0683    0.0486    1.1379   -0.0738
    0.0742    1.1379   -0.0783    0.1048    1.1379   -0.0818
    0.1400    1.1379   -0.0842    0.1794    1.1379   -0.0854
    0.2226    1.1379   -0.0855    0.2690    1.1379   -0.0845
    0.3181    1.1379   -0.0823    0.3693    1.1379   -0.0792
    0.4220    1.1379   -0.0751    0.4757    1.1379   -0.0703
    0.5296    1.1379   -0.0649    0.5832    1.1379   -0.0590
    0.6359    1.1379   -0.0528    0.6869    1.1379   -0.0464
    0.7358    1.1379   -0.0399    0.7819    1.1379   -0.0336
    0.8248    1.1379   -0.0275    0.8639    1.1379   -0.0217
    0.8987    1.1379   -0.0164    0.9289    1.1379   -0.0117
    0.9541    1.1379   -0.0076    0.9740    1.1379   -0.0044
    0.9884    1.1379   -0.0020    0.9971    1.1379   -0.0005
    1.0000    1.1379    0.0000
    1.0000    1.2414    0.0000    0.9971    1.2414    0.0002
    0.9883    1.2414    0.0008    0.9737    1.2414    0.0019
    0.9536    1.2414    0.0032    0.9281    1.2414    0.0049
    0.8976    1.2414    0.0067    0.8624    1.2414    0.0087
    0.8230    1.2414    0.0107    0.7797    1.2414    0.0127
    0.7332    1.2414    0.0146    0.6839    1.2414    0.0164
    0.6325    1.2414    0.0179    0.5795    1.2414    0.0191
    0.5256    1.2414    0.0199    0.4714    1.2414    0.0202
    0.4175    1.2414    0.0199    0.3646    1.2414    0.0189
    0.3133    1.2414    0.0172    0.2643    1.2414    0.0146
    0.2180    1.2414    0.0113    0.1750    1.2414    0.0071
    0.1359    1.2414    0.0021    0.1011    1.2414   -0.0037
    0.0710    1.2414   -0.0101    0.0459    1.2414   -0.0170
    0.0262    1.2414   -0.0243    0.0121    1.2414   -0.0320
    0.0037    1.2414   -0.0398    0.0011    1.2414   -0.0478
    0.0044    1.2414   -0.0555    0.0136    1.2414   -0.0625
    0.0284    1.2414   -0.0688    0.0487    1.2414   -0.0742
    0.0743    1.2414   -0.0787    0.1049    1.2414   -0.0822
    0.1401    1.2414   -0.0846    0.1795    1.2414   -0.0858
    0.2226    1.2414   -0.0859    0.2690    1.2414   -0.0848
    0.3181    1.2414   -0.0827    0.3693    1.2414   -0.0795
    0.4221    1.2414   -0.0754    0.4757    1.2414   -0.0706
    0.5296    1.2414   -0.0651    0.5832    1.2414   -0.0592
    0.6359    1.2414   -0.0529    0.6869    1.2414   -0.0465
    0.7358    1.2414   -0.0401    0.7820    1.2414   -0.0337
    0.8248    1.2414   -0.0276    0.8639    1.2414   -0.0218
    0.8987    1.2414   -0.0164    0.9289    1.2414   -0.0117
    0.9541    1.2414   -0.0076    0.9740    1.2414   -0.0044
    0.9884    1.2414   -0.0020    0.9971    1.2414   -0.0005
    1.0000    1.2414    0.0000
    1.0000    1.3448    0.0000    0.9971    1.3448    0.0002
    0.9883    1.3448    0.0008    0.9737    1.3448    0.0019
    0.9536    1.3448    0.0032    0.9281    1.3448    0.0048
    0.8976    1.3448    0.0067    0.8624    1.3448    0.0086
    0.8230    1.3448    0.0106    0.7797    1.3448    0.0126
    0.7332    1.3448    0.0145    0.6839    1.3448    0.0163
    0.6325    1.3448    0.0178    0.5795    1.3448    0.0189
    0.5256    1.3448    0.0197    0.4714    1.3448    0.0199
    0.4175    1.3448    0.0196    0.3646    1.3448    0.0186
    0.3133    1.3448    0.0169    0.2642    1.3448    0.0143
    0.2180    1.3448    0.0109    0.1750    1.3448    0.0067
    0.1359    1.3448    0.0017    0.1011    1.3448   -0.0041
    0.0710    1.3448   -0.0105    0.0459    1.3448   -0.0174
    0.0262    1.3448   -0.0248    0.0121    1.3448   -0.0324
    0.0037    1.3448   -0.0403    0.0012    1.3448   -0.0482
    0.0045    1.3448   -0.0559    0.0136    1.3448   -0.0630
    0.0284    1.3448   -0.0692    0.0487    1.3448   -0.0746
    0.0743    1.3448   -0.0791    0.1049    1.3448   -0.0826
    0.1401    1.3448   -0.0849    0.1795    1.3448   -0.0862
    0.2227    1.3448   -0.0862    0.2691    1.3448   -0.0851
    0.3181    1.3448   -0.0830    0.3693    1.3448   -0.0798
    0.4221    1.3448   -0.0757    0.4757    1.3448   -0.0708
    0.5297    1.3448   -0.0653    0.5833    1.3448   -0.0594
    0.6359    1.3448   -0.0531    0.6870    1.3448   -0.0467
    0.7358    1.3448   -0.0402    0.7820    1.3448   -0.0338
    0.8248    1.3448   -0.0276    0.8639    1.3448   -0.0218
    0.8987    1.3448   -0.0165    0.9289    1.3448   -0.0117
    0.9541    1.3448   -0.0077    0.9740    1.3448   -0.0044
    0.9884    1.3448   -0.0020    0.9971    1.3448   -0.0005
    1.0000    1.3448    0.0000
    1.0000    1.4483    0.0000    0.9971    1.4483    0.0002
    0.9883    1.4483    0.0008    0.9737    1.4483    0.0018
    0.9536    1.4483    0.0032    0.9281    1.4483    0.0048
    0.8976    1.4483    0.0066    0.8624    1.4483    0.0086
    0.8230    1.4483    0.0106    0.7797    1.4483    0.0125
    0.7332    1.4483    0.0144    0.6839    1.4483    0.0161
    0.6325    1.4483    0.0176    0.5795    1.4483    0.0187
    0.5256    1.4483    0.0195    0.4713    1.4483    0.0197
    0.4175    1.4483    0.0194    0.3646    1.4483    0.0183
    0.3133    1.4483    0.0166    0.2642    1.4483    0.0140
    0.2180    1.4483    0.0106    0.1750    1.4483    0.0063
    0.1359    1.4483    0.0013    0.1011    1.4483   -0.0045
    0.0710    1.4483   -0.0109    0.0459    1.4483   -0.0178
    0.0262    1.4483   -0.0252    0.0121    1.4483   -0.0328
    0.0037    1.4483   -0.0407    0.0012    1.4483   -0.0487
    0.0045    1.4483   -0.0564    0.0136    1.4483   -0.0634
    0.0284    1.4483   -0.0696    0.0487    1.4483   -0.0750
    0.0743    1.4483   -0.0795    0.1049    1.4483   -0.0830
    0.1401    1.4483   -0.0853    0.1795    1.4483   -0.0865
    0.2227    1.4483   -0.0866    0.2691    1.4483   -0.0855
    0.3182    1.4483   -0.0832    0.3694    1.4483   -0.0800
    0.4221    1.4483   -0.0759    0.4758    1.4483   -0.0710
    0.5297    1.4483   -0.0655    0.5833    1.4483   -0.0595
    0.6359    1.4483   -0.0533    0.6870    1.4483   -0.0468
    0.7359    1.4483   -0.0403    0.7820    1.4483   -0.0339
    0.8248    1.4483   -0.0277    0.8639    1.4483   -0.0219
    0.8987    1.4483   -0.0165    0.9289    1.4483   -0.0118
    0.9541    1.4483   -0.0077    0.9740    1.4483   -0.0044
    0.9884    1.4483   -0.0020    0.9971    1.4483   -0.0005
    1.0000    1.4483    0.0000
    1.0000    1.5517    0.0000    0.9971    1.5517    0.0002
    0.9883    1.5517    0.0008    0.9737    1.5517    0.0018
    0.9536    1.5517    0.0032    0.9281    1.5517    0.0048
    0.8976    1.5517    0.0066    0.8624    1.5517    0.0085
    0.8230    1.5517    0.0105    0.7797    1.5517    0.0124
    0.7332    1.5517    0.0143    0.6839    1.5517    0.0160
    0.6325    1.5517    0.0174    0.5795    1.5517    0.0186
    0.5256    1.5517    0.0193    0.4713    1.5517    0.0195
    0.4175    1.5517    0.0191    0.3646    1.5517    0.0180
    0.3133    1.5517    0.0163    0.2642    1.5517    0.0137
    0.2180    1.5517    0.0102    0.1750    1.5517    0.0060
    0.1359    1.5517    0.0009    0.1011    1.5517   -0.0049
    0.0710    1.5517   -0.0113    0.0460    1.5517   -0.0182
    0.0263    1.5517   -0.0256    0.0121    1.5517   -0.0333
    0.0037    1.5517   -0.0411    0.0012    1.5517   -0.0491
    0.0045    1.5517   -0.0568    0.0136    1.5517   -0.0638
    0.0284    1.5517   -0.0701    0.0488    1.5517   -0.0755
    0.0744    1.5517   -0.0799    0.1050    1.5517   -0.0834
    0.1402    1.5517   -0.0857    0.1796    1.5517   -0.0869
    0.2227    1.5517   -0.0869    0.2691    1.5517   -0.0858
    0.3182    1.5517   -0.0836    0.3694    1.5517   -0.0803
    0.4222    1.5517   -0.0762    0.4758    1.5517   -0.0713
    0.5297    1.5517   -0.0657    0.5833    1.5517   -0.0597
    0.6359    1.5517   -0.0534    0.6870    1.5517   -0.0469
    0.7359    1.5517   -0.0404    0.7820    1.5517   -0.0340
    0.8248    1.5517   -0.0278    0.8639    1.5517   -0.0220
    0.8987    1.5517   -0.0166    0.9289    1.5517   -0.0118
    0.9541    1.5517   -0.0077    0.9740    1.5517   -0.0044
    0.9884    1.5517   -0.0020    0.9971    1.5517   -0.0005
    1.0000    1.5517    0.0000
    1.0000    1.6552    0.0000    0.9971    1.6552    0.0002
    0.9883    1.6552    0.0008    0.9737    1.6552    0.0018
    0.9536    1.6552    0.0031    0.9281    1.6552    0.0047
    0.8976    1.6552    0.0065    0.8624    1.6552    0.0084
    0.8230    1.6552    0.0104    0.7797    1.6552    0.0123
    0.7332    1.6552    0.0142    0.6839    1.6552    0.0158
    0.6325    1.6552    0.0173    0.5795    1.6552    0.0184
    0.5255    1.6552    0.0190    0.4713    1.6552    0.0192
    0.4175    1.6552    0.0188    0.3646    1.6552    0.0177
    0.3133    1.6552    0.0159    0.2642    1.6552    0.0133
    0.2180    1.6552    0.0099    0.1750    1.6552    0.0056
    0.1359    1.6552    0.0005    0.1011    1.6552   -0.0053
    0.0710    1.6552   -0.0117    0.0460    1.6552   -0.0187
    0.0263    1.6552   -0.0261    0.0121    1.6552   -0.0337
    0.0038    1.6552   -0.0416    0.0012    1.6552   -0.0496
    0.0045    1.6552   -0.0573    0.0137    1.6552   -0.0643
    0.0285    1.6552   -0.0705    0.0488    1.6552   -0.0759
    0.0744    1.6552   -0.0804    0.1050    1.6552   -0.0838
    0.1402    1.6552   -0.0861    0.1796    1.6552   -0.0873
    0.2228    1.6552   -0.0873    0.2692    1.6552   -0.0861
    0.3183    1.6552   -0.0839    0.3695    1.6552   -0.0806
    0.4222    1.6552   -0.0764    0.4758    1.6552   -0.0715
    0.5298    1.6552   -0.0660    0.5834    1.6552   -0.0599
    0.6360    1.6552   -0.0536    0.6870    1.6552   -0.0471
    0.7359    1.6552   -0.0405    0.7820    1.6552   -0.0341
    0.8249    1.6552   -0.0279    0.8639    1.6552   -0.0220
    0.8987    1.6552   -0.0166    0.9289    1.6552   -0.0118
    0.9541    1.6552   -0.0077    0.9740    1.6552   -0.0044
    0.9884    1.6552   -0.0020    0.9971    1.6552   -0.0005
    1.0000    1.6552    0.0000
    1.0000    1.7586    0.0000    0.9971    1.7586    0.0002
    0.9883    1.7586    0.0008    0.9737    1.7586    0.0018
    0.9536    1.7586    0.0031    0.9281    1.7586    0.0047
    0.8976    1.7586    0.0065    0.8624    1.7586    0.0084
    0.8230    1.7586    0.0103    0.7797    1.7586    0.0122
    0.7332    1.7586    0.0140    0.6839    1.7586    0.0157
    0.6324    1.7586    0.0171    0.5795    1.7586    0.0181
    0.5255    1.7586    0.0188    0.4713    1.7586    0.0189
    0.4174    1.7586    0.0185    0.3646    1.7586    0.0174
    0.3133    1.7586    0.0156    0.2642    1.7586    0.0129
    0.2180    1.7586    0.0094    0.1750    1.7586    0.0051
    0.1359    1.7586    0.0001    0.1011    1.7586   -0.0058
    0.0710    1.7586   -0.0122    0.0460    1.7586   -0.0192
    0.0263    1.7586   -0.0266    0.0122    1.7586   -0.0343
    0.0038    1.7586   -0.0421    0.0013    1.7586   -0.0501
    0.0046    1.7586   -0.0578    0.0137    1.7586   -0.0648
    0.0285    1.7586   -0.0710    0.0488    1.7586   -0.0764
    0.0745    1.7586   -0.0808    0.1051    1.7586   -0.0843
    0.1403    1.7586   -0.0866    0.1797    1.7586   -0.0877
    0.2228    1.7586   -0.0877    0.2692    1.7586   -0.0865
    0.3183    1.7586   -0.0842    0.3695    1.7586   -0.0809
    0.4222    1.7586   -0.0767    0.4759    1.7586   -0.0718
    0.5298    1.7586   -0.0662    0.5834    1.7586   -0.0601
    0.6360    1.7586   -0.0538    0.6870    1.7586   -0.0472
    0.7359    1.7586   -0.0407    0.7820    1.7586   -0.0342
    0.8249    1.7586   -0.0280    0.8639    1.7586   -0.0221
    0.8988    1.7586   -0.0167    0.9289    1.7586   -0.0119
    0.9541    1.7586   -0.0077    0.9740    1.7586   -0.0044
    0.9884    1.7586   -0.0020    0.9971    1.7586   -0.0005
    1.0000    1.7586    0.0000
    1.0000    1.8621    0.0000    0.9971    1.8621    0.0002
    0.9883    1.8621    0.0008    0.9737    1.8621    0.0018
    0.9536    1.8621    0.0031    0.9281    1.8621    0.0046
    0.8976    1.8621    0.0064    0.8624    1.8621    0.0083
    0.8229    1.8621    0.0102    0.7797    1.8621    0.0121
    0.7332    1.8621    0.0139    0.6839    1.8621    0.0155
    0.6324    1.8621    0.0169    0.5794    1.8621    0.0179
    0.5255    1.8621    0.0185    0.4713    1.8621    0.0186
    0.4174    1.8621    0.0182    0.3646    1.8621    0.0170
    0.3133    1.8621    0.0152    0.2642    1.8621    0.0125
    0.2179    1.8621    0.0090    0.1750    1.8621    0.0047
    0.1359    1.8621   -0.0005    0.1011    1.8621   -0.0063
    0.0710    1.8621   -0.0128    0.0460    1.8621   -0.0198
    0.0263    1.8621   -0.0272    0.0122    1.8621   -0.0349
    0.0038    1.8621   -0.0427    0.0013    1.8621   -0.0507
    0.0046    1.8621   -0.0584    0.0137    1.8621   -0.0654
    0.0286    1.8621   -0.0716    0.0489    1.8621   -0.0770
    0.0745    1.8621   -0.0814    0.1051    1.8621   -0.0848
    0.1403    1.8621   -0.0871    0.1797    1.8621   -0.0882
    0.2229    1.8621   -0.0882    0.2693    1.8621   -0.0870
    0.3183    1.8621   -0.0846    0.3695    1.8621   -0.0813
    0.4223    1.8621   -0.0771    0.4759    1.8621   -0.0721
    0.5298    1.8621   -0.0665    0.5834    1.8621   -0.0604
    0.6360    1.8621   -0.0540    0.6871    1.8621   -0.0474
    0.7359    1.8621   -0.0408    0.7821    1.8621   -0.0343
    0.8249    1.8621   -0.0281    0.8639    1.8621   -0.0222
    0.8988    1.8621   -0.0167    0.9289    1.8621   -0.0119
    0.9541    1.8621   -0.0078    0.9740    1.8621   -0.0044
    0.9884    1.8621   -0.0020    0.9971    1.8621   -0.0005
    1.0000    1.8621    0.0000
    1.0000    1.9655    0.0000    0.9971    1.9655    0.0002
    0.9883    1.9655    0.0008    0.9737    1.9655    0.0018
    0.9536    1.9655    0.0031    0.9281    1.9655    0.0046
    0.8976    1.9655    0.0063    0.8624    1.9655    0.0082
    0.8229    1.9655    0.0101    0.7797    1.9655    0.0119
    0.7331    1.9655    0.0137    0.6839    1.9655    0.0153
    0.6324    1.9655    0.0166    0.5794    1.9655    0.0176
    0.5255    1.9655    0.0182    0.4713    1.9655    0.0183
    0.4174    1.9655    0.0178    0.3645    1.9655    0.0166
    0.3133    1.9655    0.0147    0.2642    1.9655    0.0120
    0.2179    1.9655    0.0085    0.1750    1.9655    0.0041
    0.1359    1.9655   -0.0010    0.1011    1.9655   -0.0069
    0.0710    1.9655   -0.0134    0.0460    1.9655   -0.0204
    0.0263    1.9655   -0.0278    0.0122    1.9655   -0.0355
    0.0038    1.9655   -0.0434    0.0013    1.9655   -0.0514
    0.0047    1.9655   -0.0591    0.0138    1.9655   -0.0660
    0.0286    1.9655   -0.0723    0.0489    1.9655   -0.0776
    0.0746    1.9655   -0.0820    0.1052    1.9655   -0.0854
    0.1404    1.9655   -0.0876    0.1798    1.9655   -0.0888
    0.2229    1.9655   -0.0887    0.2693    1.9655   -0.0874
    0.3184    1.9655   -0.0851    0.3696    1.9655   -0.0817
    0.4223    1.9655   -0.0775    0.4760    1.9655   -0.0724
    0.5299    1.9655   -0.0668    0.5835    1.9655   -0.0607
    0.6361    1.9655   -0.0542    0.6871    1.9655   -0.0476
    0.7360    1.9655   -0.0410    0.7821    1.9655   -0.0345
    0.8249    1.9655   -0.0282    0.8640    1.9655   -0.0223
    0.8988    1.9655   -0.0168    0.9289    1.9655   -0.0120
    0.9541    1.9655   -0.0078    0.9740    1.9655   -0.0045
    0.9884    1.9655   -0.0020    0.9971    1.9655   -0.0005
    1.0000    1.9655    0.0000
    1.0000    2.0690    0.0000    0.9971    2.0690    0.0002
    0.9883    2.0690    0.0008    0.9737    2.0690    0.0017
    0.9536    2.0690    0.0030    0.9281    2.0690    0.0045
    0.8976    2.0690    0.0063    0.8624    2.0690    0.0081
    0.8229    2.0690    0.0099    0.7797    2.0690    0.0118
    0.7331    2.0690    0.0135    0.6839    2.0690    0.0150
    0.6324    2.0690    0.0163    0.5794    2.0690    0.0173
    0.5255    2.0690    0.0178    0.4713    2.0690    0.0179
    0.4174    2.0690    0.0173    0.3645    2.0690    0.0161
    0.3133    2.0690    0.0142    0.2642    2.0690    0.0114
    0.2179    2.0690    0.0079    0.1750    2.0690    0.0035
    0.1359    2.0690   -0.0017    0.1011    2.0690   -0.0076
    0.0710    2.0690   -0.0141    0.0460    2.0690   -0.0211
    0.0263    2.0690   -0.0286    0.0122    2.0690   -0.0363
    0.0039    2.0690   -0.0441    0.0014    2.0690   -0.0521
    0.0047    2.0690   -0.0598    0.0138    2.0690   -0.0668
    0.0287    2.0690   -0.0730    0.0490    2.0690   -0.0783
    0.0746    2.0690   -0.0827    0.1052    2.0690   -0.0861
    0.1404    2.0690   -0.0883    0.1799    2.0690   -0.0894
    0.2230    2.0690   -0.0893    0.2694    2.0690   -0.0880
    0.3185    2.0690   -0.0856    0.3697    2.0690   -0.0822
    0.4224    2.0690   -0.0779    0.4760    2.0690   -0.0728
    0.5299    2.0690   -0.0671    0.5835    2.0690   -0.0610
    0.6361    2.0690   -0.0545    0.6871    2.0690   -0.0479
    0.7360    2.0690   -0.0412    0.7821    2.0690   -0.0346
    0.8249    2.0690   -0.0283    0.8640    2.0690   -0.0224
    0.8988    2.0690   -0.0169    0.9290    2.0690   -0.0120
    0.9541    2.0690   -0.0078    0.9740    2.0690   -0.0045
    0.9884    2.0690   -0.0020    0.9971    2.0690   -0.0005
    1.0000    2.0690    0.0000
    1.0000    2.1724    0.0000    0.9971    2.1724    0.0002
    0.9883    2.1724    0.0008    0.9737    2.1724    0.0017
    0.9536    2.1724    0.0030    0.9281    2.1724    0.0045
    0.8976    2.1724    0.0062    0.8624    2.1724    0.0080
    0.8229    2.1724    0.0098    0.7797    2.1724    0.0116
    0.7331    2.1724    0.0133    0.6838    2.1724    0.0148
    0.6324    2.1724    0.0160    0.5794    2.1724    0.0169
    0.5255    2.1724    0.0174    0.4713    2.1724    0.0174
    0.4174    2.1724    0.0168    0.3645    2.1724    0.0156
    0.3132    2.1724    0.0136    0.2642    2.1724    0.0108
    0.2179    2.1724    0.0072    0.1750    2.1724    0.0028
    0.1359    2.1724   -0.0024    0.1011    2.1724   -0.0084
    0.0711    2.1724   -0.0149    0.0460    2.1724   -0.0219
    0.0264    2.1724   -0.0294    0.0123    2.1724   -0.0371
    0.0039    2.1724   -0.0450    0.0014    2.1724   -0.0530
    0.0047    2.1724   -0.0607    0.0139    2.1724   -0.0676
    0.0287    2.1724   -0.0738    0.0491    2.1724   -0.0791
    0.0747    2.1724   -0.0835    0.1053    2.1724   -0.0868
    0.1405    2.1724   -0.0890    0.1799    2.1724   -0.0901
    0.2231    2.1724   -0.0899    0.2695    2.1724   -0.0886
    0.3185    2.1724   -0.0862    0.3697    2.1724   -0.0828
    0.4225    2.1724   -0.0784    0.4761    2.1724   -0.0733
    0.5300    2.1724   -0.0676    0.5836    2.1724   -0.0613
    0.6362    2.1724   -0.0548    0.6872    2.1724   -0.0481
    0.7360    2.1724   -0.0414    0.7821    2.1724   -0.0348
    0.8250    2.1724   -0.0285    0.8640    2.1724   -0.0225
    0.8988    2.1724   -0.0170    0.9290    2.1724   -0.0121
    0.9541    2.1724   -0.0079    0.9740    2.1724   -0.0045
    0.9884    2.1724   -0.0020    0.9971    2.1724   -0.0005
    1.0000    2.1724    0.0000
    1.0000    2.2759    0.0000    0.9971    2.2759    0.0002
    0.9883    2.2759    0.0008    0.9737    2.2759    0.0017
    0.9536    2.2759    0.0029    0.9281    2.2759    0.0044
    0.8976    2.2759    0.0061    0.8624    2.2759    0.0078
    0.8229    2.2759    0.0096    0.7797    2.2759    0.0114
    0.7331    2.2759    0.0130    0.6838    2.2759    0.0145
    0.6324    2.2759    0.0157    0.5794    2.2759    0.0165
    0.5255    2.2759    0.0170    0.4712    2.2759    0.0169
    0.4174    2.2759    0.0163    0.3645    2.2759    0.0150
    0.3132    2.2759    0.0129    0.2642    2.2759    0.0101
    0.2179    2.2759    0.0064    0.1750    2.2759    0.0020
    0.1359    2.2759   -0.0033    0.1011    2.2759   -0.0092
    0.0711    2.2759   -0.0158    0.0461    2.2759   -0.0229
    0.0264    2.2759   -0.0303    0.0123    2.2759   -0.0381
    0.0040    2.2759   -0.0460    0.0015    2.2759   -0.0540
    0.0048    2.2759   -0.0617    0.0140    2.2759   -0.0686
    0.0288    2.2759   -0.0748    0.0491    2.2759   -0.0801
    0.0748    2.2759   -0.0844    0.1054    2.2759   -0.0877
    0.1406    2.2759   -0.0899    0.1800    2.2759   -0.0909
    0.2232    2.2759   -0.0907    0.2696    2.2759   -0.0893
    0.3186    2.2759   -0.0869    0.3698    2.2759   -0.0834
    0.4225    2.2759   -0.0790    0.4761    2.2759   -0.0738
    0.5301    2.2759   -0.0680    0.5836    2.2759   -0.0618
    0.6362    2.2759   -0.0552    0.6872    2.2759   -0.0484
    0.7361    2.2759   -0.0417    0.7822    2.2759   -0.0350
    0.8250    2.2759   -0.0286    0.8640    2.2759   -0.0226
    0.8988    2.2759   -0.0171    0.9290    2.2759   -0.0121
    0.9541    2.2759   -0.0079    0.9740    2.2759   -0.0045
    0.9884    2.2759   -0.0020    0.9971    2.2759   -0.0005
    1.0000    2.2759    0.0000
    1.0000    2.3793    0.0000    0.9971    2.3793    0.0002
    0.9883    2.3793    0.0008    0.9737    2.3793    0.0017
    0.9536    2.3793    0.0029    0.9281    2.3793    0.0043
    0.8976    2.3793    0.0060    0.8624    2.3793    0.0077
    0.8229    2.3793    0.0094    0.7796    2.3793    0.0111
    0.7331    2.3793    0.0127    0.6838    2.3793    0.0141
    0.6324    2.3793    0.0152    0.5794    2.3793    0.0161
    0.5254    2.3793    0.0164    0.4712    2.3793    0.0163
    0.4174    2.3793    0.0156    0.3645    2.3793    0.0143
    0.3132    2.3793    0.0122    0.2642    2.3793    0.0093
    0.2179    2.3793    0.0056    0.1750    2.3793    0.0011
    0.1359    2.3793   -0.0042    0.1012    2.3793   -0.0102
    0.0711    2.3793   -0.0168    0.0461    2.3793   -0.0239
    0.0264    2.3793   -0.0314    0.0123    2.3793   -0.0392
    0.0040    2.3793   -0.0471    0.0015    2.3793   -0.0551
    0.0049    2.3793   -0.0627    0.0140    2.3793   -0.0697
    0.0289    2.3793   -0.0758    0.0492    2.3793   -0.0811
    0.0749    2.3793   -0.0854    0.1055    2.3793   -0.0887
    0.1407    2.3793   -0.0908    0.1801    2.3793   -0.0918
    0.2233    2.3793   -0.0915    0.2697    2.3793   -0.0901
    0.3187    2.3793   -0.0876    0.3699    2.3793   -0.0841
    0.4226    2.3793   -0.0796    0.4762    2.3793   -0.0744
    0.5301    2.3793   -0.0685    0.5837    2.3793   -0.0622
    0.6363    2.3793   -0.0556    0.6873    2.3793   -0.0488
    0.7361    2.3793   -0.0420    0.7822    2.3793   -0.0353
    0.8250    2.3793   -0.0288    0.8640    2.3793   -0.0228
    0.8988    2.3793   -0.0172    0.9290    2.3793   -0.0122
    0.9542    2.3793   -0.0080    0.9740    2.3793   -0.0046
    0.9884    2.3793   -0.0020    0.9971    2.3793   -0.0005
    1.0000    2.3793    0.0000
    1.0000    2.4828    0.0000    0.9971    2.4828    0.0002
    0.9882    2.4828    0.0007    0.9737    2.4828    0.0016
    0.9536    2.4828    0.0028    0.9281    2.4828    0.0042
    0.8976    2.4828    0.0058    0.8624    2.4828    0.0075
    0.8229    2.4828    0.0092    0.7796    2.4828    0.0108
    0.7331    2.4828    0.0124    0.6838    2.4828    0.0137
    0.6323    2.4828    0.0148    0.5793    2.4828    0.0155
    0.5254    2.4828    0.0159    0.4712    2.4828    0.0157
    0.4173    2.4828    0.0149    0.3645    2.4828    0.0135
    0.3132    2.4828    0.0113    0.2642    2.4828    0.0084
    0.2179    2.4828    0.0046    0.1750    2.4828    0.0000
    0.1359    2.4828   -0.0053    0.1012    2.4828   -0.0113
    0.0711    2.4828   -0.0180    0.0461    2.4828   -0.0251
    0.0265    2.4828   -0.0326    0.0124    2.4828   -0.0404
    0.0041    2.4828   -0.0483    0.0016    2.4828   -0.0563
    0.0050    2.4828   -0.0640    0.0141    2.4828   -0.0709
    0.0290    2.4828   -0.0770    0.0493    2.4828   -0.0823
    0.0750    2.4828   -0.0866    0.1056    2.4828   -0.0898
    0.1408    2.4828   -0.0919    0.1802    2.4828   -0.0928
    0.2234    2.4828   -0.0925    0.2698    2.4828   -0.0910
    0.3188    2.4828   -0.0885    0.3700    2.4828   -0.0848
    0.4227    2.4828   -0.0803    0.4763    2.4828   -0.0750
    0.5302    2.4828   -0.0691    0.5838    2.4828   -0.0627
    0.6363    2.4828   -0.0560    0.6873    2.4828   -0.0492
    0.7362    2.4828   -0.0423    0.7823    2.4828   -0.0356
    0.8251    2.4828   -0.0291    0.8641    2.4828   -0.0229
    0.8989    2.4828   -0.0173    0.9290    2.4828   -0.0123
    0.9542    2.4828   -0.0080    0.9740    2.4828   -0.0046
    0.9884    2.4828   -0.0021    0.9971    2.4828   -0.0005
    1.0000    2.4828    0.0000
    1.0000    2.5862    0.0000    0.9971    2.5862    0.0002
    0.9882    2.5862    0.0007    0.9737    2.5862    0.0016
    0.9536    2.5862    0.0028    0.9281    2.5862    0.0041
    0.8975    2.5862    0.0057    0.8623    2.5862    0.0073
    0.8229    2.5862    0.0090    0.7796    2.5862    0.0105
    0.7331    2.5862    0.0120    0.6838    2.5862    0.0133
    0.6323    2.5862    0.0143    0.5793    2.5862    0.0149
    0.5254    2.5862    0.0152    0.4712    2.5862    0.0149
    0.4173    2.5862    0.0141    0.3645    2.5862    0.0126
    0.3132    2.5862    0.0104    0.2641    2.5862    0.0073
    0.2179    2.5862    0.0035    0.1750    2.5862   -0.0011
    0.1359    2.5862   -0.0065    0.1012    2.5862   -0.0126
    0.0711    2.5862   -0.0193    0.0461    2.5862   -0.0264
    0.0265    2.5862   -0.0340    0.0125    2.5862   -0.0418
    0.0041    2.5862   -0.0497    0.0017    2.5862   -0.0577
    0.0050    2.5862   -0.0654    0.0142    2.5862   -0.0723
    0.0291    2.5862   -0.0784    0.0495    2.5862   -0.0836
    0.0751    2.5862   -0.0879    0.1057    2.5862   -0.0910
    0.1409    2.5862   -0.0931    0.1804    2.5862   -0.0939
    0.2235    2.5862   -0.0936    0.2699    2.5862   -0.0921
    0.3190    2.5862   -0.0894    0.3701    2.5862   -0.0857
    0.4228    2.5862   -0.0811    0.4764    2.5862   -0.0758
    0.5303    2.5862   -0.0698    0.5839    2.5862   -0.0633
    0.6364    2.5862   -0.0565    0.6874    2.5862   -0.0496
    0.7362    2.5862   -0.0427    0.7823    2.5862   -0.0359
    0.8251    2.5862   -0.0293    0.8641    2.5862   -0.0231
    0.8989    2.5862   -0.0174    0.9290    2.5862   -0.0124
    0.9542    2.5862   -0.0081    0.9741    2.5862   -0.0046
    0.9884    2.5862   -0.0021    0.9971    2.5862   -0.0005
    1.0000    2.5862    0.0000
    1.0000    2.6897    0.0000    0.9971    2.6897    0.0002
    0.9882    2.6897    0.0007    0.9737    2.6897    0.0016
    0.9535    2.6897    0.0027    0.9281    2.6897    0.0040
    0.8975    2.6897    0.0055    0.8623    2.6897    0.0071
    0.8229    2.6897    0.0087    0.7796    2.6897    0.0102
    0.7330    2.6897    0.0116    0.6838    2.6897    0.0128
    0.6323    2.6897    0.0137    0.5793    2.6897    0.0143
    0.5254    2.6897    0.0145    0.4712    2.6897    0.0141
    0.4173    2.6897    0.0132    0.3644    2.6897    0.0116
    0.3132    2.6897    0.0093    0.2641    2.6897    0.0062
    0.2179    2.6897    0.0023    0.1750    2.6897   -0.0024
    0.1359    2.6897   -0.0078    0.1012    2.6897   -0.0140
    0.0712    2.6897   -0.0207    0.0462    2.6897   -0.0279
    0.0266    2.6897   -0.0355    0.0125    2.6897   -0.0433
    0.0042    2.6897   -0.0512    0.0018    2.6897   -0.0592
    0.0051    2.6897   -0.0669    0.0143    2.6897   -0.0738
    0.0292    2.6897   -0.0799    0.0496    2.6897   -0.0851
    0.0752    2.6897   -0.0893    0.1059    2.6897   -0.0924
    0.1411    2.6897   -0.0944    0.1805    2.6897   -0.0952
    0.2237    2.6897   -0.0948    0.2700    2.6897   -0.0932
    0.3191    2.6897   -0.0905    0.3703    2.6897   -0.0867
    0.4230    2.6897   -0.0820    0.4765    2.6897   -0.0766
    0.5304    2.6897   -0.0705    0.5839    2.6897   -0.0640
    0.6365    2.6897   -0.0571    0.6875    2.6897   -0.0501
    0.7363    2.6897   -0.0431    0.7824    2.6897   -0.0362
    0.8251    2.6897   -0.0296    0.8641    2.6897   -0.0233
    0.8989    2.6897   -0.0176    0.9290    2.6897   -0.0125
    0.9542    2.6897   -0.0082    0.9741    2.6897   -0.0047
    0.9884    2.6897   -0.0021    0.9971    2.6897   -0.0005
    1.0000    2.6897    0.0000
    1.0000    2.7931    0.0000    0.9971    2.7931    0.0002
    0.9882    2.7931    0.0007    0.9737    2.7931    0.0015
    0.9535    2.7931    0.0026    0.9281    2.7931    0.0039
    0.8975    2.7931    0.0053    0.8623    2.7931    0.0069
    0.8229    2.7931    0.0084    0.7796    2.7931    0.0098
    0.7330    2.7931    0.0111    0.6837    2.7931    0.0122
    0.6323    2.7931    0.0131    0.5793    2.7931    0.0136
    0.5254    2.7931    0.0136    0.4711    2.7931    0.0132
    0.4173    2.7931    0.0122    0.3644    2.7931    0.0105
    0.3132    2.7931    0.0081    0.2641    2.7931    0.0049
    0.2179    2.7931    0.0010    0.1750    2.7931   -0.0038
    0.1360    2.7931   -0.0093    0.1012    2.7931   -0.0155
    0.0712    2.7931   -0.0223    0.0462    2.7931   -0.0296
    0.0266    2.7931   -0.0372    0.0126    2.7931   -0.0450
    0.0043    2.7931   -0.0530    0.0019    2.7931   -0.0610
    0.0053    2.7931   -0.0686    0.0145    2.7931   -0.0755
    0.0293    2.7931   -0.0816    0.0497    2.7931   -0.0867
    0.0754    2.7931   -0.0909    0.1060    2.7931   -0.0940
    0.1413    2.7931   -0.0959    0.1807    2.7931   -0.0966
    0.2238    2.7931   -0.0961    0.2702    2.7931   -0.0944
    0.3193    2.7931   -0.0916    0.3704    2.7931   -0.0878
    0.4231    2.7931   -0.0830    0.4767    2.7931   -0.0775
    0.5305    2.7931   -0.0713    0.5841    2.7931   -0.0647
    0.6366    2.7931   -0.0577    0.6876    2.7931   -0.0506
    0.7364    2.7931   -0.0435    0.7824    2.7931   -0.0366
    0.8252    2.7931   -0.0299    0.8642    2.7931   -0.0236
    0.8989    2.7931   -0.0178    0.9291    2.7931   -0.0126
    0.9542    2.7931   -0.0082    0.9741    2.7931   -0.0047
    0.9884    2.7931   -0.0021    0.9971    2.7931   -0.0005
    1.0000    2.7931    0.0000
    1.0000    2.8966    0.0000    0.9971    2.8966    0.0002
    0.9882    2.8966    0.0007    0.9737    2.8966    0.0015
    0.9535    2.8966    0.0025    0.9280    2.8966    0.0038
    0.8975    2.8966    0.0052    0.8623    2.8966    0.0066
    0.8228    2.8966    0.0080    0.7796    2.8966    0.0094
    0.7330    2.8966    0.0106    0.6837    2.8966    0.0116
    0.6323    2.8966    0.0124    0.5793    2.8966    0.0128
    0.5253    2.8966    0.0127    0.4711    2.8966    0.0122
    0.4173    2.8966    0.0111    0.3644    2.8966    0.0093
    0.3131    2.8966    0.0068    0.2641    2.8966    0.0035
    0.2179    2.8966   -0.0005    0.1750    2.8966   -0.0054
    0.1360    2.8966   -0.0110    0.1013    2.8966   -0.0173
    0.0712    2.8966   -0.0241    0.0463    2.8966   -0.0314
    0.0267    2.8966   -0.0390    0.0127    2.8966   -0.0469
    0.0044    2.8966   -0.0549    0.0020    2.8966   -0.0629
    0.0054    2.8966   -0.0705    0.0146    2.8966   -0.0774
    0.0295    2.8966   -0.0834    0.0499    2.8966   -0.0886
    0.0756    2.8966   -0.0927    0.1062    2.8966   -0.0957
    0.1414    2.8966   -0.0975    0.1809    2.8966   -0.0982
    0.2240    2.8966   -0.0976    0.2704    2.8966   -0.0958
    0.3194    2.8966   -0.0929    0.3706    2.8966   -0.0890
    0.4233    2.8966   -0.0841    0.4768    2.8966   -0.0785
    0.5307    2.8966   -0.0722    0.5842    2.8966   -0.0655
    0.6367    2.8966   -0.0584    0.6877    2.8966   -0.0512
    0.7365    2.8966   -0.0440    0.7825    2.8966   -0.0370
    0.8252    2.8966   -0.0302    0.8642    2.8966   -0.0238
    0.8990    2.8966   -0.0180    0.9291    2.8966   -0.0128
    0.9542    2.8966   -0.0083    0.9741    2.8966   -0.0048
    0.9884    2.8966   -0.0021    0.9971    2.8966   -0.0005
    1.0000    2.8966    0.0000
    1.0000    3.0000    0.0000    0.9971    3.0000    0.0002
    0.9882    3.0000    0.0006    0.9737    3.0000    0.0014
    0.9535    3.0000    0.0024    0.9280    3.0000    0.0036
    0.8975    3.0000    0.0049    0.8623    3.0000    0.0063
    0.8228    3.0000    0.0077    0.7795    3.0000    0.0089
    0.7330    3.0000    0.0101    0.6837    3.0000    0.0110
    0.6322    3.0000    0.0116    0.5792    3.0000    0.0119
    0.5253    3.0000    0.0117    0.4711    3.0000    0.0111
    0.4172    3.0000    0.0098    0.3644    3.0000    0.0079
    0.3131    3.0000    0.0053    0.2641    3.0000    0.0020
    0.2179    3.0000   -0.0022    0.1750    3.0000   -0.0071
    0.1360    3.0000   -0.0128    0.1013    3.0000   -0.0192
    0.0713    3.0000   -0.0261    0.0464    3.0000   -0.0334
    0.0268    3.0000   -0.0411    0.0128    3.0000   -0.0490
    0.0045    3.0000   -0.0570    0.0021    3.0000   -0.0650
    0.0055    3.0000   -0.0726    0.0148    3.0000   -0.0795
    0.0297    3.0000   -0.0855    0.0501    3.0000   -0.0906
    0.0758    3.0000   -0.0946    0.1064    3.0000   -0.0976
    0.1416    3.0000   -0.0994    0.1811    3.0000   -0.0999
    0.2242    3.0000   -0.0993    0.2706    3.0000   -0.0974
    0.3196    3.0000   -0.0944    0.3708    3.0000   -0.0903
    0.4234    3.0000   -0.0853    0.4770    3.0000   -0.0796
    0.5308    3.0000   -0.0732    0.5843    3.0000   -0.0663
    0.6368    3.0000   -0.0592    0.6878    3.0000   -0.0519
    0.7365    3.0000   -0.0446    0.7826    3.0000   -0.0375
    0.8253    3.0000   -0.0306    0.8643    3.0000   -0.0241
    0.8990    3.0000   -0.0182    0.9291    3.0000   -0.0129
    0.9542    3.0000   -0.0084    0.9741    3.0000   -0.0048
    0.9884    3.0000   -0.0022    0.9971    3.0000   -0.0005
    1.0000    3.0000    0.0000
$POINTS for network #  2   wingtip                                           
       1.0
       1.0                                     0.0       0.0
      30.0       8.0                                                  wingtip   
    1.0000    3.0000    0.0000    0.9971    3.0000    0.0002
    0.9882    3.0000    0.0006    0.9737    3.0000    0.0014
    0.9535    3.0000    0.0024    0.9280    3.0000    0.0036
    0.8975    3.0000    0.0049    0.8623    3.0000    0.0063
    0.8228    3.0000    0.0077    0.7795    3.0000    0.0089
    0.7330    3.0000    0.0101    0.6837    3.0000    0.0110
    0.6322    3.0000    0.0116    0.5792    3.0000    0.0119
    0.5253    3.0000    0.0117    0.4711    3.0000    0.0111
    0.4172    3.0000    0.0098    0.3644    3.0000    0.0079
    0.3131    3.0000    0.0053    0.2641    3.0000    0.0020
    0.2179    3.0000   -0.0022    0.1750    3.0000   -0.0071
    0.1360    3.0000   -0.0128    0.1013    3.0000   -0.0192
    0.0713    3.0000   -0.0261    0.0464    3.0000   -0.0334
    0.0268    3.0000   -0.0411    0.0128    3.0000   -0.0490
    0.0045    3.0000   -0.0570    0.0021    3.0000   -0.0650
    1.0000    3.0000    0.0000    0.9971    3.0002    0.0001
    0.9883    3.0006    0.0005    0.9737    3.0014    0.0011
    0.9536    3.0024    0.0019    0.9281    3.0036    0.0028
    0.8976    3.0050    0.0038    0.8624    3.0066    0.0048
    0.8229    3.0083    0.0058    0.7797    3.0101    0.0066
    0.7332    3.0119    0.0073    0.6839    3.0137    0.0079
    0.6325    3.0154    0.0081    0.5795    3.0170    0.0080
    0.5256    3.0185    0.0075    0.4714    3.0197    0.0066
    0.4175    3.0207    0.0051    0.3647    3.0214    0.0031
    0.3135    3.0217    0.0004    0.2644    3.0216   -0.0030
    0.2182    3.0211   -0.0070    0.1753    3.0202   -0.0117
    0.1363    3.0188   -0.0171    0.1016    3.0170   -0.0230
    0.0715    3.0149   -0.0295    0.0466    3.0124   -0.0362
    0.0269    3.0097   -0.0433    0.0129    3.0066   -0.0505
    0.0046    3.0034   -0.0577    0.0021    3.0000   -0.0650
    1.0000    3.0000    0.0000    0.9971    3.0003    0.0000
    0.9883    3.0011    0.0001    0.9738    3.0024    0.0002
    0.9537    3.0042    0.0004    0.9282    3.0065    0.0005
    0.8978    3.0091    0.0006    0.8627    3.0119    0.0006
    0.8233    3.0150    0.0005    0.7801    3.0182    0.0002
    0.7337    3.0214   -0.0002    0.6845    3.0246   -0.0009
    0.6331    3.0277   -0.0017    0.5802    3.0306   -0.0029
    0.5263    3.0333   -0.0043    0.4722    3.0355   -0.0060
    0.4184    3.0373   -0.0081    0.3656    3.0385   -0.0106
    0.3144    3.0391   -0.0134    0.2653    3.0389   -0.0167
    0.2191    3.0380   -0.0205    0.1762    3.0363   -0.0246
    0.1371    3.0339   -0.0291    0.1023    3.0307   -0.0339
    0.0721    3.0269   -0.0390    0.0471    3.0224   -0.0442
    0.0273    3.0174   -0.0494    0.0132    3.0120   -0.0547
    0.0047    3.0061   -0.0599    0.0021    3.0000   -0.0650
    1.0000    3.0000    0.0000    0.9971    3.0003   -0.0001
    0.9883    3.0014   -0.0004    0.9738    3.0030   -0.0010
    0.9538    3.0053   -0.0018    0.9285    3.0081   -0.0028
    0.8981    3.0113   -0.0041    0.8631    3.0149   -0.0055
    0.8238    3.0187   -0.0072    0.7807    3.0227   -0.0091
    0.7344    3.0267   -0.0112    0.6853    3.0307   -0.0135
    0.6340    3.0346   -0.0159    0.5812    3.0382   -0.0185
    0.5275    3.0415   -0.0213    0.4734    3.0443   -0.0242
    0.4196    3.0465   -0.0272    0.3669    3.0480   -0.0303
    0.3157    3.0487   -0.0334    0.2666    3.0485   -0.0367
    0.2204    3.0474   -0.0399    0.1774    3.0453   -0.0432
    0.1382    3.0423   -0.0465    0.1033    3.0383   -0.0496
    0.0730    3.0335   -0.0527    0.0478    3.0279   -0.0556
    0.0279    3.0217   -0.0583    0.0136    3.0149   -0.0608
    0.0049    3.0077   -0.0631    0.0021    3.0000   -0.0650
    1.0000    3.0000    0.0000    0.9971    3.0003   -0.0003
    0.9884    3.0014   -0.0011    0.9739    3.0030   -0.0024
    0.9540    3.0053   -0.0042    0.9287    3.0081   -0.0065
    0.8984    3.0113   -0.0092    0.8635    3.0149   -0.0123
    0.8243    3.0187   -0.0157    0.7814    3.0227   -0.0194
    0.7352    3.0267   -0.0234    0.6862    3.0307   -0.0275
    0.6351    3.0346   -0.0317    0.5823    3.0382   -0.0359
    0.5287    3.0415   -0.0402    0.4747    3.0443   -0.0443
    0.4210    3.0465   -0.0483    0.3683    3.0480   -0.0521
    0.3171    3.0487   -0.0556    0.2681    3.0485   -0.0588
    0.2218    3.0474   -0.0615    0.1787    3.0453   -0.0639
    0.1395    3.0423   -0.0657    0.1044    3.0383   -0.0671
    0.0740    3.0335   -0.0680    0.0486    3.0279   -0.0683
    0.0286    3.0217   -0.0682    0.0140    3.0149   -0.0676
    0.0052    3.0077   -0.0665    0.0021    3.0000   -0.0650
    1.0000    3.0000    0.0000    0.9971    3.0003   -0.0004
    0.9884    3.0011   -0.0016    0.9740    3.0024   -0.0036
    0.9541    3.0042   -0.0064    0.9289    3.0065   -0.0098
    0.8987    3.0091   -0.0138    0.8639    3.0119   -0.0184
    0.8248    3.0150   -0.0234    0.7820    3.0182   -0.0287
    0.7359    3.0214   -0.0343    0.6870    3.0246   -0.0401
    0.6360    3.0277   -0.0459    0.5834    3.0306   -0.0516
    0.5298    3.0333   -0.0572    0.4759    3.0355   -0.0625
    0.4223    3.0373   -0.0674    0.3696    3.0385   -0.0718
    0.3184    3.0391   -0.0756    0.2694    3.0389   -0.0787
    0.2230    3.0380   -0.0810    0.1799    3.0363   -0.0825
    0.1406    3.0339   -0.0831    0.1054    3.0307   -0.0828
    0.0749    3.0269   -0.0817    0.0494    3.0224   -0.0798
    0.0291    3.0174   -0.0771    0.0144    3.0120   -0.0737
    0.0054    3.0061   -0.0697    0.0021    3.0000   -0.0650
    1.0000    3.0000    0.0000    0.9971    3.0002   -0.0005
    0.9884    3.0006   -0.0020    0.9741    3.0014   -0.0045
    0.9542    3.0024   -0.0079    0.9291    3.0036   -0.0121
    0.8989    3.0050   -0.0170    0.8642    3.0066   -0.0226
    0.8252    3.0083   -0.0287    0.7824    3.0101   -0.0352
    0.7364    3.0119   -0.0419    0.6876    3.0137   -0.0488
    0.6366    3.0154   -0.0557    0.5841    3.0170   -0.0625
    0.5306    3.0185   -0.0690    0.4767    3.0197   -0.0751
    0.4231    3.0207   -0.0806    0.3705    3.0214   -0.0855
    0.3193    3.0217   -0.0894    0.2703    3.0216   -0.0925
    0.2239    3.0211   -0.0945    0.1808    3.0202   -0.0953
    0.1414    3.0188   -0.0951    0.1062    3.0170   -0.0937
    0.0755    3.0149   -0.0912    0.0499    3.0124   -0.0877
    0.0295    3.0097   -0.0833    0.0147    3.0066   -0.0780
    0.0055    3.0034   -0.0719    0.0021    3.0000   -0.0650
    1.0000    3.0000    0.0000    0.9971    3.0000   -0.0005
    0.9884    3.0000   -0.0022    0.9741    3.0000   -0.0048
    0.9542    3.0000   -0.0084    0.9291    3.0000   -0.0129
    0.8990    3.0000   -0.0182    0.8643    3.0000   -0.0241
    0.8253    3.0000   -0.0306    0.7826    3.0000   -0.0375
    0.7365    3.0000   -0.0446    0.6878    3.0000   -0.0519
    0.6368    3.0000   -0.0592    0.5843    3.0000   -0.0663
    0.5308    3.0000   -0.0732    0.4770    3.0000   -0.0796
    0.4234    3.0000   -0.0853    0.3708    3.0000   -0.0903
    0.3196    3.0000   -0.0944    0.2706    3.0000   -0.0974
    0.2242    3.0000   -0.0993    0.1811    3.0000   -0.0999
    0.1416    3.0000   -0.0994    0.1064    3.0000   -0.0976
    0.0758    3.0000   -0.0946    0.0501    3.0000   -0.0906
    0.0297    3.0000   -0.0855    0.0148    3.0000   -0.0795
    0.0055    3.0000   -0.0726    0.0021    3.0000   -0.0650
$POINTS for network #  3   wingwake                                          
       1.0
      18.0                                     0.0       0.0
       2.0      30.0                                                  wingwake  
    1.0000    0.0000    0.0000   50.0000    0.0000    0.0000
    1.0000    0.1034    0.0000   50.0000    0.1034    0.0000
    1.0000    0.2069    0.0000   50.0000    0.2069    0.0000
    1.0000    0.3103    0.0000   50.0000    0.3103    0.0000
    1.0000    0.4138    0.0000   50.0000    0.4138    0.0000
    1.0000    0.5172    0.0000   50.0000    0.5172    0.0000
    1.0000    0.6207    0.0000   50.0000    0.6207    0.0000
    1.0000    0.7241    0.0000   50.0000    0.7241    0.0000
    1.0000    0.8276    0.0000   50.0000    0.8276    0.0000
    1.0000    0.9310    0.0000   50.0000    0.9310    0.0000
    1.0000    1.0345    0.0000   50.0000    1.0345    0.0000
    1.0000    1.1379    0.0000   50.0000    1.1379    0.0000
    1.0000    1.2414    0.0000   50.0000    1.2414    0.0000
    1.0000    1.3448    0.0000   50.0000    1.3448    0.0000
    1.0000    1.4483    0.0000   50.0000    1.4483    0.0000
    1.0000    1.5517    0.0000   50.0000    1.5517    0.0000
    1.0000    1.6552    0.0000   50.0000    1.6552    0.0000
    1.0000    1.7586    0.0000   50.0000    1.7586    0.0000
    1.0000    1.8621    0.0000   50.0000    1.8621    0.0000
    1.0000    1.9655    0.0000   50.0000    1.9655    0.0000
    1.0000    2.0690    0.0000   50.0000    2.0690    0.0000
    1.0000    2.1724    0.0000   50.0000    2.1724    0.0000
    1.0000    2.2759    0.0000   50.0000    2.2759    0.0000
    1.0000    2.3793    0.0000   50.0000    2.3793    0.0000
    1.0000    2.4828    0.0000   50.0000    2.4828    0.0000
    1.0000    2.5862    0.0000   50.0000    2.5862    0.0000
    1.0000    2.6897    0.0000   50.0000    2.6897    0.0000
    1.0000    2.7931    0.0000   50.0000    2.7931    0.0000
    1.0000    2.8966    0.0000   50.0000    2.8966    0.0000
    1.0000    3.0000    0.0000   50.0000    3.0000    0.0000
$END OF INPUT DATA
