$TITLE    Created by panin, version 1.0 (4Jan2000) on                
INPUT FILE FOR PanAir (A502-ht2)                                                
Created by PANIN                                                                
$DATACHECK
    0.0000
$SYM
    1.0000    0.0000
$MACH NUMBER
    0.5000
$CASES
    1.0000
$ANGLES OF ATTACK
    0.0000
    7.4200
$YAW ANGLES
    0.0000
    0.0000
$REFERENCE DATA FOR 3-D FORCES AND MOMENTS
    0.2500    0.0000    0.0000    1.0000
    6.0000    6.0000    1.0000    6.0000
$PRINTOUT CONTROL
       0.0       0.0       0.0       0.0       0.0       0.0
       0.0       0.0       0.0       0.0       0.0       0.0
$EAT
  0.000000       0.0       0.0       0.0       0.0       0.0
$VELOCITY CORRECTION
    0.0000
$POINTS for network #  1   wing                                              
       1.0
       1.0                                     0.0       0.0
      59.0      30.0                                                  wing      
    1.0000    0.0000    0.0000    0.9971    0.0000    0.0004
    0.9883    0.0000    0.0014    0.9738    0.0000    0.0031
    0.9538    0.0000    0.0054    0.9284    0.0000    0.0083
    0.8980    0.0000    0.0116    0.8630    0.0000    0.0152
    0.8237    0.0000    0.0192    0.7806    0.0000    0.0232
    0.7342    0.0000    0.0274    0.6851    0.0000    0.0315
    0.6338    0.0000    0.0355    0.5809    0.0000    0.0392
    0.5271    0.0000    0.0425    0.4729    0.0000    0.0454
    0.4191    0.0000    0.0477    0.3662    0.0000    0.0492
    0.3149    0.0000    0.0500    0.2658    0.0000    0.0498
    0.2194    0.0000    0.0486    0.1763    0.0000    0.0465
    0.1370    0.0000    0.0434    0.1020    0.0000    0.0393
    0.0716    0.0000    0.0344    0.0462    0.0000    0.0286
    0.0262    0.0000    0.0222    0.0117    0.0000    0.0153
    0.0029    0.0000    0.0079    0.0000    0.0000    0.0000
    0.0029    0.0000   -0.0079    0.0117    0.0000   -0.0153
    0.0262    0.0000   -0.0222    0.0462    0.0000   -0.0286
    0.0716    0.0000   -0.0344    0.1020    0.0000   -0.0393
    0.1370    0.0000   -0.0434    0.1763    0.0000   -0.0465
    0.2194    0.0000   -0.0486    0.2658    0.0000   -0.0498
    0.3149    0.0000   -0.0500    0.3662    0.0000   -0.0492
    0.4191    0.0000   -0.0477    0.4729    0.0000   -0.0454
    0.5271    0.0000   -0.0425    0.5809    0.0000   -0.0392
    0.6338    0.0000   -0.0355    0.6851    0.0000   -0.0315
    0.7342    0.0000   -0.0274    0.7806    0.0000   -0.0232
    0.8237    0.0000   -0.0192    0.8630    0.0000   -0.0152
    0.8980    0.0000   -0.0116    0.9284    0.0000   -0.0083
    0.9538    0.0000   -0.0054    0.9738    0.0000   -0.0031
    0.9883    0.0000   -0.0014    0.9971    0.0000   -0.0004
    1.0000    0.0000    0.0000
    1.0000    0.1034    0.0000    0.9971    0.1034    0.0003
    0.9883    0.1034    0.0011    0.9738    0.1034    0.0025
    0.9537    0.1034    0.0043    0.9283    0.1034    0.0066
    0.8978    0.1034    0.0092    0.8627    0.1034    0.0120
    0.8233    0.1034    0.0150    0.7801    0.1034    0.0181
    0.7336    0.1034    0.0211    0.6844    0.1034    0.0241
    0.6330    0.1034    0.0268    0.5801    0.1034    0.0293
    0.5262    0.1034    0.0314    0.4720    0.1034    0.0330
    0.4181    0.1034    0.0340    0.3653    0.1034    0.0343
    0.3139    0.1034    0.0338    0.2648    0.1034    0.0325
    0.2185    0.1034    0.0303    0.1754    0.1034    0.0271
    0.1362    0.1034    0.0231    0.1013    0.1034    0.0182
    0.0710    0.1034    0.0125    0.0458    0.1034    0.0062
    0.0259    0.1034   -0.0007    0.0116    0.1034   -0.0080
    0.0030    0.1034   -0.0156    0.0003    0.1034   -0.0235
    0.0034    0.1034   -0.0313    0.0123    0.1034   -0.0385
    0.0270    0.1034   -0.0451    0.0471    0.1034   -0.0511
    0.0726    0.1034   -0.0562    0.1031    0.1034   -0.0604
    0.1383    0.1034   -0.0636    0.1776    0.1034   -0.0658
    0.2208    0.1034   -0.0670    0.2672    0.1034   -0.0670
    0.3163    0.1034   -0.0661    0.3676    0.1034   -0.0641
    0.4204    0.1034   -0.0613    0.4741    0.1034   -0.0578
    0.5282    0.1034   -0.0537    0.5819    0.1034   -0.0490
    0.6347    0.1034   -0.0441    0.6859    0.1034   -0.0389
    0.7349    0.1034   -0.0336    0.7812    0.1034   -0.0284
    0.8242    0.1034   -0.0233    0.8634    0.1034   -0.0185
    0.8983    0.1034   -0.0140    0.9286    0.1034   -0.0100
    0.9539    0.1034   -0.0065    0.9739    0.1034   -0.0037
    0.9883    0.1034   -0.0017    0.9971    0.1034   -0.0004
    1.0000    0.1034    0.0000
    1.0000    0.2069    0.0000    0.9971    0.2069    0.0003
    0.9883    0.2069    0.0011    0.9737    0.2069    0.0023
    0.9536    0.2069    0.0040    0.9282    0.2069    0.0061
    0.8977    0.2069    0.0085    0.8626    0.2069    0.0111
    0.8232    0.2069    0.0138    0.7800    0.2069    0.0166
    0.7335    0.2069    0.0194    0.6843    0.2069    0.0220
    0.6329    0.2069    0.0244    0.5799    0.2069    0.0265
    0.5260    0.2069    0.0283    0.4718    0.2069    0.0295
    0.4179    0.2069    0.0301    0.3650    0.2069    0.0301
    0.3137    0.2069    0.0293    0.2646    0.2069    0.0276
    0.2183    0.2069    0.0251    0.1753    0.2069    0.0216
    0.1361    0.2069    0.0173    0.1012    0.2069    0.0122
    0.0710    0.2069    0.0063    0.0458    0.2069   -0.0002
    0.0259    0.2069   -0.0071    0.0117    0.2069   -0.0145
    0.0031    0.2069   -0.0222    0.0005    0.2069   -0.0302
    0.0036    0.2069   -0.0379    0.0126    0.2069   -0.0451
    0.0273    0.2069   -0.0516    0.0475    0.2069   -0.0574
    0.0730    0.2069   -0.0624    0.1035    0.2069   -0.0664
    0.1387    0.2069   -0.0694    0.1781    0.2069   -0.0713
    0.2212    0.2069   -0.0722    0.2676    0.2069   -0.0719
    0.3168    0.2069   -0.0706    0.3680    0.2069   -0.0683
    0.4208    0.2069   -0.0652    0.4745    0.2069   -0.0613
    0.5286    0.2069   -0.0568    0.5823    0.2069   -0.0518
    0.6350    0.2069   -0.0465    0.6862    0.2069   -0.0410
    0.7352    0.2069   -0.0354    0.7814    0.2069   -0.0298
    0.8244    0.2069   -0.0245    0.8635    0.2069   -0.0194
    0.8984    0.2069   -0.0147    0.9287    0.2069   -0.0104
    0.9540    0.2069   -0.0068    0.9739    0.2069   -0.0039
    0.9884    0.2069   -0.0018    0.9971    0.2069   -0.0004
    1.0000    0.2069    0.0000
    1.0000    0.3103    0.0000    0.9971    0.3103    0.0003
    0.9883    0.3103    0.0010    0.9737    0.3103    0.0022
    0.9536    0.3103    0.0039    0.9282    0.3103    0.0058
    0.8977    0.3103    0.0081    0.8626    0.3103    0.0105
    0.8231    0.3103    0.0131    0.7799    0.3103    0.0157
    0.7334    0.3103    0.0183    0.6842    0.3103    0.0207
    0.6328    0.3103    0.0229    0.5798    0.3103    0.0248
    0.5259    0.3103    0.0263    0.4717    0.3103    0.0274
    0.4178    0.3103    0.0278    0.3649    0.3103    0.0275
    0.3136    0.3103    0.0265    0.2645    0.3103    0.0246
    0.2182    0.3103    0.0219    0.1752    0.3103    0.0183
    0.1360    0.3103    0.0138    0.1011    0.3103    0.0085
    0.0709    0.3103    0.0026    0.0458    0.3103   -0.0040
    0.0260    0.3103   -0.0111    0.0117    0.3103   -0.0185
    0.0032    0.3103   -0.0263    0.0006    0.3103   -0.0342
    0.0038    0.3103   -0.0420    0.0128    0.3103   -0.0491
    0.0275    0.3103   -0.0556    0.0478    0.3103   -0.0613
    0.0733    0.3103   -0.0661    0.1038    0.3103   -0.0700
    0.1390    0.3103   -0.0729    0.1784    0.3103   -0.0746
    0.2215    0.3103   -0.0753    0.2679    0.3103   -0.0749
    0.3170    0.3103   -0.0734    0.3683    0.3103   -0.0709
    0.4211    0.3103   -0.0675    0.4748    0.3103   -0.0634
    0.5288    0.3103   -0.0587    0.5825    0.3103   -0.0535
    0.6352    0.3103   -0.0480    0.6863    0.3103   -0.0423
    0.7353    0.3103   -0.0365    0.7815    0.3103   -0.0307
    0.8245    0.3103   -0.0252    0.8636    0.3103   -0.0199
    0.8985    0.3103   -0.0151    0.9288    0.3103   -0.0107
    0.9540    0.3103   -0.0070    0.9739    0.3103   -0.0040
    0.9884    0.3103   -0.0018    0.9971    0.3103   -0.0005
    1.0000    0.3103    0.0000
    1.0000    0.4138    0.0000    0.9971    0.4138    0.0002
    0.9883    0.4138    0.0010    0.9737    0.4138    0.0021
    0.9536    0.4138    0.0037    0.9282    0.4138    0.0056
    0.8977    0.4138    0.0078    0.8625    0.4138    0.0102
    0.8231    0.4138    0.0126    0.7799    0.4138    0.0151
    0.7334    0.4138    0.0175    0.6841    0.4138    0.0198
    0.6327    0.4138    0.0219    0.5797    0.4138    0.0237
    0.5258    0.4138    0.0250    0.4716    0.4138    0.0259
    0.4177    0.4138    0.0262    0.3648    0.4138    0.0258
    0.3136    0.4138    0.0246    0.2645    0.4138    0.0226
    0.2181    0.4138    0.0197    0.1752    0.4138    0.0160
    0.1360    0.4138    0.0114    0.1011    0.4138    0.0061
    0.0709    0.4138    0.0000    0.0458    0.4138   -0.0066
    0.0260    0.4138   -0.0138    0.0118    0.4138   -0.0213
    0.0033    0.4138   -0.0290    0.0007    0.4138   -0.0370
    0.0039    0.4138   -0.0447    0.0129    0.4138   -0.0518
    0.0277    0.4138   -0.0582    0.0479    0.4138   -0.0639
    0.0735    0.4138   -0.0687    0.1040    0.4138   -0.0725
    0.1392    0.4138   -0.0752    0.1786    0.4138   -0.0769
    0.2217    0.4138   -0.0775    0.2681    0.4138   -0.0769
    0.3172    0.4138   -0.0753    0.3685    0.4138   -0.0726
    0.4213    0.4138   -0.0691    0.4750    0.4138   -0.0649
    0.5290    0.4138   -0.0600    0.5826    0.4138   -0.0547
    0.6353    0.4138   -0.0490    0.6864    0.4138   -0.0431
    0.7354    0.4138   -0.0372    0.7816    0.4138   -0.0313
    0.8245    0.4138   -0.0257    0.8637    0.4138   -0.0203
    0.8985    0.4138   -0.0153    0.9288    0.4138   -0.0109
    0.9540    0.4138   -0.0071    0.9740    0.4138   -0.0041
    0.9884    0.4138   -0.0018    0.9971    0.4138   -0.0005
    1.0000    0.4138    0.0000
    1.0000    0.5172    0.0000    0.9971    0.5172    0.0002
    0.9883    0.5172    0.0009    0.9737    0.5172    0.0021
    0.9536    0.5172    0.0036    0.9282    0.5172    0.0055
    0.8977    0.5172    0.0076    0.8625    0.5172    0.0099
    0.8231    0.5172    0.0123    0.7799    0.5172    0.0147
    0.7333    0.5172    0.0170    0.6841    0.5172    0.0192
    0.6327    0.5172    0.0212    0.5797    0.5172    0.0228
    0.5258    0.5172    0.0241    0.4716    0.5172    0.0249
    0.4177    0.5172    0.0250    0.3648    0.5172    0.0245
    0.3135    0.5172    0.0232    0.2644    0.5172    0.0211
    0.2181    0.5172    0.0182    0.1751    0.5172    0.0144
    0.1360    0.5172    0.0097    0.1011    0.5172    0.0043
    0.0709    0.5172   -0.0018    0.0458    0.5172   -0.0085
    0.0260    0.5172   -0.0157    0.0118    0.5172   -0.0232
    0.0034    0.5172   -0.0310    0.0008    0.5172   -0.0389
    0.0040    0.5172   -0.0467    0.0130    0.5172   -0.0538
    0.0278    0.5172   -0.0602    0.0481    0.5172   -0.0658
    0.0736    0.5172   -0.0705    0.1042    0.5172   -0.0742
    0.1393    0.5172   -0.0769    0.1787    0.5172   -0.0785
    0.2219    0.5172   -0.0790    0.2683    0.5172   -0.0783
    0.3174    0.5172   -0.0766    0.3686    0.5172   -0.0739
    0.4214    0.5172   -0.0703    0.4751    0.5172   -0.0659
    0.5291    0.5172   -0.0609    0.5827    0.5172   -0.0555
    0.6354    0.5172   -0.0497    0.6865    0.5172   -0.0437
    0.7355    0.5172   -0.0377    0.7817    0.5172   -0.0318
    0.8246    0.5172   -0.0260    0.8637    0.5172   -0.0206
    0.8986    0.5172   -0.0155    0.9288    0.5172   -0.0111
    0.9540    0.5172   -0.0072    0.9740    0.5172   -0.0041
    0.9884    0.5172   -0.0019    0.9971    0.5172   -0.0005
    1.0000    0.5172    0.0000
    1.0000    0.6207    0.0000    0.9971    0.6207    0.0002
    0.9883    0.6207    0.0009    0.9737    0.6207    0.0021
    0.9536    0.6207    0.0036    0.9282    0.6207    0.0054
    0.8977    0.6207    0.0075    0.8625    0.6207    0.0097
    0.8231    0.6207    0.0120    0.7798    0.6207    0.0144
    0.7333    0.6207    0.0166    0.6841    0.6207    0.0187
    0.6326    0.6207    0.0206    0.5796    0.6207    0.0222
    0.5257    0.6207    0.0234    0.4715    0.6207    0.0241
    0.4177    0.6207    0.0242    0.3648    0.6207    0.0236
    0.3135    0.6207    0.0222    0.2644    0.6207    0.0201
    0.2181    0.6207    0.0170    0.1751    0.6207    0.0132
    0.1360    0.6207    0.0084    0.1011    0.6207    0.0030
    0.0709    0.6207   -0.0032    0.0458    0.6207   -0.0099
    0.0261    0.6207   -0.0171    0.0119    0.6207   -0.0247
    0.0034    0.6207   -0.0325    0.0008    0.6207   -0.0404
    0.0041    0.6207   -0.0482    0.0131    0.6207   -0.0552
    0.0279    0.6207   -0.0616    0.0481    0.6207   -0.0672
    0.0737    0.6207   -0.0719    0.1043    0.6207   -0.0756
    0.1395    0.6207   -0.0782    0.1789    0.6207   -0.0797
    0.2220    0.6207   -0.0801    0.2684    0.6207   -0.0794
    0.3175    0.6207   -0.0776    0.3687    0.6207   -0.0748
    0.4215    0.6207   -0.0711    0.4752    0.6207   -0.0667
    0.5292    0.6207   -0.0616    0.5828    0.6207   -0.0561
    0.6355    0.6207   -0.0502    0.6866    0.6207   -0.0442
    0.7355    0.6207   -0.0381    0.7817    0.6207   -0.0321
    0.8246    0.6207   -0.0263    0.8637    0.6207   -0.0208
    0.8986    0.6207   -0.0157    0.9288    0.6207   -0.0112
    0.9540    0.6207   -0.0073    0.9740    0.6207   -0.0042
    0.9884    0.6207   -0.0019    0.9971    0.6207   -0.0005
    1.0000    0.6207    0.0000
    1.0000    0.7241    0.0000    0.9971    0.7241    0.0002
    0.9883    0.7241    0.0009    0.9737    0.7241    0.0020
    0.9536    0.7241    0.0035    0.9281    0.7241    0.0053
    0.8977    0.7241    0.0073    0.8625    0.7241    0.0095
    0.8230    0.7241    0.0118    0.7798    0.7241    0.0141
    0.7333    0.7241    0.0163    0.6840    0.7241    0.0184
    0.6326    0.7241    0.0202    0.5796    0.7241    0.0217
    0.5257    0.7241    0.0229    0.4715    0.7241    0.0235
    0.4176    0.7241    0.0235    0.3647    0.7241    0.0229
    0.3134    0.7241    0.0215    0.2644    0.7241    0.0192
    0.2181    0.7241    0.0162    0.1751    0.7241    0.0122
    0.1359    0.7241    0.0075    0.1011    0.7241    0.0019
    0.0709    0.7241   -0.0043    0.0458    0.7241   -0.0110
    0.0261    0.7241   -0.0182    0.0119    0.7241   -0.0258
    0.0035    0.7241   -0.0336    0.0009    0.7241   -0.0416
    0.0041    0.7241   -0.0493    0.0132    0.7241   -0.0563
    0.0279    0.7241   -0.0627    0.0482    0.7241   -0.0682
    0.0738    0.7241   -0.0729    0.1044    0.7241   -0.0766
    0.1395    0.7241   -0.0792    0.1789    0.7241   -0.0807
    0.2221    0.7241   -0.0810    0.2685    0.7241   -0.0802
    0.3176    0.7241   -0.0784    0.3688    0.7241   -0.0755
    0.4216    0.7241   -0.0718    0.4753    0.7241   -0.0673
    0.5292    0.7241   -0.0622    0.5829    0.7241   -0.0566
    0.6356    0.7241   -0.0507    0.6866    0.7241   -0.0446
    0.7356    0.7241   -0.0384    0.7817    0.7241   -0.0323
    0.8246    0.7241   -0.0265    0.8637    0.7241   -0.0209
    0.8986    0.7241   -0.0158    0.9288    0.7241   -0.0113
    0.9541    0.7241   -0.0074    0.9740    0.7241   -0.0042
    0.9884    0.7241   -0.0019    0.9971    0.7241   -0.0005
    1.0000    0.7241    0.0000
    1.0000    0.8276    0.0000    0.9971    0.8276    0.0002
    0.9883    0.8276    0.0009    0.9737    0.8276    0.0020
    0.9536    0.8276    0.0035    0.9281    0.8276    0.0052
    0.8976    0.8276    0.0072    0.8625    0.8276    0.0094
    0.8230    0.8276    0.0117    0.7798    0.8276    0.0139
    0.7333    0.8276    0.0161    0.6840    0.8276    0.0181
    0.6326    0.8276    0.0199    0.5796    0.8276    0.0214
    0.5257    0.8276    0.0224    0.4715    0.8276    0.0230
    0.4176    0.8276    0.0230    0.3647    0.8276    0.0223
    0.3134    0.8276    0.0209    0.2643    0.8276    0.0186
    0.2180    0.8276    0.0155    0.1751    0.8276    0.0115
    0.1359    0.8276    0.0067    0.1011    0.8276    0.0012
    0.0709    0.8276   -0.0051    0.0459    0.8276   -0.0119
    0.0261    0.8276   -0.0191    0.0119    0.8276   -0.0267
    0.0035    0.8276   -0.0345    0.0009    0.8276   -0.0424
    0.0042    0.8276   -0.0501    0.0132    0.8276   -0.0572
    0.0280    0.8276   -0.0635    0.0483    0.8276   -0.0691
    0.0739    0.8276   -0.0737    0.1044    0.8276   -0.0774
    0.1396    0.8276   -0.0799    0.1790    0.8276   -0.0814
    0.2222    0.8276   -0.0817    0.2686    0.8276   -0.0809
    0.3177    0.8276   -0.0790    0.3689    0.8276   -0.0761
    0.4217    0.8276   -0.0723    0.4753    0.8276   -0.0677
    0.5293    0.8276   -0.0626    0.5829    0.8276   -0.0569
    0.6356    0.8276   -0.0510    0.6867    0.8276   -0.0448
    0.7356    0.8276   -0.0386    0.7818    0.8276   -0.0325
    0.8247    0.8276   -0.0266    0.8638    0.8276   -0.0210
    0.8986    0.8276   -0.0159    0.9288    0.8276   -0.0113
    0.9541    0.8276   -0.0074    0.9740    0.8276   -0.0042
    0.9884    0.8276   -0.0019    0.9971    0.8276   -0.0005
    1.0000    0.8276    0.0000
    1.0000    0.9310    0.0000    0.9971    0.9310    0.0002
    0.9883    0.9310    0.0009    0.9737    0.9310    0.0020
    0.9536    0.9310    0.0034    0.9281    0.9310    0.0052
    0.8976    0.9310    0.0072    0.8625    0.9310    0.0093
    0.8230    0.9310    0.0115    0.7798    0.9310    0.0138
    0.7333    0.9310    0.0159    0.6840    0.9310    0.0179
    0.6326    0.9310    0.0196    0.5796    0.9310    0.0211
    0.5257    0.9310    0.0221    0.4715    0.9310    0.0226
    0.4176    0.9310    0.0226    0.3647    0.9310    0.0219
    0.3134    0.9310    0.0204    0.2643    0.9310    0.0181
    0.2180    0.9310    0.0149    0.1751    0.9310    0.0109
    0.1359    0.9310    0.0061    0.1011    0.9310    0.0005
    0.0710    0.9310   -0.0057    0.0459    0.9310   -0.0125
    0.0261    0.9310   -0.0198    0.0119    0.9310   -0.0273
    0.0035    0.9310   -0.0352    0.0009    0.9310   -0.0431
    0.0042    0.9310   -0.0508    0.0133    0.9310   -0.0579
    0.0280    0.9310   -0.0642    0.0483    0.9310   -0.0697
    0.0739    0.9310   -0.0744    0.1045    0.9310   -0.0780
    0.1397    0.9310   -0.0805    0.1791    0.9310   -0.0820
    0.2222    0.9310   -0.0822    0.2686    0.9310   -0.0814
    0.3177    0.9310   -0.0795    0.3689    0.9310   -0.0765
    0.4217    0.9310   -0.0727    0.4754    0.9310   -0.0681
    0.5293    0.9310   -0.0629    0.5830    0.9310   -0.0572
    0.6356    0.9310   -0.0512    0.6867    0.9310   -0.0451
    0.7356    0.9310   -0.0388    0.7818    0.9310   -0.0327
    0.8247    0.9310   -0.0267    0.8638    0.9310   -0.0211
    0.8986    0.9310   -0.0160    0.9289    0.9310   -0.0114
    0.9541    0.9310   -0.0074    0.9740    0.9310   -0.0042
    0.9884    0.9310   -0.0019    0.9971    0.9310   -0.0005
    1.0000    0.9310    0.0000
    1.0000    1.0345    0.0000    0.9971    1.0345    0.0002
    0.9883    1.0345    0.0009    0.9737    1.0345    0.0020
    0.9536    1.0345    0.0034    0.9281    1.0345    0.0051
    0.8976    1.0345    0.0071    0.8625    1.0345    0.0092
    0.8230    1.0345    0.0114    0.7798    1.0345    0.0136
    0.7333    1.0345    0.0157    0.6840    1.0345    0.0177
    0.6326    1.0345    0.0194    0.5796    1.0345    0.0208
    0.5257    1.0345    0.0218    0.4714    1.0345    0.0223
    0.4176    1.0345    0.0223    0.3647    1.0345    0.0215
    0.3134    1.0345    0.0200    0.2643    1.0345    0.0176
    0.2180    1.0345    0.0145    0.1751    1.0345    0.0105
    0.1359    1.0345    0.0056    0.1011    1.0345    0.0000
    0.0710    1.0345   -0.0062    0.0459    1.0345   -0.0131
    0.0261    1.0345   -0.0203    0.0120    1.0345   -0.0279
    0.0035    1.0345   -0.0357    0.0010    1.0345   -0.0437
    0.0042    1.0345   -0.0514    0.0133    1.0345   -0.0585
    0.0281    1.0345   -0.0648    0.0484    1.0345   -0.0703
    0.0740    1.0345   -0.0749    0.1045    1.0345   -0.0785
    0.1397    1.0345   -0.0810    0.1791    1.0345   -0.0824
    0.2223    1.0345   -0.0827    0.2687    1.0345   -0.0818
    0.3178    1.0345   -0.0799    0.3690    1.0345   -0.0769
    0.4217    1.0345   -0.0730    0.4754    1.0345   -0.0684
    0.5294    1.0345   -0.0632    0.5830    1.0345   -0.0575
    0.6357    1.0345   -0.0514    0.6867    1.0345   -0.0452
    0.7357    1.0345   -0.0390    0.7818    1.0345   -0.0328
    0.8247    1.0345   -0.0268    0.8638    1.0345   -0.0212
    0.8987    1.0345   -0.0160    0.9289    1.0345   -0.0114
    0.9541    1.0345   -0.0074    0.9740    1.0345   -0.0043
    0.9884    1.0345   -0.0019    0.9971    1.0345   -0.0005
    1.0000    1.0345    0.0000
    1.0000    1.1379    0.0000    0.9971    1.1379    0.0002
    0.9883    1.1379    0.0009    0.9737    1.1379    0.0020
    0.9536    1.1379    0.0034    0.9281    1.1379    0.0051
    0.8976    1.1379    0.0071    0.8625    1.1379    0.0092
    0.8230    1.1379    0.0113    0.7798    1.1379    0.0135
    0.7333    1.1379    0.0156    0.6840    1.1379    0.0176
    0.6326    1.1379    0.0193    0.5796    1.1379    0.0206
    0.5257    1.1379    0.0216    0.4714    1.1379    0.0221
    0.4176    1.1379    0.0220    0.3647    1.1379    0.0212
    0.3134    1.1379    0.0196    0.2643    1.1379    0.0173
    0.2180    1.1379    0.0141    0.1751    1.1379    0.0100
    0.1359    1.1379    0.0052    0.1011    1.1379   -0.0004
    0.0710    1.1379   -0.0067    0.0459    1.1379   -0.0135
    0.0261    1.1379   -0.0208    0.0120    1.1379   -0.0284
    0.0036    1.1379   -0.0362    0.0010    1.1379   -0.0442
    0.0043    1.1379   -0.0519    0.0133    1.1379   -0.0589
    0.0281    1.1379   -0.0653    0.0484    1.1379   -0.0708
    0.0740    1.1379   -0.0753    0.1046    1.1379   -0.0789
    0.1398    1.1379   -0.0815    0.1792    1.1379   -0.0828
    0.2223    1.1379   -0.0831    0.2687    1.1379   -0.0822
    0.3178    1.1379   -0.0802    0.3690    1.1379   -0.0772
    0.4218    1.1379   -0.0733    0.4755    1.1379   -0.0687
    0.5294    1.1379   -0.0634    0.5830    1.1379   -0.0577
    0.6357    1.1379   -0.0516    0.6868    1.1379   -0.0454
    0.7357    1.1379   -0.0391    0.7818    1.1379   -0.0329
    0.8247    1.1379   -0.0269    0.8638    1.1379   -0.0213
    0.8987    1.1379   -0.0161    0.9289    1.1379   -0.0114
    0.9541    1.1379   -0.0075    0.9740    1.1379   -0.0043
    0.9884    1.1379   -0.0019    0.9971    1.1379   -0.0005
    1.0000    1.1379    0.0000
    1.0000    1.2414    0.0000    0.9971    1.2414    0.0002
    0.9883    1.2414    0.0009    0.9737    1.2414    0.0019
    0.9536    1.2414    0.0034    0.9281    1.2414    0.0051
    0.8976    1.2414    0.0070    0.8625    1.2414    0.0091
    0.8230    1.2414    0.0113    0.7798    1.2414    0.0134
    0.7332    1.2414    0.0155    0.6840    1.2414    0.0174
    0.6325    1.2414    0.0191    0.5796    1.2414    0.0205
    0.5256    1.2414    0.0214    0.4714    1.2414    0.0219
    0.4176    1.2414    0.0217    0.3647    1.2414    0.0209
    0.3134    1.2414    0.0193    0.2643    1.2414    0.0170
    0.2180    1.2414    0.0138    0.1751    1.2414    0.0097
    0.1359    1.2414    0.0048    0.1011    1.2414   -0.0008
    0.0710    1.2414   -0.0071    0.0459    1.2414   -0.0139
    0.0262    1.2414   -0.0212    0.0120    1.2414   -0.0288
    0.0036    1.2414   -0.0366    0.0010    1.2414   -0.0446
    0.0043    1.2414   -0.0523    0.0134    1.2414   -0.0594
    0.0281    1.2414   -0.0657    0.0484    1.2414   -0.0712
    0.0740    1.2414   -0.0757    0.1046    1.2414   -0.0793
    0.1398    1.2414   -0.0818    0.1792    1.2414   -0.0832
    0.2224    1.2414   -0.0834    0.2687    1.2414   -0.0825
    0.3178    1.2414   -0.0805    0.3691    1.2414   -0.0775
    0.4218    1.2414   -0.0736    0.4755    1.2414   -0.0689
    0.5294    1.2414   -0.0636    0.5831    1.2414   -0.0579
    0.6357    1.2414   -0.0518    0.6868    1.2414   -0.0455
    0.7357    1.2414   -0.0392    0.7818    1.2414   -0.0330
    0.8247    1.2414   -0.0270    0.8638    1.2414   -0.0213
    0.8987    1.2414   -0.0161    0.9289    1.2414   -0.0115
    0.9541    1.2414   -0.0075    0.9740    1.2414   -0.0043
    0.9884    1.2414   -0.0019    0.9971    1.2414   -0.0005
    1.0000    1.2414    0.0000
    1.0000    1.3448    0.0000    0.9971    1.3448    0.0002
    0.9883    1.3448    0.0009    0.9737    1.3448    0.0019
    0.9536    1.3448    0.0033    0.9281    1.3448    0.0051
    0.8976    1.3448    0.0070    0.8625    1.3448    0.0091
    0.8230    1.3448    0.0112    0.7798    1.3448    0.0133
    0.7332    1.3448    0.0154    0.6840    1.3448    0.0173
    0.6325    1.3448    0.0189    0.5796    1.3448    0.0203
    0.5256    1.3448    0.0212    0.4714    1.3448    0.0216
    0.4176    1.3448    0.0215    0.3647    1.3448    0.0206
    0.3134    1.3448    0.0191    0.2643    1.3448    0.0167
    0.2180    1.3448    0.0134    0.1750    1.3448    0.0094
    0.1359    1.3448    0.0045    0.1011    1.3448   -0.0012
    0.0710    1.3448   -0.0075    0.0459    1.3448   -0.0143
    0.0262    1.3448   -0.0216    0.0120    1.3448   -0.0292
    0.0036    1.3448   -0.0371    0.0010    1.3448   -0.0450
    0.0043    1.3448   -0.0527    0.0134    1.3448   -0.0598
    0.0282    1.3448   -0.0661    0.0485    1.3448   -0.0716
    0.0741    1.3448   -0.0761    0.1046    1.3448   -0.0797
    0.1398    1.3448   -0.0822    0.1792    1.3448   -0.0835
    0.2224    1.3448   -0.0837    0.2688    1.3448   -0.0828
    0.3179    1.3448   -0.0808    0.3691    1.3448   -0.0777
    0.4218    1.3448   -0.0738    0.4755    1.3448   -0.0691
    0.5295    1.3448   -0.0638    0.5831    1.3448   -0.0580
    0.6357    1.3448   -0.0519    0.6868    1.3448   -0.0456
    0.7357    1.3448   -0.0393    0.7819    1.3448   -0.0331
    0.8247    1.3448   -0.0271    0.8638    1.3448   -0.0214
    0.8987    1.3448   -0.0162    0.9289    1.3448   -0.0115
    0.9541    1.3448   -0.0075    0.9740    1.3448   -0.0043
    0.9884    1.3448   -0.0019    0.9971    1.3448   -0.0005
    1.0000    1.3448    0.0000
    1.0000    1.4483    0.0000    0.9971    1.4483    0.0002
    0.9883    1.4483    0.0009    0.9737    1.4483    0.0019
    0.9536    1.4483    0.0033    0.9281    1.4483    0.0050
    0.8976    1.4483    0.0069    0.8624    1.4483    0.0090
    0.8230    1.4483    0.0111    0.7798    1.4483    0.0132
    0.7332    1.4483    0.0153    0.6840    1.4483    0.0172
    0.6325    1.4483    0.0188    0.5795    1.4483    0.0201
    0.5256    1.4483    0.0210    0.4714    1.4483    0.0214
    0.4175    1.4483    0.0212    0.3647    1.4483    0.0204
    0.3134    1.4483    0.0188    0.2643    1.4483    0.0164
    0.2180    1.4483    0.0131    0.1750    1.4483    0.0090
    0.1359    1.4483    0.0041    0.1011    1.4483   -0.0015
    0.0710    1.4483   -0.0079    0.0459    1.4483   -0.0147
    0.0262    1.4483   -0.0220    0.0120    1.4483   -0.0296
    0.0036    1.4483   -0.0375    0.0010    1.4483   -0.0454
    0.0043    1.4483   -0.0531    0.0134    1.4483   -0.0602
    0.0282    1.4483   -0.0665    0.0485    1.4483   -0.0719
    0.0741    1.4483   -0.0765    0.1047    1.4483   -0.0801
    0.1399    1.4483   -0.0825    0.1793    1.4483   -0.0839
    0.2224    1.4483   -0.0840    0.2688    1.4483   -0.0831
    0.3179    1.4483   -0.0810    0.3691    1.4483   -0.0780
    0.4219    1.4483   -0.0740    0.4755    1.4483   -0.0693
    0.5295    1.4483   -0.0640    0.5831    1.4483   -0.0582
    0.6358    1.4483   -0.0521    0.6868    1.4483   -0.0458
    0.7357    1.4483   -0.0394    0.7819    1.4483   -0.0332
    0.8247    1.4483   -0.0271    0.8638    1.4483   -0.0214
    0.8987    1.4483   -0.0162    0.9289    1.4483   -0.0115
    0.9541    1.4483   -0.0075    0.9740    1.4483   -0.0043
    0.9884    1.4483   -0.0019    0.9971    1.4483   -0.0005
    1.0000    1.4483    0.0000
    1.0000    1.5517    0.0000    0.9971    1.5517    0.0002
    0.9883    1.5517    0.0009    0.9737    1.5517    0.0019
    0.9536    1.5517    0.0033    0.9281    1.5517    0.0050
    0.8976    1.5517    0.0069    0.8624    1.5517    0.0089
    0.8230    1.5517    0.0111    0.7798    1.5517    0.0132
    0.7332    1.5517    0.0152    0.6840    1.5517    0.0170
    0.6325    1.5517    0.0186    0.5795    1.5517    0.0199
    0.5256    1.5517    0.0208    0.4714    1.5517    0.0212
    0.4175    1.5517    0.0210    0.3646    1.5517    0.0201
    0.3134    1.5517    0.0185    0.2643    1.5517    0.0161
    0.2180    1.5517    0.0128    0.1750    1.5517    0.0087
    0.1359    1.5517    0.0038    0.1011    1.5517   -0.0019
    0.0710    1.5517   -0.0082    0.0459    1.5517   -0.0151
    0.0262    1.5517   -0.0224    0.0120    1.5517   -0.0300
    0.0036    1.5517   -0.0379    0.0011    1.5517   -0.0458
    0.0043    1.5517   -0.0536    0.0134    1.5517   -0.0606
    0.0282    1.5517   -0.0669    0.0485    1.5517   -0.0723
    0.0741    1.5517   -0.0769    0.1047    1.5517   -0.0804
    0.1399    1.5517   -0.0829    0.1793    1.5517   -0.0842
    0.2225    1.5517   -0.0844    0.2688    1.5517   -0.0834
    0.3179    1.5517   -0.0813    0.3692    1.5517   -0.0782
    0.4219    1.5517   -0.0743    0.4756    1.5517   -0.0695
    0.5295    1.5517   -0.0642    0.5831    1.5517   -0.0584
    0.6358    1.5517   -0.0522    0.6868    1.5517   -0.0459
    0.7357    1.5517   -0.0395    0.7819    1.5517   -0.0333
    0.8248    1.5517   -0.0272    0.8638    1.5517   -0.0215
    0.8987    1.5517   -0.0162    0.9289    1.5517   -0.0116
    0.9541    1.5517   -0.0075    0.9740    1.5517   -0.0043
    0.9884    1.5517   -0.0019    0.9971    1.5517   -0.0005
    1.0000    1.5517    0.0000
    1.0000    1.6552    0.0000    0.9971    1.6552    0.0002
    0.9883    1.6552    0.0009    0.9737    1.6552    0.0019
    0.9536    1.6552    0.0033    0.9281    1.6552    0.0050
    0.8976    1.6552    0.0069    0.8624    1.6552    0.0089
    0.8230    1.6552    0.0110    0.7798    1.6552    0.0131
    0.7332    1.6552    0.0151    0.6839    1.6552    0.0169
    0.6325    1.6552    0.0185    0.5795    1.6552    0.0197
    0.5256    1.6552    0.0206    0.4714    1.6552    0.0210
    0.4175    1.6552    0.0207    0.3646    1.6552    0.0198
    0.3134    1.6552    0.0182    0.2643    1.6552    0.0157
    0.2180    1.6552    0.0124    0.1750    1.6552    0.0083
    0.1359    1.6552    0.0034    0.1011    1.6552   -0.0023
    0.0710    1.6552   -0.0087    0.0459    1.6552   -0.0155
    0.0262    1.6552   -0.0229    0.0120    1.6552   -0.0305
    0.0036    1.6552   -0.0383    0.0011    1.6552   -0.0463
    0.0044    1.6552   -0.0540    0.0135    1.6552   -0.0610
    0.0282    1.6552   -0.0673    0.0486    1.6552   -0.0728
    0.0742    1.6552   -0.0773    0.1047    1.6552   -0.0808
    0.1399    1.6552   -0.0833    0.1793    1.6552   -0.0846
    0.2225    1.6552   -0.0847    0.2689    1.6552   -0.0837
    0.3180    1.6552   -0.0816    0.3692    1.6552   -0.0785
    0.4219    1.6552   -0.0745    0.4756    1.6552   -0.0698
    0.5295    1.6552   -0.0644    0.5832    1.6552   -0.0586
    0.6358    1.6552   -0.0524    0.6869    1.6552   -0.0460
    0.7358    1.6552   -0.0397    0.7819    1.6552   -0.0334
    0.8248    1.6552   -0.0273    0.8639    1.6552   -0.0216
    0.8987    1.6552   -0.0163    0.9289    1.6552   -0.0116
    0.9541    1.6552   -0.0076    0.9740    1.6552   -0.0043
    0.9884    1.6552   -0.0019    0.9971    1.6552   -0.0005
    1.0000    1.6552    0.0000
    1.0000    1.7586    0.0000    0.9971    1.7586    0.0002
    0.9883    1.7586    0.0009    0.9737    1.7586    0.0019
    0.9536    1.7586    0.0033    0.9281    1.7586    0.0049
    0.8976    1.7586    0.0068    0.8624    1.7586    0.0088
    0.8230    1.7586    0.0109    0.7797    1.7586    0.0129
    0.7332    1.7586    0.0149    0.6839    1.7586    0.0167
    0.6325    1.7586    0.0183    0.5795    1.7586    0.0195
    0.5256    1.7586    0.0204    0.4714    1.7586    0.0207
    0.4175    1.7586    0.0205    0.3646    1.7586    0.0195
    0.3133    1.7586    0.0179    0.2643    1.7586    0.0154
    0.2180    1.7586    0.0121    0.1750    1.7586    0.0079
    0.1359    1.7586    0.0029    0.1011    1.7586   -0.0028
    0.0710    1.7586   -0.0091    0.0459    1.7586   -0.0160
    0.0262    1.7586   -0.0233    0.0121    1.7586   -0.0310
    0.0037    1.7586   -0.0388    0.0011    1.7586   -0.0468
    0.0044    1.7586   -0.0545    0.0135    1.7586   -0.0615
    0.0283    1.7586   -0.0678    0.0486    1.7586   -0.0732
    0.0742    1.7586   -0.0778    0.1048    1.7586   -0.0813
    0.1400    1.7586   -0.0837    0.1794    1.7586   -0.0850
    0.2225    1.7586   -0.0851    0.2689    1.7586   -0.0841
    0.3180    1.7586   -0.0820    0.3692    1.7586   -0.0788
    0.4220    1.7586   -0.0748    0.4756    1.7586   -0.0700
    0.5296    1.7586   -0.0646    0.5832    1.7586   -0.0588
    0.6358    1.7586   -0.0526    0.6869    1.7586   -0.0462
    0.7358    1.7586   -0.0398    0.7819    1.7586   -0.0335
    0.8248    1.7586   -0.0274    0.8639    1.7586   -0.0216
    0.8987    1.7586   -0.0163    0.9289    1.7586   -0.0116
    0.9541    1.7586   -0.0076    0.9740    1.7586   -0.0043
    0.9884    1.7586   -0.0020    0.9971    1.7586   -0.0005
    1.0000    1.7586    0.0000
    1.0000    1.8621    0.0000    0.9971    1.8621    0.0002
    0.9883    1.8621    0.0009    0.9737    1.8621    0.0019
    0.9536    1.8621    0.0032    0.9281    1.8621    0.0049
    0.8976    1.8621    0.0067    0.8624    1.8621    0.0087
    0.8230    1.8621    0.0108    0.7797    1.8621    0.0128
    0.7332    1.8621    0.0148    0.6839    1.8621    0.0166
    0.6325    1.8621    0.0181    0.5795    1.8621    0.0193
    0.5256    1.8621    0.0201    0.4714    1.8621    0.0204
    0.4175    1.8621    0.0201    0.3646    1.8621    0.0192
    0.3133    1.8621    0.0175    0.2643    1.8621    0.0150
    0.2180    1.8621    0.0116    0.1750    1.8621    0.0074
    0.1359    1.8621    0.0025    0.1011    1.8621   -0.0033
    0.0710    1.8621   -0.0096    0.0459    1.8621   -0.0165
    0.0262    1.8621   -0.0239    0.0121    1.8621   -0.0315
    0.0037    1.8621   -0.0394    0.0011    1.8621   -0.0473
    0.0044    1.8621   -0.0550    0.0135    1.8621   -0.0621
    0.0283    1.8621   -0.0683    0.0486    1.8621   -0.0738
    0.0742    1.8621   -0.0783    0.1048    1.8621   -0.0818
    0.1400    1.8621   -0.0842    0.1794    1.8621   -0.0854
    0.2226    1.8621   -0.0855    0.2690    1.8621   -0.0845
    0.3181    1.8621   -0.0823    0.3693    1.8621   -0.0792
    0.4220    1.8621   -0.0751    0.4757    1.8621   -0.0703
    0.5296    1.8621   -0.0649    0.5832    1.8621   -0.0590
    0.6359    1.8621   -0.0528    0.6869    1.8621   -0.0464
    0.7358    1.8621   -0.0399    0.7819    1.8621   -0.0336
    0.8248    1.8621   -0.0275    0.8639    1.8621   -0.0217
    0.8987    1.8621   -0.0164    0.9289    1.8621   -0.0117
    0.9541    1.8621   -0.0076    0.9740    1.8621   -0.0044
    0.9884    1.8621   -0.0020    0.9971    1.8621   -0.0005
    1.0000    1.8621    0.0000
    1.0000    1.9655    0.0000    0.9971    1.9655    0.0002
    0.9883    1.9655    0.0008    0.9737    1.9655    0.0019
    0.9536    1.9655    0.0032    0.9281    1.9655    0.0048
    0.8976    1.9655    0.0067    0.8624    1.9655    0.0087
    0.8230    1.9655    0.0107    0.7797    1.9655    0.0127
    0.7332    1.9655    0.0146    0.6839    1.9655    0.0164
    0.6325    1.9655    0.0179    0.5795    1.9655    0.0190
    0.5256    1.9655    0.0198    0.4714    1.9655    0.0201
    0.4175    1.9655    0.0198    0.3646    1.9655    0.0188
    0.3133    1.9655    0.0170    0.2643    1.9655    0.0145
    0.2180    1.9655    0.0111    0.1750    1.9655    0.0069
    0.1359    1.9655    0.0019    0.1011    1.9655   -0.0038
    0.0710    1.9655   -0.0102    0.0459    1.9655   -0.0171
    0.0262    1.9655   -0.0245    0.0121    1.9655   -0.0321
    0.0037    1.9655   -0.0400    0.0012    1.9655   -0.0480
    0.0045    1.9655   -0.0557    0.0136    1.9655   -0.0627
    0.0284    1.9655   -0.0689    0.0487    1.9655   -0.0743
    0.0743    1.9655   -0.0788    0.1049    1.9655   -0.0823
    0.1401    1.9655   -0.0847    0.1795    1.9655   -0.0859
    0.2226    1.9655   -0.0860    0.2690    1.9655   -0.0849
    0.3181    1.9655   -0.0828    0.3693    1.9655   -0.0796
    0.4221    1.9655   -0.0755    0.4757    1.9655   -0.0706
    0.5297    1.9655   -0.0652    0.5833    1.9655   -0.0592
    0.6359    1.9655   -0.0530    0.6869    1.9655   -0.0466
    0.7358    1.9655   -0.0401    0.7820    1.9655   -0.0337
    0.8248    1.9655   -0.0276    0.8639    1.9655   -0.0218
    0.8987    1.9655   -0.0165    0.9289    1.9655   -0.0117
    0.9541    1.9655   -0.0076    0.9740    1.9655   -0.0044
    0.9884    1.9655   -0.0020    0.9971    1.9655   -0.0005
    1.0000    1.9655    0.0000
    1.0000    2.0690    0.0000    0.9971    2.0690    0.0002
    0.9883    2.0690    0.0008    0.9737    2.0690    0.0018
    0.9536    2.0690    0.0032    0.9281    2.0690    0.0048
    0.8976    2.0690    0.0066    0.8624    2.0690    0.0086
    0.8230    2.0690    0.0106    0.7797    2.0690    0.0125
    0.7332    2.0690    0.0144    0.6839    2.0690    0.0161
    0.6325    2.0690    0.0176    0.5795    2.0690    0.0187
    0.5256    2.0690    0.0195    0.4713    2.0690    0.0197
    0.4175    2.0690    0.0194    0.3646    2.0690    0.0183
    0.3133    2.0690    0.0166    0.2642    2.0690    0.0140
    0.2180    2.0690    0.0106    0.1750    2.0690    0.0063
    0.1359    2.0690    0.0013    0.1011    2.0690   -0.0045
    0.0710    2.0690   -0.0109    0.0459    2.0690   -0.0178
    0.0262    2.0690   -0.0252    0.0121    2.0690   -0.0328
    0.0037    2.0690   -0.0407    0.0012    2.0690   -0.0487
    0.0045    2.0690   -0.0564    0.0136    2.0690   -0.0634
    0.0284    2.0690   -0.0696    0.0487    2.0690   -0.0750
    0.0743    2.0690   -0.0795    0.1049    2.0690   -0.0830
    0.1401    2.0690   -0.0853    0.1795    2.0690   -0.0865
    0.2227    2.0690   -0.0866    0.2691    2.0690   -0.0855
    0.3182    2.0690   -0.0832    0.3694    2.0690   -0.0800
    0.4221    2.0690   -0.0759    0.4758    2.0690   -0.0710
    0.5297    2.0690   -0.0655    0.5833    2.0690   -0.0595
    0.6359    2.0690   -0.0533    0.6870    2.0690   -0.0468
    0.7359    2.0690   -0.0403    0.7820    2.0690   -0.0339
    0.8248    2.0690   -0.0277    0.8639    2.0690   -0.0219
    0.8987    2.0690   -0.0165    0.9289    2.0690   -0.0118
    0.9541    2.0690   -0.0077    0.9740    2.0690   -0.0044
    0.9884    2.0690   -0.0020    0.9971    2.0690   -0.0005
    1.0000    2.0690    0.0000
    1.0000    2.1724    0.0000    0.9971    2.1724    0.0002
    0.9883    2.1724    0.0008    0.9737    2.1724    0.0018
    0.9536    2.1724    0.0031    0.9281    2.1724    0.0047
    0.8976    2.1724    0.0065    0.8624    2.1724    0.0084
    0.8230    2.1724    0.0104    0.7797    2.1724    0.0124
    0.7332    2.1724    0.0142    0.6839    2.1724    0.0159
    0.6325    2.1724    0.0173    0.5795    2.1724    0.0184
    0.5255    2.1724    0.0191    0.4713    2.1724    0.0193
    0.4175    2.1724    0.0189    0.3646    2.1724    0.0178
    0.3133    2.1724    0.0160    0.2642    2.1724    0.0134
    0.2180    2.1724    0.0100    0.1750    2.1724    0.0057
    0.1359    2.1724    0.0006    0.1011    2.1724   -0.0052
    0.0710    2.1724   -0.0116    0.0460    2.1724   -0.0186
    0.0263    2.1724   -0.0259    0.0121    2.1724   -0.0336
    0.0038    2.1724   -0.0415    0.0012    2.1724   -0.0495
    0.0045    2.1724   -0.0572    0.0137    2.1724   -0.0642
    0.0285    2.1724   -0.0704    0.0488    2.1724   -0.0758
    0.0744    2.1724   -0.0802    0.1050    2.1724   -0.0837
    0.1402    2.1724   -0.0860    0.1796    2.1724   -0.0872
    0.2228    2.1724   -0.0872    0.2692    2.1724   -0.0860
    0.3182    2.1724   -0.0838    0.3694    2.1724   -0.0805
    0.4222    2.1724   -0.0764    0.4758    2.1724   -0.0714
    0.5298    2.1724   -0.0659    0.5833    2.1724   -0.0599
    0.6360    2.1724   -0.0535    0.6870    2.1724   -0.0470
    0.7359    2.1724   -0.0405    0.7820    2.1724   -0.0341
    0.8249    2.1724   -0.0279    0.8639    2.1724   -0.0220
    0.8987    2.1724   -0.0166    0.9289    2.1724   -0.0118
    0.9541    2.1724   -0.0077    0.9740    2.1724   -0.0044
    0.9884    2.1724   -0.0020    0.9971    2.1724   -0.0005
    1.0000    2.1724    0.0000
    1.0000    2.2759    0.0000    0.9971    2.2759    0.0002
    0.9883    2.2759    0.0008    0.9737    2.2759    0.0018
    0.9536    2.2759    0.0031    0.9281    2.2759    0.0047
    0.8976    2.2759    0.0064    0.8624    2.2759    0.0083
    0.8230    2.2759    0.0103    0.7797    2.2759    0.0122
    0.7332    2.2759    0.0140    0.6839    2.2759    0.0156
    0.6324    2.2759    0.0170    0.5794    2.2759    0.0180
    0.5255    2.2759    0.0187    0.4713    2.2759    0.0188
    0.4174    2.2759    0.0184    0.3646    2.2759    0.0172
    0.3133    2.2759    0.0154    0.2642    2.2759    0.0127
    0.2179    2.2759    0.0092    0.1750    2.2759    0.0049
    0.1359    2.2759   -0.0002    0.1011    2.2759   -0.0060
    0.0710    2.2759   -0.0125    0.0460    2.2759   -0.0194
    0.0263    2.2759   -0.0268    0.0122    2.2759   -0.0345
    0.0038    2.2759   -0.0424    0.0013    2.2759   -0.0504
    0.0046    2.2759   -0.0581    0.0137    2.2759   -0.0651
    0.0285    2.2759   -0.0713    0.0489    2.2759   -0.0766
    0.0745    2.2759   -0.0811    0.1051    2.2759   -0.0845
    0.1403    2.2759   -0.0868    0.1797    2.2759   -0.0879
    0.2228    2.2759   -0.0879    0.2692    2.2759   -0.0867
    0.3183    2.2759   -0.0844    0.3695    2.2759   -0.0811
    0.4222    2.2759   -0.0769    0.4759    2.2759   -0.0719
    0.5298    2.2759   -0.0663    0.5834    2.2759   -0.0603
    0.6360    2.2759   -0.0539    0.6871    2.2759   -0.0473
    0.7359    2.2759   -0.0407    0.7820    2.2759   -0.0343
    0.8249    2.2759   -0.0280    0.8639    2.2759   -0.0221
    0.8988    2.2759   -0.0167    0.9289    2.2759   -0.0119
    0.9541    2.2759   -0.0078    0.9740    2.2759   -0.0044
    0.9884    2.2759   -0.0020    0.9971    2.2759   -0.0005
    1.0000    2.2759    0.0000
    1.0000    2.3793    0.0000    0.9971    2.3793    0.0002
    0.9883    2.3793    0.0008    0.9737    2.3793    0.0018
    0.9536    2.3793    0.0031    0.9281    2.3793    0.0046
    0.8976    2.3793    0.0063    0.8624    2.3793    0.0082
    0.8229    2.3793    0.0101    0.7797    2.3793    0.0119
    0.7331    2.3793    0.0137    0.6839    2.3793    0.0153
    0.6324    2.3793    0.0166    0.5794    2.3793    0.0176
    0.5255    2.3793    0.0182    0.4713    2.3793    0.0183
    0.4174    2.3793    0.0178    0.3645    2.3793    0.0166
    0.3133    2.3793    0.0147    0.2642    2.3793    0.0120
    0.2179    2.3793    0.0084    0.1750    2.3793    0.0041
    0.1359    2.3793   -0.0011    0.1011    2.3793   -0.0069
    0.0710    2.3793   -0.0134    0.0460    2.3793   -0.0204
    0.0263    2.3793   -0.0278    0.0122    2.3793   -0.0355
    0.0038    2.3793   -0.0434    0.0013    2.3793   -0.0514
    0.0047    2.3793   -0.0591    0.0138    2.3793   -0.0661
    0.0286    2.3793   -0.0723    0.0489    2.3793   -0.0776
    0.0746    2.3793   -0.0820    0.1052    2.3793   -0.0854
    0.1404    2.3793   -0.0877    0.1798    2.3793   -0.0888
    0.2229    2.3793   -0.0887    0.2693    2.3793   -0.0875
    0.3184    2.3793   -0.0851    0.3696    2.3793   -0.0817
    0.4223    2.3793   -0.0775    0.4760    2.3793   -0.0725
    0.5299    2.3793   -0.0668    0.5835    2.3793   -0.0607
    0.6361    2.3793   -0.0542    0.6871    2.3793   -0.0476
    0.7360    2.3793   -0.0410    0.7821    2.3793   -0.0345
    0.8249    2.3793   -0.0282    0.8640    2.3793   -0.0223
    0.8988    2.3793   -0.0168    0.9289    2.3793   -0.0120
    0.9541    2.3793   -0.0078    0.9740    2.3793   -0.0045
    0.9884    2.3793   -0.0020    0.9971    2.3793   -0.0005
    1.0000    2.3793    0.0000
    1.0000    2.4828    0.0000    0.9971    2.4828    0.0002
    0.9883    2.4828    0.0008    0.9737    2.4828    0.0017
    0.9536    2.4828    0.0030    0.9281    2.4828    0.0045
    0.8976    2.4828    0.0062    0.8624    2.4828    0.0080
    0.8229    2.4828    0.0099    0.7797    2.4828    0.0117
    0.7331    2.4828    0.0134    0.6838    2.4828    0.0149
    0.6324    2.4828    0.0162    0.5794    2.4828    0.0171
    0.5255    2.4828    0.0176    0.4713    2.4828    0.0177
    0.4174    2.4828    0.0171    0.3645    2.4828    0.0159
    0.3133    2.4828    0.0139    0.2642    2.4828    0.0111
    0.2179    2.4828    0.0075    0.1750    2.4828    0.0031
    0.1359    2.4828   -0.0021    0.1011    2.4828   -0.0080
    0.0710    2.4828   -0.0145    0.0460    2.4828   -0.0215
    0.0263    2.4828   -0.0290    0.0123    2.4828   -0.0367
    0.0039    2.4828   -0.0446    0.0014    2.4828   -0.0526
    0.0047    2.4828   -0.0602    0.0139    2.4828   -0.0672
    0.0287    2.4828   -0.0734    0.0490    2.4828   -0.0787
    0.0747    2.4828   -0.0831    0.1053    2.4828   -0.0864
    0.1405    2.4828   -0.0887    0.1799    2.4828   -0.0897
    0.2230    2.4828   -0.0896    0.2694    2.4828   -0.0883
    0.3185    2.4828   -0.0859    0.3697    2.4828   -0.0825
    0.4224    2.4828   -0.0782    0.4760    2.4828   -0.0731
    0.5300    2.4828   -0.0673    0.5835    2.4828   -0.0612
    0.6361    2.4828   -0.0547    0.6872    2.4828   -0.0480
    0.7360    2.4828   -0.0413    0.7821    2.4828   -0.0347
    0.8249    2.4828   -0.0284    0.8640    2.4828   -0.0224
    0.8988    2.4828   -0.0169    0.9290    2.4828   -0.0120
    0.9541    2.4828   -0.0079    0.9740    2.4828   -0.0045
    0.9884    2.4828   -0.0020    0.9971    2.4828   -0.0005
    1.0000    2.4828    0.0000
    1.0000    2.5862    0.0000    0.9971    2.5862    0.0002
    0.9883    2.5862    0.0008    0.9737    2.5862    0.0017
    0.9536    2.5862    0.0029    0.9281    2.5862    0.0044
    0.8976    2.5862    0.0061    0.8624    2.5862    0.0078
    0.8229    2.5862    0.0096    0.7797    2.5862    0.0114
    0.7331    2.5862    0.0130    0.6838    2.5862    0.0145
    0.6324    2.5862    0.0157    0.5794    2.5862    0.0166
    0.5255    2.5862    0.0170    0.4712    2.5862    0.0170
    0.4174    2.5862    0.0163    0.3645    2.5862    0.0150
    0.3132    2.5862    0.0130    0.2642    2.5862    0.0102
    0.2179    2.5862    0.0065    0.1750    2.5862    0.0021
    0.1359    2.5862   -0.0032    0.1011    2.5862   -0.0091
    0.0711    2.5862   -0.0157    0.0461    2.5862   -0.0228
    0.0264    2.5862   -0.0302    0.0123    2.5862   -0.0380
    0.0040    2.5862   -0.0459    0.0015    2.5862   -0.0539
    0.0048    2.5862   -0.0615    0.0139    2.5862   -0.0685
    0.0288    2.5862   -0.0747    0.0491    2.5862   -0.0800
    0.0748    2.5862   -0.0843    0.1054    2.5862   -0.0876
    0.1406    2.5862   -0.0898    0.1800    2.5862   -0.0908
    0.2232    2.5862   -0.0906    0.2695    2.5862   -0.0892
    0.3186    2.5862   -0.0868    0.3698    2.5862   -0.0833
    0.4225    2.5862   -0.0789    0.4761    2.5862   -0.0737
    0.5300    2.5862   -0.0680    0.5836    2.5862   -0.0617
    0.6362    2.5862   -0.0551    0.6872    2.5862   -0.0484
    0.7361    2.5862   -0.0417    0.7822    2.5862   -0.0350
    0.8250    2.5862   -0.0286    0.8640    2.5862   -0.0226
    0.8988    2.5862   -0.0171    0.9290    2.5862   -0.0121
    0.9541    2.5862   -0.0079    0.9740    2.5862   -0.0045
    0.9884    2.5862   -0.0020    0.9971    2.5862   -0.0005
    1.0000    2.5862    0.0000
    1.0000    2.6897    0.0000    0.9971    2.6897    0.0002
    0.9883    2.6897    0.0008    0.9737    2.6897    0.0017
    0.9536    2.6897    0.0029    0.9281    2.6897    0.0043
    0.8976    2.6897    0.0059    0.8624    2.6897    0.0076
    0.8229    2.6897    0.0094    0.7796    2.6897    0.0111
    0.7331    2.6897    0.0126    0.6838    2.6897    0.0140
    0.6324    2.6897    0.0152    0.5794    2.6897    0.0160
    0.5254    2.6897    0.0163    0.4712    2.6897    0.0162
    0.4174    2.6897    0.0155    0.3645    2.6897    0.0141
    0.3132    2.6897    0.0120    0.2642    2.6897    0.0091
    0.2179    2.6897    0.0054    0.1750    2.6897    0.0009
    0.1359    2.6897   -0.0044    0.1012    2.6897   -0.0104
    0.0711    2.6897   -0.0170    0.0461    2.6897   -0.0241
    0.0264    2.6897   -0.0316    0.0124    2.6897   -0.0394
    0.0040    2.6897   -0.0473    0.0015    2.6897   -0.0553
    0.0049    2.6897   -0.0630    0.0140    2.6897   -0.0699
    0.0289    2.6897   -0.0761    0.0493    2.6897   -0.0813
    0.0749    2.6897   -0.0856    0.1055    2.6897   -0.0889
    0.1407    2.6897   -0.0910    0.1801    2.6897   -0.0920
    0.2233    2.6897   -0.0917    0.2697    2.6897   -0.0903
    0.3187    2.6897   -0.0878    0.3699    2.6897   -0.0842
    0.4226    2.6897   -0.0797    0.4762    2.6897   -0.0745
    0.5301    2.6897   -0.0686    0.5837    2.6897   -0.0623
    0.6363    2.6897   -0.0557    0.6873    2.6897   -0.0489
    0.7361    2.6897   -0.0420    0.7822    2.6897   -0.0353
    0.8250    2.6897   -0.0289    0.8641    2.6897   -0.0228
    0.8988    2.6897   -0.0172    0.9290    2.6897   -0.0122
    0.9542    2.6897   -0.0080    0.9740    2.6897   -0.0046
    0.9884    2.6897   -0.0020    0.9971    2.6897   -0.0005
    1.0000    2.6897    0.0000
    1.0000    2.7931    0.0000    0.9971    2.7931    0.0002
    0.9882    2.7931    0.0007    0.9737    2.7931    0.0016
    0.9536    2.7931    0.0028    0.9281    2.7931    0.0042
    0.8976    2.7931    0.0058    0.8624    2.7931    0.0074
    0.8229    2.7931    0.0091    0.7796    2.7931    0.0107
    0.7331    2.7931    0.0122    0.6838    2.7931    0.0135
    0.6323    2.7931    0.0146    0.5793    2.7931    0.0153
    0.5254    2.7931    0.0156    0.4712    2.7931    0.0154
    0.4173    2.7931    0.0146    0.3645    2.7931    0.0131
    0.3132    2.7931    0.0109    0.2642    2.7931    0.0079
    0.2179    2.7931    0.0041    0.1750    2.7931   -0.0005
    0.1359    2.7931   -0.0058    0.1012    2.7931   -0.0119
    0.0711    2.7931   -0.0185    0.0461    2.7931   -0.0257
    0.0265    2.7931   -0.0332    0.0124    2.7931   -0.0410
    0.0041    2.7931   -0.0489    0.0016    2.7931   -0.0569
    0.0050    2.7931   -0.0646    0.0142    2.7931   -0.0715
    0.0290    2.7931   -0.0776    0.0494    2.7931   -0.0829
    0.0750    2.7931   -0.0871    0.1056    2.7931   -0.0903
    0.1409    2.7931   -0.0924    0.1803    2.7931   -0.0933
    0.2234    2.7931   -0.0930    0.2698    2.7931   -0.0915
    0.3189    2.7931   -0.0889    0.3701    2.7931   -0.0852
    0.4228    2.7931   -0.0807    0.4764    2.7931   -0.0753
    0.5303    2.7931   -0.0694    0.5838    2.7931   -0.0630
    0.6364    2.7931   -0.0563    0.6874    2.7931   -0.0494
    0.7362    2.7931   -0.0425    0.7823    2.7931   -0.0357
    0.8251    2.7931   -0.0292    0.8641    2.7931   -0.0230
    0.8989    2.7931   -0.0174    0.9290    2.7931   -0.0123
    0.9542    2.7931   -0.0081    0.9740    2.7931   -0.0046
    0.9884    2.7931   -0.0021    0.9971    2.7931   -0.0005
    1.0000    2.7931    0.0000
    1.0000    2.8966    0.0000    0.9971    2.8966    0.0002
    0.9882    2.8966    0.0007    0.9737    2.8966    0.0016
    0.9535    2.8966    0.0027    0.9281    2.8966    0.0041
    0.8975    2.8966    0.0056    0.8623    2.8966    0.0072
    0.8229    2.8966    0.0088    0.7796    2.8966    0.0103
    0.7331    2.8966    0.0117    0.6838    2.8966    0.0130
    0.6323    2.8966    0.0139    0.5793    2.8966    0.0145
    0.5254    2.8966    0.0147    0.4712    2.8966    0.0144
    0.4173    2.8966    0.0135    0.3644    2.8966    0.0120
    0.3132    2.8966    0.0097    0.2641    2.8966    0.0066
    0.2179    2.8966    0.0027    0.1750    2.8966   -0.0019
    0.1359    2.8966   -0.0074    0.1012    2.8966   -0.0135
    0.0712    2.8966   -0.0202    0.0462    2.8966   -0.0274
    0.0265    2.8966   -0.0349    0.0125    2.8966   -0.0427
    0.0042    2.8966   -0.0507    0.0017    2.8966   -0.0587
    0.0051    2.8966   -0.0664    0.0143    2.8966   -0.0733
    0.0292    2.8966   -0.0794    0.0495    2.8966   -0.0846
    0.0752    2.8966   -0.0888    0.1058    2.8966   -0.0919
    0.1410    2.8966   -0.0939    0.1805    2.8966   -0.0948
    0.2236    2.8966   -0.0944    0.2700    2.8966   -0.0928
    0.3190    2.8966   -0.0901    0.3702    2.8966   -0.0863
    0.4229    2.8966   -0.0817    0.4765    2.8966   -0.0763
    0.5304    2.8966   -0.0702    0.5839    2.8966   -0.0637
    0.6365    2.8966   -0.0569    0.6875    2.8966   -0.0499
    0.7363    2.8966   -0.0429    0.7823    2.8966   -0.0361
    0.8251    2.8966   -0.0295    0.8641    2.8966   -0.0233
    0.8989    2.8966   -0.0175    0.9290    2.8966   -0.0125
    0.9542    2.8966   -0.0081    0.9741    2.8966   -0.0046
    0.9884    2.8966   -0.0021    0.9971    2.8966   -0.0005
    1.0000    2.8966    0.0000
    1.0000    3.0000    0.0000    0.9971    3.0000    0.0002
    0.9882    3.0000    0.0007    0.9737    3.0000    0.0015
    0.9535    3.0000    0.0026    0.9281    3.0000    0.0039
    0.8975    3.0000    0.0054    0.8623    3.0000    0.0069
    0.8229    3.0000    0.0084    0.7796    3.0000    0.0099
    0.7330    3.0000    0.0112    0.6837    3.0000    0.0123
    0.6323    3.0000    0.0132    0.5793    3.0000    0.0137
    0.5254    3.0000    0.0138    0.4711    3.0000    0.0134
    0.4173    3.0000    0.0124    0.3644    3.0000    0.0107
    0.3132    3.0000    0.0083    0.2641    3.0000    0.0051
    0.2179    3.0000    0.0012    0.1750    3.0000   -0.0036
    0.1360    3.0000   -0.0091    0.1012    3.0000   -0.0153
    0.0712    3.0000   -0.0220    0.0462    3.0000   -0.0293
    0.0266    3.0000   -0.0369    0.0126    3.0000   -0.0447
    0.0043    3.0000   -0.0526    0.0018    3.0000   -0.0607
    0.0052    3.0000   -0.0683    0.0144    3.0000   -0.0752
    0.0293    3.0000   -0.0813    0.0497    3.0000   -0.0864
    0.0754    3.0000   -0.0906    0.1060    3.0000   -0.0937
    0.1412    3.0000   -0.0956    0.1806    3.0000   -0.0964
    0.2238    3.0000   -0.0959    0.2702    3.0000   -0.0942
    0.3192    3.0000   -0.0914    0.3704    3.0000   -0.0876
    0.4231    3.0000   -0.0828    0.4767    3.0000   -0.0773
    0.5305    3.0000   -0.0712    0.5840    3.0000   -0.0645
    0.6366    3.0000   -0.0576    0.6876    3.0000   -0.0505
    0.7364    3.0000   -0.0435    0.7824    3.0000   -0.0365
    0.8252    3.0000   -0.0298    0.8642    3.0000   -0.0235
    0.8989    3.0000   -0.0177    0.9291    3.0000   -0.0126
    0.9542    3.0000   -0.0082    0.9741    3.0000   -0.0047
    0.9884    3.0000   -0.0021    0.9971    3.0000   -0.0005
    1.0000    3.0000    0.0000
$POINTS for network #  2   wingtip                                           
       1.0
       1.0                                     0.0       0.0
      30.0       8.0                                                  wingtip   
    1.0000    3.0000    0.0000    0.9971    3.0000    0.0002
    0.9882    3.0000    0.0007    0.9737    3.0000    0.0015
    0.9535    3.0000    0.0026    0.9281    3.0000    0.0039
    0.8975    3.0000    0.0054    0.8623    3.0000    0.0069
    0.8229    3.0000    0.0084    0.7796    3.0000    0.0099
    0.7330    3.0000    0.0112    0.6837    3.0000    0.0123
    0.6323    3.0000    0.0132    0.5793    3.0000    0.0137
    0.5254    3.0000    0.0138    0.4711    3.0000    0.0134
    0.4173    3.0000    0.0124    0.3644    3.0000    0.0107
    0.3132    3.0000    0.0083    0.2641    3.0000    0.0051
    0.2179    3.0000    0.0012    0.1750    3.0000   -0.0036
    0.1360    3.0000   -0.0091    0.1012    3.0000   -0.0153
    0.0712    3.0000   -0.0220    0.0462    3.0000   -0.0293
    0.0266    3.0000   -0.0369    0.0126    3.0000   -0.0447
    0.0043    3.0000   -0.0526    0.0018    3.0000   -0.0607
    1.0000    3.0000    0.0000    0.9971    3.0002    0.0001
    0.9883    3.0006    0.0006    0.9737    3.0014    0.0012
    0.9536    3.0024    0.0021    0.9281    3.0036    0.0031
    0.8976    3.0050    0.0042    0.8624    3.0066    0.0054
    0.8230    3.0083    0.0065    0.7797    3.0101    0.0076
    0.7332    3.0119    0.0085    0.6839    3.0137    0.0092
    0.6325    3.0154    0.0097    0.5795    3.0170    0.0098
    0.5256    3.0185    0.0096    0.4714    3.0197    0.0089
    0.4176    3.0207    0.0076    0.3647    3.0214    0.0058
    0.3135    3.0217    0.0034    0.2644    3.0216    0.0002
    0.2182    3.0211   -0.0036    0.1753    3.0202   -0.0082
    0.1362    3.0188   -0.0134    0.1015    3.0170   -0.0191
    0.0714    3.0149   -0.0254    0.0464    3.0124   -0.0321
    0.0268    3.0097   -0.0391    0.0127    3.0066   -0.0462
    0.0043    3.0034   -0.0534    0.0018    3.0000   -0.0607
    1.0000    3.0000    0.0000    0.9971    3.0003    0.0000
    0.9883    3.0011    0.0002    0.9738    3.0024    0.0004
    0.9537    3.0042    0.0006    0.9282    3.0065    0.0008
    0.8978    3.0091    0.0010    0.8627    3.0119    0.0012
    0.8233    3.0150    0.0012    0.7801    3.0182    0.0012
    0.7337    3.0214    0.0009    0.6845    3.0246    0.0005
    0.6331    3.0277   -0.0001    0.5802    3.0306   -0.0010
    0.5263    3.0333   -0.0022    0.4722    3.0355   -0.0037
    0.4184    3.0373   -0.0056    0.3655    3.0385   -0.0078
    0.3143    3.0391   -0.0105    0.2653    3.0389   -0.0136
    0.2190    3.0380   -0.0171    0.1761    3.0363   -0.0210
    0.1370    3.0339   -0.0254    0.1021    3.0307   -0.0300
    0.0720    3.0269   -0.0349    0.0469    3.0224   -0.0400
    0.0271    3.0174   -0.0452    0.0129    3.0120   -0.0504
    0.0045    3.0061   -0.0556    0.0018    3.0000   -0.0607
    1.0000    3.0000    0.0000    0.9971    3.0003   -0.0001
    0.9883    3.0014   -0.0004    0.9738    3.0030   -0.0009
    0.9538    3.0053   -0.0016    0.9284    3.0081   -0.0025
    0.8981    3.0113   -0.0036    0.8630    3.0149   -0.0049
    0.8238    3.0187   -0.0064    0.7807    3.0227   -0.0081
    0.7343    3.0267   -0.0100    0.6852    3.0307   -0.0121
    0.6340    3.0346   -0.0143    0.5811    3.0382   -0.0167
    0.5274    3.0415   -0.0192    0.4733    3.0443   -0.0219
    0.4195    3.0465   -0.0246    0.3667    3.0480   -0.0275
    0.3155    3.0487   -0.0305    0.2665    3.0485   -0.0335
    0.2202    3.0474   -0.0366    0.1772    3.0453   -0.0396
    0.1380    3.0423   -0.0427    0.1031    3.0383   -0.0458
    0.0728    3.0335   -0.0487    0.0476    3.0279   -0.0515
    0.0277    3.0217   -0.0541    0.0133    3.0149   -0.0566
    0.0047    3.0077   -0.0587    0.0018    3.0000   -0.0607
    1.0000    3.0000    0.0000    0.9971    3.0003   -0.0003
    0.9884    3.0014   -0.0010    0.9739    3.0030   -0.0023
    0.9539    3.0053   -0.0040    0.9287    3.0081   -0.0062
    0.8984    3.0113   -0.0088    0.8635    3.0149   -0.0117
    0.8243    3.0187   -0.0150    0.7813    3.0227   -0.0185
    0.7351    3.0267   -0.0222    0.6861    3.0307   -0.0261
    0.6349    3.0346   -0.0301    0.5822    3.0382   -0.0341
    0.5285    3.0415   -0.0381    0.4745    3.0443   -0.0421
    0.4208    3.0465   -0.0458    0.3681    3.0480   -0.0494
    0.3169    3.0487   -0.0527    0.2678    3.0485   -0.0556
    0.2215    3.0474   -0.0582    0.1785    3.0453   -0.0603
    0.1392    3.0423   -0.0620    0.1041    3.0383   -0.0632
    0.0737    3.0335   -0.0640    0.0484    3.0279   -0.0642
    0.0283    3.0217   -0.0640    0.0137    3.0149   -0.0634
    0.0049    3.0077   -0.0622    0.0018    3.0000   -0.0607
    1.0000    3.0000    0.0000    0.9971    3.0003   -0.0004
    0.9884    3.0011   -0.0016    0.9740    3.0024   -0.0035
    0.9541    3.0042   -0.0062    0.9289    3.0065   -0.0095
    0.8987    3.0091   -0.0134    0.8638    3.0119   -0.0178
    0.8247    3.0150   -0.0226    0.7819    3.0182   -0.0278
    0.7357    3.0214   -0.0332    0.6868    3.0246   -0.0387
    0.6358    3.0277   -0.0443    0.5831    3.0306   -0.0498
    0.5295    3.0333   -0.0552    0.4756    3.0355   -0.0602
    0.4220    3.0373   -0.0649    0.3693    3.0385   -0.0691
    0.3181    3.0391   -0.0727    0.2690    3.0389   -0.0755
    0.2227    3.0380   -0.0776    0.1796    3.0363   -0.0789
    0.1402    3.0339   -0.0793    0.1051    3.0307   -0.0789
    0.0746    3.0269   -0.0777    0.0491    3.0224   -0.0757
    0.0288    3.0174   -0.0729    0.0141    3.0120   -0.0695
    0.0051    3.0061   -0.0654    0.0018    3.0000   -0.0607
    1.0000    3.0000    0.0000    0.9971    3.0002   -0.0005
    0.9884    3.0006   -0.0020    0.9740    3.0014   -0.0044
    0.9542    3.0024   -0.0077    0.9290    3.0036   -0.0118
    0.8989    3.0050   -0.0166    0.8641    3.0066   -0.0220
    0.8251    3.0083   -0.0279    0.7823    3.0101   -0.0342
    0.7362    3.0119   -0.0408    0.6874    3.0137   -0.0474
    0.6364    3.0154   -0.0541    0.5838    3.0170   -0.0607
    0.5303    3.0185   -0.0670    0.4764    3.0197   -0.0728
    0.4228    3.0207   -0.0781    0.3701    3.0214   -0.0827
    0.3189    3.0217   -0.0865    0.2699    3.0216   -0.0893
    0.2235    3.0211   -0.0911    0.1804    3.0202   -0.0918
    0.1410    3.0188   -0.0913    0.1058    3.0170   -0.0898
    0.0752    3.0149   -0.0872    0.0495    3.0124   -0.0836
    0.0292    3.0097   -0.0791    0.0143    3.0066   -0.0737
    0.0052    3.0034   -0.0675    0.0018    3.0000   -0.0607
    1.0000    3.0000    0.0000    0.9971    3.0000   -0.0005
    0.9884    3.0000   -0.0021    0.9741    3.0000   -0.0047
    0.9542    3.0000   -0.0082    0.9291    3.0000   -0.0126
    0.8989    3.0000   -0.0177    0.8642    3.0000   -0.0235
    0.8252    3.0000   -0.0298    0.7824    3.0000   -0.0365
    0.7364    3.0000   -0.0435    0.6876    3.0000   -0.0505
    0.6366    3.0000   -0.0576    0.5840    3.0000   -0.0645
    0.5305    3.0000   -0.0712    0.4767    3.0000   -0.0773
    0.4231    3.0000   -0.0828    0.3704    3.0000   -0.0876
    0.3192    3.0000   -0.0914    0.2702    3.0000   -0.0942
    0.2238    3.0000   -0.0959    0.1806    3.0000   -0.0964
    0.1412    3.0000   -0.0956    0.1060    3.0000   -0.0937
    0.0754    3.0000   -0.0906    0.0497    3.0000   -0.0864
    0.0293    3.0000   -0.0813    0.0144    3.0000   -0.0752
    0.0052    3.0000   -0.0683    0.0018    3.0000   -0.0607
$POINTS for network #  3   wingwake                                          
       1.0
      18.0                                     0.0       0.0
       2.0      30.0                                                  wingwake  
    1.0000    0.0000    0.0000   50.0000    0.0000    0.0000
    1.0000    0.1034    0.0000   50.0000    0.1034    0.0000
    1.0000    0.2069    0.0000   50.0000    0.2069    0.0000
    1.0000    0.3103    0.0000   50.0000    0.3103    0.0000
    1.0000    0.4138    0.0000   50.0000    0.4138    0.0000
    1.0000    0.5172    0.0000   50.0000    0.5172    0.0000
    1.0000    0.6207    0.0000   50.0000    0.6207    0.0000
    1.0000    0.7241    0.0000   50.0000    0.7241    0.0000
    1.0000    0.8276    0.0000   50.0000    0.8276    0.0000
    1.0000    0.9310    0.0000   50.0000    0.9310    0.0000
    1.0000    1.0345    0.0000   50.0000    1.0345    0.0000
    1.0000    1.1379    0.0000   50.0000    1.1379    0.0000
    1.0000    1.2414    0.0000   50.0000    1.2414    0.0000
    1.0000    1.3448    0.0000   50.0000    1.3448    0.0000
    1.0000    1.4483    0.0000   50.0000    1.4483    0.0000
    1.0000    1.5517    0.0000   50.0000    1.5517    0.0000
    1.0000    1.6552    0.0000   50.0000    1.6552    0.0000
    1.0000    1.7586    0.0000   50.0000    1.7586    0.0000
    1.0000    1.8621    0.0000   50.0000    1.8621    0.0000
    1.0000    1.9655    0.0000   50.0000    1.9655    0.0000
    1.0000    2.0690    0.0000   50.0000    2.0690    0.0000
    1.0000    2.1724    0.0000   50.0000    2.1724    0.0000
    1.0000    2.2759    0.0000   50.0000    2.2759    0.0000
    1.0000    2.3793    0.0000   50.0000    2.3793    0.0000
    1.0000    2.4828    0.0000   50.0000    2.4828    0.0000
    1.0000    2.5862    0.0000   50.0000    2.5862    0.0000
    1.0000    2.6897    0.0000   50.0000    2.6897    0.0000
    1.0000    2.7931    0.0000   50.0000    2.7931    0.0000
    1.0000    2.8966    0.0000   50.0000    2.8966    0.0000
    1.0000    3.0000    0.0000   50.0000    3.0000    0.0000
$END OF INPUT DATA
