$TITLE    Created by panin, version 1.0 (4Jan2000) on                
INPUT FILE FOR PanAir (A502-ht2)                                                
Created by PANIN                                                                
$DATACHECK
    0.0000
$SYM
    1.0000    0.0000
$MACH NUMBER
    0.2000
$CASES
    1.0000
$ANGLES OF ATTACK
    0.0000
    2.0000
$YAW ANGLES
    0.0000
    0.0000
$REFERENCE DATA FOR 3-D FORCES AND MOMENTS
   25.0000    0.0000    0.0000    1.0000
60000.0000  600.0000  100.0000  600.0000
$PRINTOUT CONTROL
       0.0       0.0       0.0       0.0       0.0       0.0
       0.0       0.0       0.0       0.0       0.0       0.0
$EAT
  0.000000       0.0       0.0       0.0       0.0       0.0
$VELOCITY CORRECTION
    0.0000
$POINTS for network #  1   wing                                              
       1.0
       1.0                                     0.0       0.0
      49.0      20.0                                                  wing      
  100.0000    0.0000    0.0000   99.5722    0.0000    0.0620
   98.2963    0.0000    0.2449   96.1940    0.0000    0.5399
   93.3013    0.0000    0.9332   89.6677    0.0000    1.4076
   85.3553    0.0000    1.9438   80.4381    0.0000    2.5217
   75.0000    0.0000    3.1204   69.1342    0.0000    3.7188
   62.9410    0.0000    4.2949   56.5263    0.0000    4.8255
   50.0000    0.0000    5.2861   43.4737    0.0000    5.6514
   37.0590    0.0000    5.8965   30.8658    0.0000    5.9988
   25.0000    0.0000    5.9408   19.5619    0.0000    5.7114
   14.6447    0.0000    5.3083   10.3323    0.0000    4.7379
    6.6987    0.0000    4.0145    3.8060    0.0000    3.1580
    1.7037    0.0000    2.1904    0.4278    0.0000    1.1324
    0.0000    0.0000    0.0000    0.4278    0.0000   -1.1324
    1.7037    0.0000   -2.1904    3.8060    0.0000   -3.1580
    6.6987    0.0000   -4.0145   10.3323    0.0000   -4.7379
   14.6447    0.0000   -5.3083   19.5619    0.0000   -5.7114
   25.0000    0.0000   -5.9408   30.8658    0.0000   -5.9988
   37.0590    0.0000   -5.8965   43.4737    0.0000   -5.6514
   50.0000    0.0000   -5.2861   56.5263    0.0000   -4.8255
   62.9410    0.0000   -4.2949   69.1342    0.0000   -3.7188
   75.0000    0.0000   -3.1204   80.4381    0.0000   -2.5217
   85.3553    0.0000   -1.9438   89.6677    0.0000   -1.4076
   93.3013    0.0000   -0.9332   96.1940    0.0000   -0.5399
   98.2963    0.0000   -0.2449   99.5722    0.0000   -0.0620
  100.0000    0.0000    0.0000
  100.0000   15.7895    0.0000   99.5722   15.7895    0.0620
   98.2963   15.7895    0.2449   96.1940   15.7895    0.5399
   93.3013   15.7895    0.9332   89.6677   15.7895    1.4076
   85.3553   15.7895    1.9438   80.4381   15.7895    2.5217
   75.0000   15.7895    3.1204   69.1342   15.7895    3.7188
   62.9410   15.7895    4.2949   56.5263   15.7895    4.8255
   50.0000   15.7895    5.2861   43.4737   15.7895    5.6514
   37.0590   15.7895    5.8965   30.8658   15.7895    5.9988
   25.0000   15.7895    5.9408   19.5619   15.7895    5.7114
   14.6447   15.7895    5.3083   10.3323   15.7895    4.7379
    6.6987   15.7895    4.0145    3.8060   15.7895    3.1580
    1.7037   15.7895    2.1904    0.4278   15.7895    1.1324
    0.0000   15.7895    0.0000    0.4278   15.7895   -1.1324
    1.7037   15.7895   -2.1904    3.8060   15.7895   -3.1580
    6.6987   15.7895   -4.0145   10.3323   15.7895   -4.7379
   14.6447   15.7895   -5.3083   19.5619   15.7895   -5.7114
   25.0000   15.7895   -5.9408   30.8658   15.7895   -5.9988
   37.0590   15.7895   -5.8965   43.4737   15.7895   -5.6514
   50.0000   15.7895   -5.2861   56.5263   15.7895   -4.8255
   62.9410   15.7895   -4.2949   69.1342   15.7895   -3.7188
   75.0000   15.7895   -3.1204   80.4381   15.7895   -2.5217
   85.3553   15.7895   -1.9438   89.6677   15.7895   -1.4076
   93.3013   15.7895   -0.9332   96.1940   15.7895   -0.5399
   98.2963   15.7895   -0.2449   99.5722   15.7895   -0.0620
  100.0000   15.7895    0.0000
  100.0000   31.5789    0.0000   99.5722   31.5789    0.0620
   98.2963   31.5789    0.2449   96.1940   31.5789    0.5399
   93.3013   31.5789    0.9332   89.6677   31.5789    1.4076
   85.3553   31.5789    1.9438   80.4381   31.5789    2.5217
   75.0000   31.5789    3.1204   69.1342   31.5789    3.7188
   62.9410   31.5789    4.2949   56.5263   31.5789    4.8255
   50.0000   31.5789    5.2861   43.4737   31.5789    5.6514
   37.0590   31.5789    5.8965   30.8658   31.5789    5.9988
   25.0000   31.5789    5.9408   19.5619   31.5789    5.7114
   14.6447   31.5789    5.3083   10.3323   31.5789    4.7379
    6.6987   31.5789    4.0145    3.8060   31.5789    3.1580
    1.7037   31.5789    2.1904    0.4278   31.5789    1.1324
    0.0000   31.5789    0.0000    0.4278   31.5789   -1.1324
    1.7037   31.5789   -2.1904    3.8060   31.5789   -3.1580
    6.6987   31.5789   -4.0145   10.3323   31.5789   -4.7379
   14.6447   31.5789   -5.3083   19.5619   31.5789   -5.7114
   25.0000   31.5789   -5.9408   30.8658   31.5789   -5.9988
   37.0590   31.5789   -5.8965   43.4737   31.5789   -5.6514
   50.0000   31.5789   -5.2861   56.5263   31.5789   -4.8255
   62.9410   31.5789   -4.2949   69.1342   31.5789   -3.7188
   75.0000   31.5789   -3.1204   80.4381   31.5789   -2.5217
   85.3553   31.5789   -1.9438   89.6677   31.5789   -1.4076
   93.3013   31.5789   -0.9332   96.1940   31.5789   -0.5399
   98.2963   31.5789   -0.2449   99.5722   31.5789   -0.0620
  100.0000   31.5789    0.0000
  100.0000   47.3684    0.0000   99.5722   47.3684    0.0620
   98.2963   47.3684    0.2449   96.1940   47.3684    0.5399
   93.3013   47.3684    0.9332   89.6677   47.3684    1.4076
   85.3553   47.3684    1.9438   80.4381   47.3684    2.5217
   75.0000   47.3684    3.1204   69.1342   47.3684    3.7188
   62.9410   47.3684    4.2949   56.5263   47.3684    4.8255
   50.0000   47.3684    5.2861   43.4737   47.3684    5.6514
   37.0590   47.3684    5.8965   30.8658   47.3684    5.9988
   25.0000   47.3684    5.9408   19.5619   47.3684    5.7114
   14.6447   47.3684    5.3083   10.3323   47.3684    4.7379
    6.6987   47.3684    4.0145    3.8060   47.3684    3.1580
    1.7037   47.3684    2.1904    0.4278   47.3684    1.1324
    0.0000   47.3684    0.0000    0.4278   47.3684   -1.1324
    1.7037   47.3684   -2.1904    3.8060   47.3684   -3.1580
    6.6987   47.3684   -4.0145   10.3323   47.3684   -4.7379
   14.6447   47.3684   -5.3083   19.5619   47.3684   -5.7114
   25.0000   47.3684   -5.9408   30.8658   47.3684   -5.9988
   37.0590   47.3684   -5.8965   43.4737   47.3684   -5.6514
   50.0000   47.3684   -5.2861   56.5263   47.3684   -4.8255
   62.9410   47.3684   -4.2949   69.1342   47.3684   -3.7188
   75.0000   47.3684   -3.1204   80.4381   47.3684   -2.5217
   85.3553   47.3684   -1.9438   89.6677   47.3684   -1.4076
   93.3013   47.3684   -0.9332   96.1940   47.3684   -0.5399
   98.2963   47.3684   -0.2449   99.5722   47.3684   -0.0620
  100.0000   47.3684    0.0000
  100.0000   63.1579    0.0000   99.5722   63.1579    0.0620
   98.2963   63.1579    0.2449   96.1940   63.1579    0.5399
   93.3013   63.1579    0.9332   89.6677   63.1579    1.4076
   85.3553   63.1579    1.9438   80.4381   63.1579    2.5217
   75.0000   63.1579    3.1204   69.1342   63.1579    3.7188
   62.9410   63.1579    4.2949   56.5263   63.1579    4.8255
   50.0000   63.1579    5.2861   43.4737   63.1579    5.6514
   37.0590   63.1579    5.8965   30.8658   63.1579    5.9988
   25.0000   63.1579    5.9408   19.5619   63.1579    5.7114
   14.6447   63.1579    5.3083   10.3323   63.1579    4.7379
    6.6987   63.1579    4.0145    3.8060   63.1579    3.1580
    1.7037   63.1579    2.1904    0.4278   63.1579    1.1324
    0.0000   63.1579    0.0000    0.4278   63.1579   -1.1324
    1.7037   63.1579   -2.1904    3.8060   63.1579   -3.1580
    6.6987   63.1579   -4.0145   10.3323   63.1579   -4.7379
   14.6447   63.1579   -5.3083   19.5619   63.1579   -5.7114
   25.0000   63.1579   -5.9408   30.8658   63.1579   -5.9988
   37.0590   63.1579   -5.8965   43.4737   63.1579   -5.6514
   50.0000   63.1579   -5.2861   56.5263   63.1579   -4.8255
   62.9410   63.1579   -4.2949   69.1342   63.1579   -3.7188
   75.0000   63.1579   -3.1204   80.4381   63.1579   -2.5217
   85.3553   63.1579   -1.9438   89.6677   63.1579   -1.4076
   93.3013   63.1579   -0.9332   96.1940   63.1579   -0.5399
   98.2963   63.1579   -0.2449   99.5722   63.1579   -0.0620
  100.0000   63.1579    0.0000
  100.0000   78.9474    0.0000   99.5722   78.9474    0.0620
   98.2963   78.9474    0.2449   96.1940   78.9474    0.5399
   93.3013   78.9474    0.9332   89.6677   78.9474    1.4076
   85.3553   78.9474    1.9438   80.4381   78.9474    2.5217
   75.0000   78.9474    3.1204   69.1342   78.9474    3.7188
   62.9410   78.9474    4.2949   56.5263   78.9474    4.8255
   50.0000   78.9474    5.2861   43.4737   78.9474    5.6514
   37.0590   78.9474    5.8965   30.8658   78.9474    5.9988
   25.0000   78.9474    5.9408   19.5619   78.9474    5.7114
   14.6447   78.9474    5.3083   10.3323   78.9474    4.7379
    6.6987   78.9474    4.0145    3.8060   78.9474    3.1580
    1.7037   78.9474    2.1904    0.4278   78.9474    1.1324
    0.0000   78.9474    0.0000    0.4278   78.9474   -1.1324
    1.7037   78.9474   -2.1904    3.8060   78.9474   -3.1580
    6.6987   78.9474   -4.0145   10.3323   78.9474   -4.7379
   14.6447   78.9474   -5.3083   19.5619   78.9474   -5.7114
   25.0000   78.9474   -5.9408   30.8658   78.9474   -5.9988
   37.0590   78.9474   -5.8965   43.4737   78.9474   -5.6514
   50.0000   78.9474   -5.2861   56.5263   78.9474   -4.8255
   62.9410   78.9474   -4.2949   69.1342   78.9474   -3.7188
   75.0000   78.9474   -3.1204   80.4381   78.9474   -2.5217
   85.3553   78.9474   -1.9438   89.6677   78.9474   -1.4076
   93.3013   78.9474   -0.9332   96.1940   78.9474   -0.5399
   98.2963   78.9474   -0.2449   99.5722   78.9474   -0.0620
  100.0000   78.9474    0.0000
  100.0000   94.7368    0.0000   99.5722   94.7368    0.0620
   98.2963   94.7368    0.2449   96.1940   94.7368    0.5399
   93.3013   94.7368    0.9332   89.6677   94.7368    1.4076
   85.3553   94.7368    1.9438   80.4381   94.7368    2.5217
   75.0000   94.7368    3.1204   69.1342   94.7368    3.7188
   62.9410   94.7368    4.2949   56.5263   94.7368    4.8255
   50.0000   94.7368    5.2861   43.4737   94.7368    5.6514
   37.0590   94.7368    5.8965   30.8658   94.7368    5.9988
   25.0000   94.7368    5.9408   19.5619   94.7368    5.7114
   14.6447   94.7368    5.3083   10.3323   94.7368    4.7379
    6.6987   94.7368    4.0145    3.8060   94.7368    3.1580
    1.7037   94.7368    2.1904    0.4278   94.7368    1.1324
    0.0000   94.7368    0.0000    0.4278   94.7368   -1.1324
    1.7037   94.7368   -2.1904    3.8060   94.7368   -3.1580
    6.6987   94.7368   -4.0145   10.3323   94.7368   -4.7379
   14.6447   94.7368   -5.3083   19.5619   94.7368   -5.7114
   25.0000   94.7368   -5.9408   30.8658   94.7368   -5.9988
   37.0590   94.7368   -5.8965   43.4737   94.7368   -5.6514
   50.0000   94.7368   -5.2861   56.5263   94.7368   -4.8255
   62.9410   94.7368   -4.2949   69.1342   94.7368   -3.7188
   75.0000   94.7368   -3.1204   80.4381   94.7368   -2.5217
   85.3553   94.7368   -1.9438   89.6677   94.7368   -1.4076
   93.3013   94.7368   -0.9332   96.1940   94.7368   -0.5399
   98.2963   94.7368   -0.2449   99.5722   94.7368   -0.0620
  100.0000   94.7368    0.0000
  100.0000  110.5263    0.0000   99.5722  110.5263    0.0620
   98.2963  110.5263    0.2449   96.1940  110.5263    0.5399
   93.3013  110.5263    0.9332   89.6677  110.5263    1.4076
   85.3553  110.5263    1.9438   80.4381  110.5263    2.5217
   75.0000  110.5263    3.1204   69.1342  110.5263    3.7188
   62.9410  110.5263    4.2949   56.5263  110.5263    4.8255
   50.0000  110.5263    5.2861   43.4737  110.5263    5.6514
   37.0590  110.5263    5.8965   30.8658  110.5263    5.9988
   25.0000  110.5263    5.9408   19.5619  110.5263    5.7114
   14.6447  110.5263    5.3083   10.3323  110.5263    4.7379
    6.6987  110.5263    4.0145    3.8060  110.5263    3.1580
    1.7037  110.5263    2.1904    0.4278  110.5263    1.1324
    0.0000  110.5263    0.0000    0.4278  110.5263   -1.1324
    1.7037  110.5263   -2.1904    3.8060  110.5263   -3.1580
    6.6987  110.5263   -4.0145   10.3323  110.5263   -4.7379
   14.6447  110.5263   -5.3083   19.5619  110.5263   -5.7114
   25.0000  110.5263   -5.9408   30.8658  110.5263   -5.9988
   37.0590  110.5263   -5.8965   43.4737  110.5263   -5.6514
   50.0000  110.5263   -5.2861   56.5263  110.5263   -4.8255
   62.9410  110.5263   -4.2949   69.1342  110.5263   -3.7188
   75.0000  110.5263   -3.1204   80.4381  110.5263   -2.5217
   85.3553  110.5263   -1.9438   89.6677  110.5263   -1.4076
   93.3013  110.5263   -0.9332   96.1940  110.5263   -0.5399
   98.2963  110.5263   -0.2449   99.5722  110.5263   -0.0620
  100.0000  110.5263    0.0000
  100.0000  126.3158    0.0000   99.5722  126.3158    0.0620
   98.2963  126.3158    0.2449   96.1940  126.3158    0.5399
   93.3013  126.3158    0.9332   89.6677  126.3158    1.4076
   85.3553  126.3158    1.9438   80.4381  126.3158    2.5217
   75.0000  126.3158    3.1204   69.1342  126.3158    3.7188
   62.9410  126.3158    4.2949   56.5263  126.3158    4.8255
   50.0000  126.3158    5.2861   43.4737  126.3158    5.6514
   37.0590  126.3158    5.8965   30.8658  126.3158    5.9988
   25.0000  126.3158    5.9408   19.5619  126.3158    5.7114
   14.6447  126.3158    5.3083   10.3323  126.3158    4.7379
    6.6987  126.3158    4.0145    3.8060  126.3158    3.1580
    1.7037  126.3158    2.1904    0.4278  126.3158    1.1324
    0.0000  126.3158    0.0000    0.4278  126.3158   -1.1324
    1.7037  126.3158   -2.1904    3.8060  126.3158   -3.1580
    6.6987  126.3158   -4.0145   10.3323  126.3158   -4.7379
   14.6447  126.3158   -5.3083   19.5619  126.3158   -5.7114
   25.0000  126.3158   -5.9408   30.8658  126.3158   -5.9988
   37.0590  126.3158   -5.8965   43.4737  126.3158   -5.6514
   50.0000  126.3158   -5.2861   56.5263  126.3158   -4.8255
   62.9410  126.3158   -4.2949   69.1342  126.3158   -3.7188
   75.0000  126.3158   -3.1204   80.4381  126.3158   -2.5217
   85.3553  126.3158   -1.9438   89.6677  126.3158   -1.4076
   93.3013  126.3158   -0.9332   96.1940  126.3158   -0.5399
   98.2963  126.3158   -0.2449   99.5722  126.3158   -0.0620
  100.0000  126.3158    0.0000
  100.0000  142.1053    0.0000   99.5722  142.1053    0.0620
   98.2963  142.1053    0.2449   96.1940  142.1053    0.5399
   93.3013  142.1053    0.9332   89.6677  142.1053    1.4076
   85.3553  142.1053    1.9438   80.4381  142.1053    2.5217
   75.0000  142.1053    3.1204   69.1342  142.1053    3.7188
   62.9410  142.1053    4.2949   56.5263  142.1053    4.8255
   50.0000  142.1053    5.2861   43.4737  142.1053    5.6514
   37.0590  142.1053    5.8965   30.8658  142.1053    5.9988
   25.0000  142.1053    5.9408   19.5619  142.1053    5.7114
   14.6447  142.1053    5.3083   10.3323  142.1053    4.7379
    6.6987  142.1053    4.0145    3.8060  142.1053    3.1580
    1.7037  142.1053    2.1904    0.4278  142.1053    1.1324
    0.0000  142.1053    0.0000    0.4278  142.1053   -1.1324
    1.7037  142.1053   -2.1904    3.8060  142.1053   -3.1580
    6.6987  142.1053   -4.0145   10.3323  142.1053   -4.7379
   14.6447  142.1053   -5.3083   19.5619  142.1053   -5.7114
   25.0000  142.1053   -5.9408   30.8658  142.1053   -5.9988
   37.0590  142.1053   -5.8965   43.4737  142.1053   -5.6514
   50.0000  142.1053   -5.2861   56.5263  142.1053   -4.8255
   62.9410  142.1053   -4.2949   69.1342  142.1053   -3.7188
   75.0000  142.1053   -3.1204   80.4381  142.1053   -2.5217
   85.3553  142.1053   -1.9438   89.6677  142.1053   -1.4076
   93.3013  142.1053   -0.9332   96.1940  142.1053   -0.5399
   98.2963  142.1053   -0.2449   99.5722  142.1053   -0.0620
  100.0000  142.1053    0.0000
  100.0000  157.8947    0.0000   99.5722  157.8947    0.0620
   98.2963  157.8947    0.2449   96.1940  157.8947    0.5399
   93.3013  157.8947    0.9332   89.6677  157.8947    1.4076
   85.3553  157.8947    1.9438   80.4381  157.8947    2.5217
   75.0000  157.8947    3.1204   69.1342  157.8947    3.7188
   62.9410  157.8947    4.2949   56.5263  157.8947    4.8255
   50.0000  157.8947    5.2861   43.4737  157.8947    5.6514
   37.0590  157.8947    5.8965   30.8658  157.8947    5.9988
   25.0000  157.8947    5.9408   19.5619  157.8947    5.7114
   14.6447  157.8947    5.3083   10.3323  157.8947    4.7379
    6.6987  157.8947    4.0145    3.8060  157.8947    3.1580
    1.7037  157.8947    2.1904    0.4278  157.8947    1.1324
    0.0000  157.8947    0.0000    0.4278  157.8947   -1.1324
    1.7037  157.8947   -2.1904    3.8060  157.8947   -3.1580
    6.6987  157.8947   -4.0145   10.3323  157.8947   -4.7379
   14.6447  157.8947   -5.3083   19.5619  157.8947   -5.7114
   25.0000  157.8947   -5.9408   30.8658  157.8947   -5.9988
   37.0590  157.8947   -5.8965   43.4737  157.8947   -5.6514
   50.0000  157.8947   -5.2861   56.5263  157.8947   -4.8255
   62.9410  157.8947   -4.2949   69.1342  157.8947   -3.7188
   75.0000  157.8947   -3.1204   80.4381  157.8947   -2.5217
   85.3553  157.8947   -1.9438   89.6677  157.8947   -1.4076
   93.3013  157.8947   -0.9332   96.1940  157.8947   -0.5399
   98.2963  157.8947   -0.2449   99.5722  157.8947   -0.0620
  100.0000  157.8947    0.0000
  100.0000  173.6842    0.0000   99.5722  173.6842    0.0620
   98.2963  173.6842    0.2449   96.1940  173.6842    0.5399
   93.3013  173.6842    0.9332   89.6677  173.6842    1.4076
   85.3553  173.6842    1.9438   80.4381  173.6842    2.5217
   75.0000  173.6842    3.1204   69.1342  173.6842    3.7188
   62.9410  173.6842    4.2949   56.5263  173.6842    4.8255
   50.0000  173.6842    5.2861   43.4737  173.6842    5.6514
   37.0590  173.6842    5.8965   30.8658  173.6842    5.9988
   25.0000  173.6842    5.9408   19.5619  173.6842    5.7114
   14.6447  173.6842    5.3083   10.3323  173.6842    4.7379
    6.6987  173.6842    4.0145    3.8060  173.6842    3.1580
    1.7037  173.6842    2.1904    0.4278  173.6842    1.1324
    0.0000  173.6842    0.0000    0.4278  173.6842   -1.1324
    1.7037  173.6842   -2.1904    3.8060  173.6842   -3.1580
    6.6987  173.6842   -4.0145   10.3323  173.6842   -4.7379
   14.6447  173.6842   -5.3083   19.5619  173.6842   -5.7114
   25.0000  173.6842   -5.9408   30.8658  173.6842   -5.9988
   37.0590  173.6842   -5.8965   43.4737  173.6842   -5.6514
   50.0000  173.6842   -5.2861   56.5263  173.6842   -4.8255
   62.9410  173.6842   -4.2949   69.1342  173.6842   -3.7188
   75.0000  173.6842   -3.1204   80.4381  173.6842   -2.5217
   85.3553  173.6842   -1.9438   89.6677  173.6842   -1.4076
   93.3013  173.6842   -0.9332   96.1940  173.6842   -0.5399
   98.2963  173.6842   -0.2449   99.5722  173.6842   -0.0620
  100.0000  173.6842    0.0000
  100.0000  189.4737    0.0000   99.5722  189.4737    0.0620
   98.2963  189.4737    0.2449   96.1940  189.4737    0.5399
   93.3013  189.4737    0.9332   89.6677  189.4737    1.4076
   85.3553  189.4737    1.9438   80.4381  189.4737    2.5217
   75.0000  189.4737    3.1204   69.1342  189.4737    3.7188
   62.9410  189.4737    4.2949   56.5263  189.4737    4.8255
   50.0000  189.4737    5.2861   43.4737  189.4737    5.6514
   37.0590  189.4737    5.8965   30.8658  189.4737    5.9988
   25.0000  189.4737    5.9408   19.5619  189.4737    5.7114
   14.6447  189.4737    5.3083   10.3323  189.4737    4.7379
    6.6987  189.4737    4.0145    3.8060  189.4737    3.1580
    1.7037  189.4737    2.1904    0.4278  189.4737    1.1324
    0.0000  189.4737    0.0000    0.4278  189.4737   -1.1324
    1.7037  189.4737   -2.1904    3.8060  189.4737   -3.1580
    6.6987  189.4737   -4.0145   10.3323  189.4737   -4.7379
   14.6447  189.4737   -5.3083   19.5619  189.4737   -5.7114
   25.0000  189.4737   -5.9408   30.8658  189.4737   -5.9988
   37.0590  189.4737   -5.8965   43.4737  189.4737   -5.6514
   50.0000  189.4737   -5.2861   56.5263  189.4737   -4.8255
   62.9410  189.4737   -4.2949   69.1342  189.4737   -3.7188
   75.0000  189.4737   -3.1204   80.4381  189.4737   -2.5217
   85.3553  189.4737   -1.9438   89.6677  189.4737   -1.4076
   93.3013  189.4737   -0.9332   96.1940  189.4737   -0.5399
   98.2963  189.4737   -0.2449   99.5722  189.4737   -0.0620
  100.0000  189.4737    0.0000
  100.0000  205.2632    0.0000   99.5722  205.2632    0.0620
   98.2963  205.2632    0.2449   96.1940  205.2632    0.5399
   93.3013  205.2632    0.9332   89.6677  205.2632    1.4076
   85.3553  205.2632    1.9438   80.4381  205.2632    2.5217
   75.0000  205.2632    3.1204   69.1342  205.2632    3.7188
   62.9410  205.2632    4.2949   56.5263  205.2632    4.8255
   50.0000  205.2632    5.2861   43.4737  205.2632    5.6514
   37.0590  205.2632    5.8965   30.8658  205.2632    5.9988
   25.0000  205.2632    5.9408   19.5619  205.2632    5.7114
   14.6447  205.2632    5.3083   10.3323  205.2632    4.7379
    6.6987  205.2632    4.0145    3.8060  205.2632    3.1580
    1.7037  205.2632    2.1904    0.4278  205.2632    1.1324
    0.0000  205.2632    0.0000    0.4278  205.2632   -1.1324
    1.7037  205.2632   -2.1904    3.8060  205.2632   -3.1580
    6.6987  205.2632   -4.0145   10.3323  205.2632   -4.7379
   14.6447  205.2632   -5.3083   19.5619  205.2632   -5.7114
   25.0000  205.2632   -5.9408   30.8658  205.2632   -5.9988
   37.0590  205.2632   -5.8965   43.4737  205.2632   -5.6514
   50.0000  205.2632   -5.2861   56.5263  205.2632   -4.8255
   62.9410  205.2632   -4.2949   69.1342  205.2632   -3.7188
   75.0000  205.2632   -3.1204   80.4381  205.2632   -2.5217
   85.3553  205.2632   -1.9438   89.6677  205.2632   -1.4076
   93.3013  205.2632   -0.9332   96.1940  205.2632   -0.5399
   98.2963  205.2632   -0.2449   99.5722  205.2632   -0.0620
  100.0000  205.2632    0.0000
  100.0000  221.0526    0.0000   99.5722  221.0526    0.0620
   98.2963  221.0526    0.2449   96.1940  221.0526    0.5399
   93.3013  221.0526    0.9332   89.6677  221.0526    1.4076
   85.3553  221.0526    1.9438   80.4381  221.0526    2.5217
   75.0000  221.0526    3.1204   69.1342  221.0526    3.7188
   62.9410  221.0526    4.2949   56.5263  221.0526    4.8255
   50.0000  221.0526    5.2861   43.4737  221.0526    5.6514
   37.0590  221.0526    5.8965   30.8658  221.0526    5.9988
   25.0000  221.0526    5.9408   19.5619  221.0526    5.7114
   14.6447  221.0526    5.3083   10.3323  221.0526    4.7379
    6.6987  221.0526    4.0145    3.8060  221.0526    3.1580
    1.7037  221.0526    2.1904    0.4278  221.0526    1.1324
    0.0000  221.0526    0.0000    0.4278  221.0526   -1.1324
    1.7037  221.0526   -2.1904    3.8060  221.0526   -3.1580
    6.6987  221.0526   -4.0145   10.3323  221.0526   -4.7379
   14.6447  221.0526   -5.3083   19.5619  221.0526   -5.7114
   25.0000  221.0526   -5.9408   30.8658  221.0526   -5.9988
   37.0590  221.0526   -5.8965   43.4737  221.0526   -5.6514
   50.0000  221.0526   -5.2861   56.5263  221.0526   -4.8255
   62.9410  221.0526   -4.2949   69.1342  221.0526   -3.7188
   75.0000  221.0526   -3.1204   80.4381  221.0526   -2.5217
   85.3553  221.0526   -1.9438   89.6677  221.0526   -1.4076
   93.3013  221.0526   -0.9332   96.1940  221.0526   -0.5399
   98.2963  221.0526   -0.2449   99.5722  221.0526   -0.0620
  100.0000  221.0526    0.0000
  100.0000  236.8421    0.0000   99.5722  236.8421    0.0620
   98.2963  236.8421    0.2449   96.1940  236.8421    0.5399
   93.3013  236.8421    0.9332   89.6677  236.8421    1.4076
   85.3553  236.8421    1.9438   80.4381  236.8421    2.5217
   75.0000  236.8421    3.1204   69.1342  236.8421    3.7188
   62.9410  236.8421    4.2949   56.5263  236.8421    4.8255
   50.0000  236.8421    5.2861   43.4737  236.8421    5.6514
   37.0590  236.8421    5.8965   30.8658  236.8421    5.9988
   25.0000  236.8421    5.9408   19.5619  236.8421    5.7114
   14.6447  236.8421    5.3083   10.3323  236.8421    4.7379
    6.6987  236.8421    4.0145    3.8060  236.8421    3.1580
    1.7037  236.8421    2.1904    0.4278  236.8421    1.1324
    0.0000  236.8421    0.0000    0.4278  236.8421   -1.1324
    1.7037  236.8421   -2.1904    3.8060  236.8421   -3.1580
    6.6987  236.8421   -4.0145   10.3323  236.8421   -4.7379
   14.6447  236.8421   -5.3083   19.5619  236.8421   -5.7114
   25.0000  236.8421   -5.9408   30.8658  236.8421   -5.9988
   37.0590  236.8421   -5.8965   43.4737  236.8421   -5.6514
   50.0000  236.8421   -5.2861   56.5263  236.8421   -4.8255
   62.9410  236.8421   -4.2949   69.1342  236.8421   -3.7188
   75.0000  236.8421   -3.1204   80.4381  236.8421   -2.5217
   85.3553  236.8421   -1.9438   89.6677  236.8421   -1.4076
   93.3013  236.8421   -0.9332   96.1940  236.8421   -0.5399
   98.2963  236.8421   -0.2449   99.5722  236.8421   -0.0620
  100.0000  236.8421    0.0000
  100.0000  252.6316    0.0000   99.5722  252.6316    0.0620
   98.2963  252.6316    0.2449   96.1940  252.6316    0.5399
   93.3013  252.6316    0.9332   89.6677  252.6316    1.4076
   85.3553  252.6316    1.9438   80.4381  252.6316    2.5217
   75.0000  252.6316    3.1204   69.1342  252.6316    3.7188
   62.9410  252.6316    4.2949   56.5263  252.6316    4.8255
   50.0000  252.6316    5.2861   43.4737  252.6316    5.6514
   37.0590  252.6316    5.8965   30.8658  252.6316    5.9988
   25.0000  252.6316    5.9408   19.5619  252.6316    5.7114
   14.6447  252.6316    5.3083   10.3323  252.6316    4.7379
    6.6987  252.6316    4.0145    3.8060  252.6316    3.1580
    1.7037  252.6316    2.1904    0.4278  252.6316    1.1324
    0.0000  252.6316    0.0000    0.4278  252.6316   -1.1324
    1.7037  252.6316   -2.1904    3.8060  252.6316   -3.1580
    6.6987  252.6316   -4.0145   10.3323  252.6316   -4.7379
   14.6447  252.6316   -5.3083   19.5619  252.6316   -5.7114
   25.0000  252.6316   -5.9408   30.8658  252.6316   -5.9988
   37.0590  252.6316   -5.8965   43.4737  252.6316   -5.6514
   50.0000  252.6316   -5.2861   56.5263  252.6316   -4.8255
   62.9410  252.6316   -4.2949   69.1342  252.6316   -3.7188
   75.0000  252.6316   -3.1204   80.4381  252.6316   -2.5217
   85.3553  252.6316   -1.9438   89.6677  252.6316   -1.4076
   93.3013  252.6316   -0.9332   96.1940  252.6316   -0.5399
   98.2963  252.6316   -0.2449   99.5722  252.6316   -0.0620
  100.0000  252.6316    0.0000
  100.0000  268.4211    0.0000   99.5722  268.4211    0.0620
   98.2963  268.4211    0.2449   96.1940  268.4211    0.5399
   93.3013  268.4211    0.9332   89.6677  268.4211    1.4076
   85.3553  268.4211    1.9438   80.4381  268.4211    2.5217
   75.0000  268.4211    3.1204   69.1342  268.4211    3.7188
   62.9410  268.4211    4.2949   56.5263  268.4211    4.8255
   50.0000  268.4211    5.2861   43.4737  268.4211    5.6514
   37.0590  268.4211    5.8965   30.8658  268.4211    5.9988
   25.0000  268.4211    5.9408   19.5619  268.4211    5.7114
   14.6447  268.4211    5.3083   10.3323  268.4211    4.7379
    6.6987  268.4211    4.0145    3.8060  268.4211    3.1580
    1.7037  268.4211    2.1904    0.4278  268.4211    1.1324
    0.0000  268.4211    0.0000    0.4278  268.4211   -1.1324
    1.7037  268.4211   -2.1904    3.8060  268.4211   -3.1580
    6.6987  268.4211   -4.0145   10.3323  268.4211   -4.7379
   14.6447  268.4211   -5.3083   19.5619  268.4211   -5.7114
   25.0000  268.4211   -5.9408   30.8658  268.4211   -5.9988
   37.0590  268.4211   -5.8965   43.4737  268.4211   -5.6514
   50.0000  268.4211   -5.2861   56.5263  268.4211   -4.8255
   62.9410  268.4211   -4.2949   69.1342  268.4211   -3.7188
   75.0000  268.4211   -3.1204   80.4381  268.4211   -2.5217
   85.3553  268.4211   -1.9438   89.6677  268.4211   -1.4076
   93.3013  268.4211   -0.9332   96.1940  268.4211   -0.5399
   98.2963  268.4211   -0.2449   99.5722  268.4211   -0.0620
  100.0000  268.4211    0.0000
  100.0000  284.2105    0.0000   99.5722  284.2105    0.0620
   98.2963  284.2105    0.2449   96.1940  284.2105    0.5399
   93.3013  284.2105    0.9332   89.6677  284.2105    1.4076
   85.3553  284.2105    1.9438   80.4381  284.2105    2.5217
   75.0000  284.2105    3.1204   69.1342  284.2105    3.7188
   62.9410  284.2105    4.2949   56.5263  284.2105    4.8255
   50.0000  284.2105    5.2861   43.4737  284.2105    5.6514
   37.0590  284.2105    5.8965   30.8658  284.2105    5.9988
   25.0000  284.2105    5.9408   19.5619  284.2105    5.7114
   14.6447  284.2105    5.3083   10.3323  284.2105    4.7379
    6.6987  284.2105    4.0145    3.8060  284.2105    3.1580
    1.7037  284.2105    2.1904    0.4278  284.2105    1.1324
    0.0000  284.2105    0.0000    0.4278  284.2105   -1.1324
    1.7037  284.2105   -2.1904    3.8060  284.2105   -3.1580
    6.6987  284.2105   -4.0145   10.3323  284.2105   -4.7379
   14.6447  284.2105   -5.3083   19.5619  284.2105   -5.7114
   25.0000  284.2105   -5.9408   30.8658  284.2105   -5.9988
   37.0590  284.2105   -5.8965   43.4737  284.2105   -5.6514
   50.0000  284.2105   -5.2861   56.5263  284.2105   -4.8255
   62.9410  284.2105   -4.2949   69.1342  284.2105   -3.7188
   75.0000  284.2105   -3.1204   80.4381  284.2105   -2.5217
   85.3553  284.2105   -1.9438   89.6677  284.2105   -1.4076
   93.3013  284.2105   -0.9332   96.1940  284.2105   -0.5399
   98.2963  284.2105   -0.2449   99.5722  284.2105   -0.0620
  100.0000  284.2105    0.0000
  100.0000  300.0000    0.0000   99.5722  300.0000    0.0620
   98.2963  300.0000    0.2449   96.1940  300.0000    0.5399
   93.3013  300.0000    0.9332   89.6677  300.0000    1.4076
   85.3553  300.0000    1.9438   80.4381  300.0000    2.5217
   75.0000  300.0000    3.1204   69.1342  300.0000    3.7188
   62.9410  300.0000    4.2949   56.5263  300.0000    4.8255
   50.0000  300.0000    5.2861   43.4737  300.0000    5.6514
   37.0590  300.0000    5.8965   30.8658  300.0000    5.9988
   25.0000  300.0000    5.9408   19.5619  300.0000    5.7114
   14.6447  300.0000    5.3083   10.3323  300.0000    4.7379
    6.6987  300.0000    4.0145    3.8060  300.0000    3.1580
    1.7037  300.0000    2.1904    0.4278  300.0000    1.1324
    0.0000  300.0000    0.0000    0.4278  300.0000   -1.1324
    1.7037  300.0000   -2.1904    3.8060  300.0000   -3.1580
    6.6987  300.0000   -4.0145   10.3323  300.0000   -4.7379
   14.6447  300.0000   -5.3083   19.5619  300.0000   -5.7114
   25.0000  300.0000   -5.9408   30.8658  300.0000   -5.9988
   37.0590  300.0000   -5.8965   43.4737  300.0000   -5.6514
   50.0000  300.0000   -5.2861   56.5263  300.0000   -4.8255
   62.9410  300.0000   -4.2949   69.1342  300.0000   -3.7188
   75.0000  300.0000   -3.1204   80.4381  300.0000   -2.5217
   85.3553  300.0000   -1.9438   89.6677  300.0000   -1.4076
   93.3013  300.0000   -0.9332   96.1940  300.0000   -0.5399
   98.2963  300.0000   -0.2449   99.5722  300.0000   -0.0620
  100.0000  300.0000    0.0000
$POINTS for network #  2   wingtip                                           
       1.0
       1.0                                     0.0       0.0
      25.0       5.0                                                  wingtip   
  100.0000  300.0000    0.0000   99.5722  300.0000    0.0620
   98.2963  300.0000    0.2449   96.1940  300.0000    0.5399
   93.3013  300.0000    0.9332   89.6677  300.0000    1.4076
   85.3553  300.0000    1.9438   80.4381  300.0000    2.5217
   75.0000  300.0000    3.1204   69.1342  300.0000    3.7188
   62.9410  300.0000    4.2949   56.5263  300.0000    4.8255
   50.0000  300.0000    5.2861   43.4737  300.0000    5.6514
   37.0590  300.0000    5.8965   30.8658  300.0000    5.9988
   25.0000  300.0000    5.9408   19.5619  300.0000    5.7114
   14.6447  300.0000    5.3083   10.3323  300.0000    4.7379
    6.6987  300.0000    4.0145    3.8060  300.0000    3.1580
    1.7037  300.0000    2.1904    0.4278  300.0000    1.1324
    0.0000  300.0000    0.0000
  100.0000  300.0000    0.0000   99.5722  300.0000    0.0310
   98.2963  300.0000    0.1225   96.1940  300.0000    0.2699
   93.3013  300.0000    0.4666   89.6677  300.0000    0.7038
   85.3553  300.0000    0.9719   80.4381  300.0000    1.2609
   75.0000  300.0000    1.5602   69.1342  300.0000    1.8594
   62.9410  300.0000    2.1475   56.5263  300.0000    2.4128
   50.0000  300.0000    2.6431   43.4737  300.0000    2.8257
   37.0590  300.0000    2.9482   30.8658  300.0000    2.9994
   25.0000  300.0000    2.9704   19.5619  300.0000    2.8557
   14.6447  300.0000    2.6541   10.3323  300.0000    2.3689
    6.6987  300.0000    2.0073    3.8060  300.0000    1.5790
    1.7037  300.0000    1.0952    0.4278  300.0000    0.5662
    0.0000  300.0000    0.0000
  100.0000  300.0000    0.0000   99.5722  300.0000    0.0000
   98.2963  300.0000    0.0000   96.1940  300.0000    0.0000
   93.3013  300.0000    0.0000   89.6677  300.0000    0.0000
   85.3553  300.0000    0.0000   80.4381  300.0000    0.0000
   75.0000  300.0000    0.0000   69.1342  300.0000    0.0000
   62.9410  300.0000    0.0000   56.5263  300.0000    0.0000
   50.0000  300.0000    0.0000   43.4737  300.0000    0.0000
   37.0590  300.0000    0.0000   30.8658  300.0000    0.0000
   25.0000  300.0000    0.0000   19.5619  300.0000    0.0000
   14.6447  300.0000    0.0000   10.3323  300.0000    0.0000
    6.6987  300.0000    0.0000    3.8060  300.0000    0.0000
    1.7037  300.0000    0.0000    0.4278  300.0000    0.0000
    0.0000  300.0000    0.0000
  100.0000  300.0000    0.0000   99.5722  300.0000   -0.0310
   98.2963  300.0000   -0.1225   96.1940  300.0000   -0.2699
   93.3013  300.0000   -0.4666   89.6677  300.0000   -0.7038
   85.3553  300.0000   -0.9719   80.4381  300.0000   -1.2609
   75.0000  300.0000   -1.5602   69.1342  300.0000   -1.8594
   62.9410  300.0000   -2.1475   56.5263  300.0000   -2.4128
   50.0000  300.0000   -2.6431   43.4737  300.0000   -2.8257
   37.0590  300.0000   -2.9482   30.8658  300.0000   -2.9994
   25.0000  300.0000   -2.9704   19.5619  300.0000   -2.8557
   14.6447  300.0000   -2.6541   10.3323  300.0000   -2.3689
    6.6987  300.0000   -2.0073    3.8060  300.0000   -1.5790
    1.7037  300.0000   -1.0952    0.4278  300.0000   -0.5662
    0.0000  300.0000    0.0000
  100.0000  300.0000    0.0000   99.5722  300.0000   -0.0620
   98.2963  300.0000   -0.2449   96.1940  300.0000   -0.5399
   93.3013  300.0000   -0.9332   89.6677  300.0000   -1.4076
   85.3553  300.0000   -1.9438   80.4381  300.0000   -2.5217
   75.0000  300.0000   -3.1204   69.1342  300.0000   -3.7188
   62.9410  300.0000   -4.2949   56.5263  300.0000   -4.8255
   50.0000  300.0000   -5.2861   43.4737  300.0000   -5.6514
   37.0590  300.0000   -5.8965   30.8658  300.0000   -5.9988
   25.0000  300.0000   -5.9408   19.5619  300.0000   -5.7114
   14.6447  300.0000   -5.3083   10.3323  300.0000   -4.7379
    6.6987  300.0000   -4.0145    3.8060  300.0000   -3.1580
    1.7037  300.0000   -2.1904    0.4278  300.0000   -1.1324
    0.0000  300.0000    0.0000
$POINTS for network #  3   wingwake                                          
       1.0
      18.0                                     0.0       0.0
       2.0      20.0                                                  wingwake  
  100.0000    0.0000    0.0000 5000.0000    0.0000    0.0000
  100.0000   15.7895    0.0000 5000.0000   15.7895    0.0000
  100.0000   31.5789    0.0000 5000.0000   31.5789    0.0000
  100.0000   47.3684    0.0000 5000.0000   47.3684    0.0000
  100.0000   63.1579    0.0000 5000.0000   63.1579    0.0000
  100.0000   78.9474    0.0000 5000.0000   78.9474    0.0000
  100.0000   94.7368    0.0000 5000.0000   94.7368    0.0000
  100.0000  110.5263    0.0000 5000.0000  110.5263    0.0000
  100.0000  126.3158    0.0000 5000.0000  126.3158    0.0000
  100.0000  142.1053    0.0000 5000.0000  142.1053    0.0000
  100.0000  157.8947    0.0000 5000.0000  157.8947    0.0000
  100.0000  173.6842    0.0000 5000.0000  173.6842    0.0000
  100.0000  189.4737    0.0000 5000.0000  189.4737    0.0000
  100.0000  205.2632    0.0000 5000.0000  205.2632    0.0000
  100.0000  221.0526    0.0000 5000.0000  221.0526    0.0000
  100.0000  236.8421    0.0000 5000.0000  236.8421    0.0000
  100.0000  252.6316    0.0000 5000.0000  252.6316    0.0000
  100.0000  268.4211    0.0000 5000.0000  268.4211    0.0000
  100.0000  284.2105    0.0000 5000.0000  284.2105    0.0000
  100.0000  300.0000    0.0000 5000.0000  300.0000    0.0000
$END OF INPUT DATA
