$TITLE    Created by panin, version 1.0 (4Jan2000) on                
INPUT FILE FOR PanAir (A502-ht2)                                                
Created by PANIN                                                                
$DATACHECK
    0.0000
$SYM
    1.0000    0.0000
$MACH NUMBER
    0.5000
$CASES
    1.0000
$ANGLES OF ATTACK
    0.0000
    7.4200
$YAW ANGLES
    0.0000
    0.0000
$REFERENCE DATA FOR 3-D FORCES AND MOMENTS
    0.2500    0.0000    0.0000    1.0000
    6.0000    6.0000    1.0000    6.0000
$PRINTOUT CONTROL
       0.0       0.0       0.0       0.0       0.0       0.0
       0.0       0.0       0.0       0.0       0.0       0.0
$EAT
  0.000000       0.0       0.0       0.0       0.0       0.0
$VELOCITY CORRECTION
    0.0000
$POINTS for network #  1   wing                                              
       1.0
       1.0                                     0.0       0.0
      59.0      30.0                                                  wing      
    1.0000    0.0000    0.0000    0.9971    0.0000    0.0004
    0.9883    0.0000    0.0014    0.9738    0.0000    0.0031
    0.9538    0.0000    0.0054    0.9284    0.0000    0.0083
    0.8980    0.0000    0.0116    0.8630    0.0000    0.0152
    0.8237    0.0000    0.0192    0.7806    0.0000    0.0232
    0.7342    0.0000    0.0274    0.6851    0.0000    0.0315
    0.6338    0.0000    0.0355    0.5809    0.0000    0.0392
    0.5271    0.0000    0.0425    0.4729    0.0000    0.0454
    0.4191    0.0000    0.0477    0.3662    0.0000    0.0492
    0.3149    0.0000    0.0500    0.2658    0.0000    0.0498
    0.2194    0.0000    0.0486    0.1763    0.0000    0.0465
    0.1370    0.0000    0.0434    0.1020    0.0000    0.0393
    0.0716    0.0000    0.0344    0.0462    0.0000    0.0286
    0.0262    0.0000    0.0222    0.0117    0.0000    0.0153
    0.0029    0.0000    0.0079    0.0000    0.0000    0.0000
    0.0029    0.0000   -0.0079    0.0117    0.0000   -0.0153
    0.0262    0.0000   -0.0222    0.0462    0.0000   -0.0286
    0.0716    0.0000   -0.0344    0.1020    0.0000   -0.0393
    0.1370    0.0000   -0.0434    0.1763    0.0000   -0.0465
    0.2194    0.0000   -0.0486    0.2658    0.0000   -0.0498
    0.3149    0.0000   -0.0500    0.3662    0.0000   -0.0492
    0.4191    0.0000   -0.0477    0.4729    0.0000   -0.0454
    0.5271    0.0000   -0.0425    0.5809    0.0000   -0.0392
    0.6338    0.0000   -0.0355    0.6851    0.0000   -0.0315
    0.7342    0.0000   -0.0274    0.7806    0.0000   -0.0232
    0.8237    0.0000   -0.0192    0.8630    0.0000   -0.0152
    0.8980    0.0000   -0.0116    0.9284    0.0000   -0.0083
    0.9538    0.0000   -0.0054    0.9738    0.0000   -0.0031
    0.9883    0.0000   -0.0014    0.9971    0.0000   -0.0004
    1.0000    0.0000    0.0000
    1.0000    0.1034    0.0000    0.9971    0.1034    0.0003
    0.9883    0.1034    0.0011    0.9738    0.1034    0.0024
    0.9537    0.1034    0.0042    0.9282    0.1034    0.0064
    0.8978    0.1034    0.0088    0.8626    0.1034    0.0116
    0.8232    0.1034    0.0144    0.7800    0.1034    0.0173
    0.7336    0.1034    0.0202    0.6843    0.1034    0.0230
    0.6329    0.1034    0.0256    0.5800    0.1034    0.0279
    0.5261    0.1034    0.0298    0.4719    0.1034    0.0312
    0.4180    0.1034    0.0321    0.3651    0.1034    0.0322
    0.3138    0.1034    0.0315    0.2647    0.1034    0.0300
    0.2184    0.1034    0.0276    0.1754    0.1034    0.0243
    0.1361    0.1034    0.0202    0.1012    0.1034    0.0151
    0.0710    0.1034    0.0094    0.0458    0.1034    0.0030
    0.0259    0.1034   -0.0039    0.0116    0.1034   -0.0113
    0.0031    0.1034   -0.0189    0.0004    0.1034   -0.0269
    0.0035    0.1034   -0.0346    0.0125    0.1034   -0.0418
    0.0271    0.1034   -0.0484    0.0473    0.1034   -0.0543
    0.0728    0.1034   -0.0593    0.1033    0.1034   -0.0634
    0.1385    0.1034   -0.0665    0.1779    0.1034   -0.0686
    0.2210    0.1034   -0.0696    0.2674    0.1034   -0.0695
    0.3165    0.1034   -0.0684    0.3678    0.1034   -0.0662
    0.4206    0.1034   -0.0633    0.4743    0.1034   -0.0596
    0.5284    0.1034   -0.0552    0.5821    0.1034   -0.0504
    0.6348    0.1034   -0.0453    0.6860    0.1034   -0.0400
    0.7350    0.1034   -0.0345    0.7813    0.1034   -0.0291
    0.8243    0.1034   -0.0239    0.8635    0.1034   -0.0189
    0.8984    0.1034   -0.0143    0.9287    0.1034   -0.0102
    0.9540    0.1034   -0.0067    0.9739    0.1034   -0.0038
    0.9884    0.1034   -0.0017    0.9971    0.1034   -0.0004
    1.0000    0.1034    0.0000
    1.0000    0.2069    0.0000    0.9971    0.2069    0.0003
    0.9883    0.2069    0.0010    0.9737    0.2069    0.0022
    0.9536    0.2069    0.0038    0.9282    0.2069    0.0058
    0.8977    0.2069    0.0081    0.8626    0.2069    0.0105
    0.8231    0.2069    0.0131    0.7799    0.2069    0.0157
    0.7334    0.2069    0.0182    0.6842    0.2069    0.0206
    0.6328    0.2069    0.0228    0.5798    0.2069    0.0247
    0.5259    0.2069    0.0262    0.4717    0.2069    0.0272
    0.4178    0.2069    0.0276    0.3649    0.2069    0.0274
    0.3136    0.2069    0.0263    0.2645    0.2069    0.0244
    0.2182    0.2069    0.0217    0.1752    0.2069    0.0181
    0.1360    0.2069    0.0136    0.1011    0.2069    0.0083
    0.0709    0.2069    0.0023    0.0458    0.2069   -0.0043
    0.0260    0.2069   -0.0113    0.0118    0.2069   -0.0188
    0.0033    0.2069   -0.0265    0.0006    0.2069   -0.0345
    0.0038    0.2069   -0.0422    0.0128    0.2069   -0.0494
    0.0275    0.2069   -0.0558    0.0478    0.2069   -0.0615
    0.0733    0.2069   -0.0663    0.1038    0.2069   -0.0702
    0.1390    0.2069   -0.0731    0.1784    0.2069   -0.0749
    0.2215    0.2069   -0.0755    0.2679    0.2069   -0.0751
    0.3171    0.2069   -0.0736    0.3683    0.2069   -0.0711
    0.4211    0.2069   -0.0677    0.4748    0.2069   -0.0636
    0.5288    0.2069   -0.0588    0.5825    0.2069   -0.0536
    0.6352    0.2069   -0.0481    0.6863    0.2069   -0.0423
    0.7353    0.2069   -0.0365    0.7815    0.2069   -0.0308
    0.8245    0.2069   -0.0252    0.8636    0.2069   -0.0200
    0.8985    0.2069   -0.0151    0.9288    0.2069   -0.0107
    0.9540    0.2069   -0.0070    0.9739    0.2069   -0.0040
    0.9884    0.2069   -0.0018    0.9971    0.2069   -0.0005
    1.0000    0.2069    0.0000
    1.0000    0.3103    0.0000    0.9971    0.3103    0.0002
    0.9883    0.3103    0.0009    0.9737    0.3103    0.0021
    0.9536    0.3103    0.0036    0.9282    0.3103    0.0055
    0.8977    0.3103    0.0076    0.8625    0.3103    0.0099
    0.8231    0.3103    0.0123    0.7799    0.3103    0.0146
    0.7333    0.3103    0.0170    0.6841    0.3103    0.0192
    0.6327    0.3103    0.0211    0.5797    0.3103    0.0228
    0.5258    0.3103    0.0240    0.4716    0.3103    0.0248
    0.4177    0.3103    0.0249    0.3648    0.3103    0.0244
    0.3135    0.3103    0.0231    0.2644    0.3103    0.0210
    0.2181    0.3103    0.0181    0.1751    0.3103    0.0142
    0.1360    0.3103    0.0096    0.1011    0.3103    0.0042
    0.0709    0.3103   -0.0020    0.0458    0.3103   -0.0087
    0.0260    0.3103   -0.0158    0.0118    0.3103   -0.0234
    0.0034    0.3103   -0.0311    0.0008    0.3103   -0.0391
    0.0040    0.3103   -0.0468    0.0130    0.3103   -0.0539
    0.0278    0.3103   -0.0603    0.0481    0.3103   -0.0659
    0.0736    0.3103   -0.0706    0.1042    0.3103   -0.0744
    0.1394    0.3103   -0.0771    0.1788    0.3103   -0.0787
    0.2219    0.3103   -0.0791    0.2683    0.3103   -0.0784
    0.3174    0.3103   -0.0767    0.3686    0.3103   -0.0740
    0.4214    0.3103   -0.0704    0.4751    0.3103   -0.0660
    0.5291    0.3103   -0.0610    0.5827    0.3103   -0.0555
    0.6354    0.3103   -0.0498    0.6865    0.3103   -0.0438
    0.7355    0.3103   -0.0378    0.7817    0.3103   -0.0318
    0.8246    0.3103   -0.0260    0.8637    0.3103   -0.0206
    0.8986    0.3103   -0.0156    0.9288    0.3103   -0.0111
    0.9540    0.3103   -0.0072    0.9740    0.3103   -0.0041
    0.9884    0.3103   -0.0019    0.9971    0.3103   -0.0005
    1.0000    0.3103    0.0000
    1.0000    0.4138    0.0000    0.9971    0.4138    0.0002
    0.9883    0.4138    0.0009    0.9737    0.4138    0.0020
    0.9536    0.4138    0.0035    0.9281    0.4138    0.0053
    0.8976    0.4138    0.0073    0.8625    0.4138    0.0094
    0.8230    0.4138    0.0117    0.7798    0.4138    0.0140
    0.7333    0.4138    0.0161    0.6840    0.4138    0.0182
    0.6326    0.4138    0.0200    0.5796    0.4138    0.0215
    0.5257    0.4138    0.0225    0.4715    0.4138    0.0231
    0.4176    0.4138    0.0231    0.3647    0.4138    0.0224
    0.3134    0.4138    0.0210    0.2643    0.4138    0.0187
    0.2180    0.4138    0.0156    0.1751    0.4138    0.0117
    0.1359    0.4138    0.0069    0.1011    0.4138    0.0013
    0.0709    0.4138   -0.0049    0.0459    0.4138   -0.0117
    0.0261    0.4138   -0.0189    0.0119    0.4138   -0.0265
    0.0035    0.4138   -0.0343    0.0009    0.4138   -0.0422
    0.0042    0.4138   -0.0500    0.0132    0.4138   -0.0570
    0.0280    0.4138   -0.0634    0.0483    0.4138   -0.0689
    0.0739    0.4138   -0.0735    0.1044    0.4138   -0.0772
    0.1396    0.4138   -0.0798    0.1790    0.4138   -0.0812
    0.2222    0.4138   -0.0816    0.2686    0.4138   -0.0807
    0.3177    0.4138   -0.0789    0.3689    0.4138   -0.0760
    0.4216    0.4138   -0.0722    0.4753    0.4138   -0.0676
    0.5293    0.4138   -0.0625    0.5829    0.4138   -0.0569
    0.6356    0.4138   -0.0509    0.6867    0.4138   -0.0448
    0.7356    0.4138   -0.0386    0.7818    0.4138   -0.0325
    0.8247    0.4138   -0.0266    0.8638    0.4138   -0.0210
    0.8986    0.4138   -0.0159    0.9288    0.4138   -0.0113
    0.9541    0.4138   -0.0074    0.9740    0.4138   -0.0042
    0.9884    0.4138   -0.0019    0.9971    0.4138   -0.0005
    1.0000    0.4138    0.0000
    1.0000    0.5172    0.0000    0.9971    0.5172    0.0002
    0.9883    0.5172    0.0009    0.9737    0.5172    0.0019
    0.9536    0.5172    0.0034    0.9281    0.5172    0.0051
    0.8976    0.5172    0.0070    0.8625    0.5172    0.0091
    0.8230    0.5172    0.0113    0.7798    0.5172    0.0135
    0.7332    0.5172    0.0155    0.6840    0.5172    0.0175
    0.6325    0.5172    0.0191    0.5796    0.5172    0.0205
    0.5256    0.5172    0.0215    0.4714    0.5172    0.0219
    0.4176    0.5172    0.0218    0.3647    0.5172    0.0210
    0.3134    0.5172    0.0194    0.2643    0.5172    0.0171
    0.2180    0.5172    0.0138    0.1751    0.5172    0.0098
    0.1359    0.5172    0.0049    0.1011    0.5172   -0.0007
    0.0710    0.5172   -0.0070    0.0459    0.5172   -0.0138
    0.0261    0.5172   -0.0211    0.0120    0.5172   -0.0287
    0.0036    0.5172   -0.0365    0.0010    0.5172   -0.0445
    0.0043    0.5172   -0.0522    0.0133    0.5172   -0.0593
    0.0281    0.5172   -0.0656    0.0484    0.5172   -0.0711
    0.0740    0.5172   -0.0756    0.1046    0.5172   -0.0792
    0.1398    0.5172   -0.0817    0.1792    0.5172   -0.0831
    0.2223    0.5172   -0.0833    0.2687    0.5172   -0.0824
    0.3178    0.5172   -0.0804    0.3691    0.5172   -0.0774
    0.4218    0.5172   -0.0735    0.4755    0.5172   -0.0688
    0.5294    0.5172   -0.0636    0.5831    0.5172   -0.0578
    0.6357    0.5172   -0.0517    0.6868    0.5172   -0.0455
    0.7357    0.5172   -0.0392    0.7818    0.5172   -0.0330
    0.8247    0.5172   -0.0270    0.8638    0.5172   -0.0213
    0.8987    0.5172   -0.0161    0.9289    0.5172   -0.0115
    0.9541    0.5172   -0.0075    0.9740    0.5172   -0.0043
    0.9884    0.5172   -0.0019    0.9971    0.5172   -0.0005
    1.0000    0.5172    0.0000
    1.0000    0.6207    0.0000    0.9971    0.6207    0.0002
    0.9883    0.6207    0.0009    0.9737    0.6207    0.0019
    0.9536    0.6207    0.0033    0.9281    0.6207    0.0050
    0.8976    0.6207    0.0069    0.8624    0.6207    0.0089
    0.8230    0.6207    0.0110    0.7798    0.6207    0.0131
    0.7332    0.6207    0.0151    0.6840    0.6207    0.0169
    0.6325    0.6207    0.0185    0.5795    0.6207    0.0198
    0.5256    0.6207    0.0207    0.4714    0.6207    0.0210
    0.4175    0.6207    0.0208    0.3646    0.6207    0.0199
    0.3134    0.6207    0.0183    0.2643    0.6207    0.0158
    0.2180    0.6207    0.0125    0.1750    0.6207    0.0084
    0.1359    0.6207    0.0035    0.1011    0.6207   -0.0022
    0.0710    0.6207   -0.0086    0.0459    0.6207   -0.0155
    0.0262    0.6207   -0.0228    0.0120    0.6207   -0.0304
    0.0036    0.6207   -0.0382    0.0011    0.6207   -0.0462
    0.0044    0.6207   -0.0539    0.0135    0.6207   -0.0609
    0.0282    0.6207   -0.0672    0.0486    0.6207   -0.0727
    0.0741    0.6207   -0.0772    0.1047    0.6207   -0.0807
    0.1399    0.6207   -0.0832    0.1793    0.6207   -0.0845
    0.2225    0.6207   -0.0846    0.2689    0.6207   -0.0836
    0.3180    0.6207   -0.0816    0.3692    0.6207   -0.0785
    0.4219    0.6207   -0.0745    0.4756    0.6207   -0.0697
    0.5295    0.6207   -0.0643    0.5831    0.6207   -0.0585
    0.6358    0.6207   -0.0524    0.6869    0.6207   -0.0460
    0.7358    0.6207   -0.0396    0.7819    0.6207   -0.0334
    0.8248    0.6207   -0.0273    0.8638    0.6207   -0.0216
    0.8987    0.6207   -0.0163    0.9289    0.6207   -0.0116
    0.9541    0.6207   -0.0076    0.9740    0.6207   -0.0043
    0.9884    0.6207   -0.0019    0.9971    0.6207   -0.0005
    1.0000    0.6207    0.0000
    1.0000    0.7241    0.0000    0.9971    0.7241    0.0002
    0.9883    0.7241    0.0008    0.9737    0.7241    0.0019
    0.9536    0.7241    0.0032    0.9281    0.7241    0.0049
    0.8976    0.7241    0.0067    0.8624    0.7241    0.0087
    0.8230    0.7241    0.0108    0.7797    0.7241    0.0128
    0.7332    0.7241    0.0147    0.6839    0.7241    0.0165
    0.6325    0.7241    0.0180    0.5795    0.7241    0.0192
    0.5256    0.7241    0.0200    0.4714    0.7241    0.0203
    0.4175    0.7241    0.0201    0.3646    0.7241    0.0191
    0.3133    0.7241    0.0174    0.2643    0.7241    0.0149
    0.2180    0.7241    0.0115    0.1750    0.7241    0.0073
    0.1359    0.7241    0.0023    0.1011    0.7241   -0.0034
    0.0710    0.7241   -0.0098    0.0459    0.7241   -0.0167
    0.0262    0.7241   -0.0240    0.0121    0.7241   -0.0317
    0.0037    0.7241   -0.0395    0.0011    0.7241   -0.0475
    0.0044    0.7241   -0.0552    0.0135    0.7241   -0.0622
    0.0283    0.7241   -0.0685    0.0486    0.7241   -0.0739
    0.0742    0.7241   -0.0784    0.1048    0.7241   -0.0819
    0.1400    0.7241   -0.0843    0.1794    0.7241   -0.0855
    0.2226    0.7241   -0.0856    0.2690    0.7241   -0.0846
    0.3181    0.7241   -0.0824    0.3693    0.7241   -0.0793
    0.4220    0.7241   -0.0752    0.4757    0.7241   -0.0704
    0.5296    0.7241   -0.0650    0.5832    0.7241   -0.0590
    0.6359    0.7241   -0.0528    0.6869    0.7241   -0.0464
    0.7358    0.7241   -0.0400    0.7819    0.7241   -0.0336
    0.8248    0.7241   -0.0275    0.8639    0.7241   -0.0217
    0.8987    0.7241   -0.0164    0.9289    0.7241   -0.0117
    0.9541    0.7241   -0.0076    0.9740    0.7241   -0.0044
    0.9884    0.7241   -0.0020    0.9971    0.7241   -0.0005
    1.0000    0.7241    0.0000
    1.0000    0.8276    0.0000    0.9971    0.8276    0.0002
    0.9883    0.8276    0.0008    0.9737    0.8276    0.0018
    0.9536    0.8276    0.0032    0.9281    0.8276    0.0048
    0.8976    0.8276    0.0066    0.8624    0.8276    0.0086
    0.8230    0.8276    0.0106    0.7797    0.8276    0.0126
    0.7332    0.8276    0.0145    0.6839    0.8276    0.0162
    0.6325    0.8276    0.0177    0.5795    0.8276    0.0188
    0.5256    0.8276    0.0196    0.4713    0.8276    0.0198
    0.4175    0.8276    0.0195    0.3646    0.8276    0.0185
    0.3133    0.8276    0.0167    0.2642    0.8276    0.0141
    0.2180    0.8276    0.0107    0.1750    0.8276    0.0065
    0.1359    0.8276    0.0015    0.1011    0.8276   -0.0043
    0.0710    0.8276   -0.0107    0.0459    0.8276   -0.0176
    0.0262    0.8276   -0.0250    0.0121    0.8276   -0.0326
    0.0037    0.8276   -0.0405    0.0012    0.8276   -0.0485
    0.0045    0.8276   -0.0562    0.0136    0.8276   -0.0632
    0.0284    0.8276   -0.0694    0.0487    0.8276   -0.0748
    0.0743    0.8276   -0.0793    0.1049    0.8276   -0.0828
    0.1401    0.8276   -0.0852    0.1795    0.8276   -0.0864
    0.2227    0.8276   -0.0864    0.2691    0.8276   -0.0853
    0.3182    0.8276   -0.0831    0.3694    0.8276   -0.0799
    0.4221    0.8276   -0.0758    0.4758    0.8276   -0.0709
    0.5297    0.8276   -0.0654    0.5833    0.8276   -0.0595
    0.6359    0.8276   -0.0532    0.6870    0.8276   -0.0467
    0.7358    0.8276   -0.0402    0.7820    0.8276   -0.0339
    0.8248    0.8276   -0.0277    0.8639    0.8276   -0.0219
    0.8987    0.8276   -0.0165    0.9289    0.8276   -0.0117
    0.9541    0.8276   -0.0077    0.9740    0.8276   -0.0044
    0.9884    0.8276   -0.0020    0.9971    0.8276   -0.0005
    1.0000    0.8276    0.0000
    1.0000    0.9310    0.0000    0.9971    0.9310    0.0002
    0.9883    0.9310    0.0008    0.9737    0.9310    0.0018
    0.9536    0.9310    0.0032    0.9281    0.9310    0.0047
    0.8976    0.9310    0.0065    0.8624    0.9310    0.0085
    0.8230    0.9310    0.0104    0.7797    0.9310    0.0124
    0.7332    0.9310    0.0143    0.6839    0.9310    0.0159
    0.6325    0.9310    0.0174    0.5795    0.9310    0.0185
    0.5255    0.9310    0.0192    0.4713    0.9310    0.0194
    0.4175    0.9310    0.0190    0.3646    0.9310    0.0179
    0.3133    0.9310    0.0161    0.2642    0.9310    0.0135
    0.2180    0.9310    0.0101    0.1750    0.9310    0.0058
    0.1359    0.9310    0.0008    0.1011    0.9310   -0.0050
    0.0710    0.9310   -0.0114    0.0460    0.9310   -0.0184
    0.0263    0.9310   -0.0258    0.0121    0.9310   -0.0334
    0.0038    0.9310   -0.0413    0.0012    0.9310   -0.0493
    0.0045    0.9310   -0.0570    0.0136    0.9310   -0.0640
    0.0285    0.9310   -0.0702    0.0488    0.9310   -0.0756
    0.0744    0.9310   -0.0801    0.1050    0.9310   -0.0835
    0.1402    0.9310   -0.0858    0.1796    0.9310   -0.0870
    0.2228    0.9310   -0.0870    0.2691    0.9310   -0.0859
    0.3182    0.9310   -0.0837    0.3694    0.9310   -0.0804
    0.4222    0.9310   -0.0763    0.4758    0.9310   -0.0713
    0.5297    0.9310   -0.0658    0.5833    0.9310   -0.0598
    0.6360    0.9310   -0.0535    0.6870    0.9310   -0.0470
    0.7359    0.9310   -0.0405    0.7820    0.9310   -0.0340
    0.8249    0.9310   -0.0278    0.8639    0.9310   -0.0220
    0.8987    0.9310   -0.0166    0.9289    0.9310   -0.0118
    0.9541    0.9310   -0.0077    0.9740    0.9310   -0.0044
    0.9884    0.9310   -0.0020    0.9971    0.9310   -0.0005
    1.0000    0.9310    0.0000
    1.0000    1.0345    0.0000    0.9971    1.0345    0.0002
    0.9883    1.0345    0.0008    0.9737    1.0345    0.0018
    0.9536    1.0345    0.0031    0.9281    1.0345    0.0047
    0.8976    1.0345    0.0065    0.8624    1.0345    0.0084
    0.8230    1.0345    0.0103    0.7797    1.0345    0.0123
    0.7332    1.0345    0.0141    0.6839    1.0345    0.0157
    0.6324    1.0345    0.0171    0.5795    1.0345    0.0182
    0.5255    1.0345    0.0189    0.4713    1.0345    0.0190
    0.4175    1.0345    0.0186    0.3646    1.0345    0.0175
    0.3133    1.0345    0.0157    0.2642    1.0345    0.0131
    0.2180    1.0345    0.0096    0.1750    1.0345    0.0053
    0.1359    1.0345    0.0002    0.1011    1.0345   -0.0056
    0.0710    1.0345   -0.0120    0.0460    1.0345   -0.0190
    0.0263    1.0345   -0.0264    0.0122    1.0345   -0.0341
    0.0038    1.0345   -0.0419    0.0012    1.0345   -0.0499
    0.0046    1.0345   -0.0576    0.0137    1.0345   -0.0646
    0.0285    1.0345   -0.0709    0.0488    1.0345   -0.0762
    0.0744    1.0345   -0.0807    0.1050    1.0345   -0.0841
    0.1402    1.0345   -0.0864    0.1797    1.0345   -0.0876
    0.2228    1.0345   -0.0876    0.2692    1.0345   -0.0864
    0.3183    1.0345   -0.0841    0.3695    1.0345   -0.0808
    0.4222    1.0345   -0.0766    0.4759    1.0345   -0.0717
    0.5298    1.0345   -0.0661    0.5834    1.0345   -0.0601
    0.6360    1.0345   -0.0537    0.6870    1.0345   -0.0472
    0.7359    1.0345   -0.0406    0.7820    1.0345   -0.0342
    0.8249    1.0345   -0.0279    0.8639    1.0345   -0.0221
    0.8988    1.0345   -0.0167    0.9289    1.0345   -0.0118
    0.9541    1.0345   -0.0077    0.9740    1.0345   -0.0044
    0.9884    1.0345   -0.0020    0.9971    1.0345   -0.0005
    1.0000    1.0345    0.0000
    1.0000    1.1379    0.0000    0.9971    1.1379    0.0002
    0.9883    1.1379    0.0008    0.9737    1.1379    0.0018
    0.9536    1.1379    0.0031    0.9281    1.1379    0.0047
    0.8976    1.1379    0.0064    0.8624    1.1379    0.0083
    0.8230    1.1379    0.0102    0.7797    1.1379    0.0121
    0.7332    1.1379    0.0139    0.6839    1.1379    0.0156
    0.6324    1.1379    0.0169    0.5794    1.1379    0.0180
    0.5255    1.1379    0.0186    0.4713    1.1379    0.0187
    0.4174    1.1379    0.0183    0.3646    1.1379    0.0172
    0.3133    1.1379    0.0153    0.2642    1.1379    0.0126
    0.2179    1.1379    0.0092    0.1750    1.1379    0.0048
    0.1359    1.1379   -0.0003    0.1011    1.1379   -0.0061
    0.0710    1.1379   -0.0126    0.0460    1.1379   -0.0196
    0.0263    1.1379   -0.0270    0.0122    1.1379   -0.0346
    0.0038    1.1379   -0.0425    0.0013    1.1379   -0.0505
    0.0046    1.1379   -0.0582    0.0137    1.1379   -0.0652
    0.0285    1.1379   -0.0714    0.0489    1.1379   -0.0768
    0.0745    1.1379   -0.0812    0.1051    1.1379   -0.0846
    0.1403    1.1379   -0.0869    0.1797    1.1379   -0.0880
    0.2229    1.1379   -0.0880    0.2692    1.1379   -0.0868
    0.3183    1.1379   -0.0845    0.3695    1.1379   -0.0812
    0.4223    1.1379   -0.0770    0.4759    1.1379   -0.0720
    0.5298    1.1379   -0.0664    0.5834    1.1379   -0.0603
    0.6360    1.1379   -0.0539    0.6871    1.1379   -0.0474
    0.7359    1.1379   -0.0408    0.7820    1.1379   -0.0343
    0.8249    1.1379   -0.0280    0.8639    1.1379   -0.0221
    0.8988    1.1379   -0.0167    0.9289    1.1379   -0.0119
    0.9541    1.1379   -0.0078    0.9740    1.1379   -0.0044
    0.9884    1.1379   -0.0020    0.9971    1.1379   -0.0005
    1.0000    1.1379    0.0000
    1.0000    1.2414    0.0000    0.9971    1.2414    0.0002
    0.9883    1.2414    0.0008    0.9737    1.2414    0.0018
    0.9536    1.2414    0.0031    0.9281    1.2414    0.0046
    0.8976    1.2414    0.0064    0.8624    1.2414    0.0082
    0.8229    1.2414    0.0101    0.7797    1.2414    0.0120
    0.7332    1.2414    0.0138    0.6839    1.2414    0.0154
    0.6324    1.2414    0.0167    0.5794    1.2414    0.0178
    0.5255    1.2414    0.0184    0.4713    1.2414    0.0185
    0.4174    1.2414    0.0180    0.3645    1.2414    0.0169
    0.3133    1.2414    0.0150    0.2642    1.2414    0.0123
    0.2179    1.2414    0.0088    0.1750    1.2414    0.0044
    0.1359    1.2414   -0.0007    0.1011    1.2414   -0.0065
    0.0710    1.2414   -0.0130    0.0460    1.2414   -0.0200
    0.0263    1.2414   -0.0274    0.0122    1.2414   -0.0351
    0.0038    1.2414   -0.0430    0.0013    1.2414   -0.0510
    0.0046    1.2414   -0.0587    0.0138    1.2414   -0.0657
    0.0286    1.2414   -0.0719    0.0489    1.2414   -0.0772
    0.0745    1.2414   -0.0817    0.1051    1.2414   -0.0850
    0.1403    1.2414   -0.0873    0.1797    1.2414   -0.0884
    0.2229    1.2414   -0.0884    0.2693    1.2414   -0.0872
    0.3184    1.2414   -0.0848    0.3696    1.2414   -0.0815
    0.4223    1.2414   -0.0772    0.4759    1.2414   -0.0722
    0.5299    1.2414   -0.0666    0.5834    1.2414   -0.0605
    0.6360    1.2414   -0.0541    0.6871    1.2414   -0.0475
    0.7359    1.2414   -0.0409    0.7821    1.2414   -0.0344
    0.8249    1.2414   -0.0281    0.8640    1.2414   -0.0222
    0.8988    1.2414   -0.0168    0.9289    1.2414   -0.0119
    0.9541    1.2414   -0.0078    0.9740    1.2414   -0.0044
    0.9884    1.2414   -0.0020    0.9971    1.2414   -0.0005
    1.0000    1.2414    0.0000
    1.0000    1.3448    0.0000    0.9971    1.3448    0.0002
    0.9883    1.3448    0.0008    0.9737    1.3448    0.0018
    0.9536    1.3448    0.0030    0.9281    1.3448    0.0046
    0.8976    1.3448    0.0063    0.8624    1.3448    0.0082
    0.8229    1.3448    0.0101    0.7797    1.3448    0.0119
    0.7331    1.3448    0.0137    0.6839    1.3448    0.0153
    0.6324    1.3448    0.0166    0.5794    1.3448    0.0176
    0.5255    1.3448    0.0182    0.4713    1.3448    0.0182
    0.4174    1.3448    0.0177    0.3645    1.3448    0.0166
    0.3133    1.3448    0.0146    0.2642    1.3448    0.0119
    0.2179    1.3448    0.0084    0.1750    1.3448    0.0040
    0.1359    1.3448   -0.0011    0.1011    1.3448   -0.0070
    0.0710    1.3448   -0.0135    0.0460    1.3448   -0.0205
    0.0263    1.3448   -0.0279    0.0122    1.3448   -0.0356
    0.0038    1.3448   -0.0435    0.0013    1.3448   -0.0515
    0.0047    1.3448   -0.0591    0.0138    1.3448   -0.0661
    0.0286    1.3448   -0.0723    0.0489    1.3448   -0.0777
    0.0746    1.3448   -0.0821    0.1052    1.3448   -0.0855
    0.1404    1.3448   -0.0877    0.1798    1.3448   -0.0888
    0.2229    1.3448   -0.0887    0.2693    1.3448   -0.0875
    0.3184    1.3448   -0.0851    0.3696    1.3448   -0.0818
    0.4223    1.3448   -0.0775    0.4760    1.3448   -0.0725
    0.5299    1.3448   -0.0668    0.5835    1.3448   -0.0607
    0.6361    1.3448   -0.0543    0.6871    1.3448   -0.0477
    0.7360    1.3448   -0.0410    0.7821    1.3448   -0.0345
    0.8249    1.3448   -0.0282    0.8640    1.3448   -0.0223
    0.8988    1.3448   -0.0168    0.9289    1.3448   -0.0120
    0.9541    1.3448   -0.0078    0.9740    1.3448   -0.0045
    0.9884    1.3448   -0.0020    0.9971    1.3448   -0.0005
    1.0000    1.3448    0.0000
    1.0000    1.4483    0.0000    0.9971    1.4483    0.0002
    0.9883    1.4483    0.0008    0.9737    1.4483    0.0018
    0.9536    1.4483    0.0030    0.9281    1.4483    0.0046
    0.8976    1.4483    0.0063    0.8624    1.4483    0.0081
    0.8229    1.4483    0.0100    0.7797    1.4483    0.0118
    0.7331    1.4483    0.0136    0.6839    1.4483    0.0151
    0.6324    1.4483    0.0164    0.5794    1.4483    0.0174
    0.5255    1.4483    0.0179    0.4713    1.4483    0.0180
    0.4174    1.4483    0.0175    0.3645    1.4483    0.0163
    0.3133    1.4483    0.0143    0.2642    1.4483    0.0116
    0.2179    1.4483    0.0080    0.1750    1.4483    0.0037
    0.1359    1.4483   -0.0015    0.1011    1.4483   -0.0074
    0.0710    1.4483   -0.0139    0.0460    1.4483   -0.0209
    0.0263    1.4483   -0.0283    0.0122    1.4483   -0.0360
    0.0039    1.4483   -0.0439    0.0013    1.4483   -0.0519
    0.0047    1.4483   -0.0596    0.0138    1.4483   -0.0666
    0.0286    1.4483   -0.0728    0.0490    1.4483   -0.0781
    0.0746    1.4483   -0.0825    0.1052    1.4483   -0.0859
    0.1404    1.4483   -0.0881    0.1798    1.4483   -0.0892
    0.2230    1.4483   -0.0891    0.2694    1.4483   -0.0878
    0.3184    1.4483   -0.0855    0.3696    1.4483   -0.0821
    0.4224    1.4483   -0.0778    0.4760    1.4483   -0.0727
    0.5299    1.4483   -0.0670    0.5835    1.4483   -0.0609
    0.6361    1.4483   -0.0544    0.6871    1.4483   -0.0478
    0.7360    1.4483   -0.0411    0.7821    1.4483   -0.0346
    0.8249    1.4483   -0.0283    0.8640    1.4483   -0.0223
    0.8988    1.4483   -0.0169    0.9290    1.4483   -0.0120
    0.9541    1.4483   -0.0078    0.9740    1.4483   -0.0045
    0.9884    1.4483   -0.0020    0.9971    1.4483   -0.0005
    1.0000    1.4483    0.0000
    1.0000    1.5517    0.0000    0.9971    1.5517    0.0002
    0.9883    1.5517    0.0008    0.9737    1.5517    0.0017
    0.9536    1.5517    0.0030    0.9281    1.5517    0.0045
    0.8976    1.5517    0.0062    0.8624    1.5517    0.0080
    0.8229    1.5517    0.0099    0.7797    1.5517    0.0117
    0.7331    1.5517    0.0134    0.6839    1.5517    0.0150
    0.6324    1.5517    0.0162    0.5794    1.5517    0.0172
    0.5255    1.5517    0.0177    0.4713    1.5517    0.0177
    0.4174    1.5517    0.0172    0.3645    1.5517    0.0160
    0.3133    1.5517    0.0140    0.2642    1.5517    0.0112
    0.2179    1.5517    0.0077    0.1750    1.5517    0.0033
    0.1359    1.5517   -0.0019    0.1011    1.5517   -0.0078
    0.0710    1.5517   -0.0143    0.0460    1.5517   -0.0214
    0.0263    1.5517   -0.0288    0.0122    1.5517   -0.0365
    0.0039    1.5517   -0.0444    0.0014    1.5517   -0.0524
    0.0047    1.5517   -0.0601    0.0138    1.5517   -0.0670
    0.0287    1.5517   -0.0732    0.0490    1.5517   -0.0786
    0.0746    1.5517   -0.0829    0.1052    1.5517   -0.0863
    0.1405    1.5517   -0.0885    0.1799    1.5517   -0.0896
    0.2230    1.5517   -0.0895    0.2694    1.5517   -0.0882
    0.3185    1.5517   -0.0858    0.3697    1.5517   -0.0824
    0.4224    1.5517   -0.0781    0.4760    1.5517   -0.0730
    0.5299    1.5517   -0.0673    0.5835    1.5517   -0.0611
    0.6361    1.5517   -0.0546    0.6872    1.5517   -0.0480
    0.7360    1.5517   -0.0413    0.7821    1.5517   -0.0347
    0.8249    1.5517   -0.0284    0.8640    1.5517   -0.0224
    0.8988    1.5517   -0.0169    0.9290    1.5517   -0.0120
    0.9541    1.5517   -0.0078    0.9740    1.5517   -0.0045
    0.9884    1.5517   -0.0020    0.9971    1.5517   -0.0005
    1.0000    1.5517    0.0000
    1.0000    1.6552    0.0000    0.9971    1.6552    0.0002
    0.9883    1.6552    0.0008    0.9737    1.6552    0.0017
    0.9536    1.6552    0.0030    0.9281    1.6552    0.0045
    0.8976    1.6552    0.0062    0.8624    1.6552    0.0080
    0.8229    1.6552    0.0098    0.7797    1.6552    0.0116
    0.7331    1.6552    0.0133    0.6838    1.6552    0.0148
    0.6324    1.6552    0.0160    0.5794    1.6552    0.0170
    0.5255    1.6552    0.0175    0.4713    1.6552    0.0175
    0.4174    1.6552    0.0169    0.3645    1.6552    0.0156
    0.3132    1.6552    0.0137    0.2642    1.6552    0.0109
    0.2179    1.6552    0.0073    0.1750    1.6552    0.0029
    0.1359    1.6552   -0.0023    0.1011    1.6552   -0.0083
    0.0711    1.6552   -0.0148    0.0460    1.6552   -0.0219
    0.0264    1.6552   -0.0293    0.0123    1.6552   -0.0370
    0.0039    1.6552   -0.0449    0.0014    1.6552   -0.0529
    0.0047    1.6552   -0.0606    0.0139    1.6552   -0.0676
    0.0287    1.6552   -0.0737    0.0491    1.6552   -0.0791
    0.0747    1.6552   -0.0834    0.1053    1.6552   -0.0867
    0.1405    1.6552   -0.0890    0.1799    1.6552   -0.0900
    0.2231    1.6552   -0.0899    0.2695    1.6552   -0.0885
    0.3185    1.6552   -0.0861    0.3697    1.6552   -0.0827
    0.4224    1.6552   -0.0783    0.4761    1.6552   -0.0732
    0.5300    1.6552   -0.0675    0.5836    1.6552   -0.0613
    0.6362    1.6552   -0.0548    0.6872    1.6552   -0.0481
    0.7360    1.6552   -0.0414    0.7821    1.6552   -0.0348
    0.8250    1.6552   -0.0285    0.8640    1.6552   -0.0225
    0.8988    1.6552   -0.0170    0.9290    1.6552   -0.0121
    0.9541    1.6552   -0.0079    0.9740    1.6552   -0.0045
    0.9884    1.6552   -0.0020    0.9971    1.6552   -0.0005
    1.0000    1.6552    0.0000
    1.0000    1.7586    0.0000    0.9971    1.7586    0.0002
    0.9883    1.7586    0.0008    0.9737    1.7586    0.0017
    0.9536    1.7586    0.0030    0.9281    1.7586    0.0044
    0.8976    1.7586    0.0061    0.8624    1.7586    0.0079
    0.8229    1.7586    0.0097    0.7797    1.7586    0.0115
    0.7331    1.7586    0.0131    0.6838    1.7586    0.0146
    0.6324    1.7586    0.0158    0.5794    1.7586    0.0167
    0.5255    1.7586    0.0172    0.4713    1.7586    0.0172
    0.4174    1.7586    0.0166    0.3645    1.7586    0.0153
    0.3132    1.7586    0.0133    0.2642    1.7586    0.0105
    0.2179    1.7586    0.0068    0.1750    1.7586    0.0024
    0.1359    1.7586   -0.0028    0.1011    1.7586   -0.0088
    0.0711    1.7586   -0.0153    0.0460    1.7586   -0.0224
    0.0264    1.7586   -0.0298    0.0123    1.7586   -0.0376
    0.0039    1.7586   -0.0455    0.0014    1.7586   -0.0535
    0.0048    1.7586   -0.0611    0.0139    1.7586   -0.0681
    0.0288    1.7586   -0.0743    0.0491    1.7586   -0.0796
    0.0747    1.7586   -0.0839    0.1053    1.7586   -0.0873
    0.1406    1.7586   -0.0894    0.1800    1.7586   -0.0905
    0.2231    1.7586   -0.0903    0.2695    1.7586   -0.0890
    0.3186    1.7586   -0.0865    0.3698    1.7586   -0.0830
    0.4225    1.7586   -0.0787    0.4761    1.7586   -0.0735
    0.5300    1.7586   -0.0678    0.5836    1.7586   -0.0615
    0.6362    1.7586   -0.0550    0.6872    1.7586   -0.0483
    0.7360    1.7586   -0.0416    0.7821    1.7586   -0.0349
    0.8250    1.7586   -0.0286    0.8640    1.7586   -0.0225
    0.8988    1.7586   -0.0170    0.9290    1.7586   -0.0121
    0.9541    1.7586   -0.0079    0.9740    1.7586   -0.0045
    0.9884    1.7586   -0.0020    0.9971    1.7586   -0.0005
    1.0000    1.7586    0.0000
    1.0000    1.8621    0.0000    0.9971    1.8621    0.0002
    0.9883    1.8621    0.0008    0.9737    1.8621    0.0017
    0.9536    1.8621    0.0029    0.9281    1.8621    0.0044
    0.8976    1.8621    0.0061    0.8624    1.8621    0.0078
    0.8229    1.8621    0.0096    0.7797    1.8621    0.0113
    0.7331    1.8621    0.0130    0.6838    1.8621    0.0144
    0.6324    1.8621    0.0156    0.5794    1.8621    0.0165
    0.5255    1.8621    0.0169    0.4712    1.8621    0.0168
    0.4174    1.8621    0.0162    0.3645    1.8621    0.0149
    0.3132    1.8621    0.0128    0.2642    1.8621    0.0100
    0.2179    1.8621    0.0063    0.1750    1.8621    0.0019
    0.1359    1.8621   -0.0034    0.1011    1.8621   -0.0093
    0.0711    1.8621   -0.0159    0.0461    1.8621   -0.0230
    0.0264    1.8621   -0.0305    0.0123    1.8621   -0.0382
    0.0040    1.8621   -0.0461    0.0015    1.8621   -0.0541
    0.0048    1.8621   -0.0618    0.0140    1.8621   -0.0687
    0.0288    1.8621   -0.0749    0.0492    1.8621   -0.0802
    0.0748    1.8621   -0.0845    0.1054    1.8621   -0.0878
    0.1406    1.8621   -0.0900    0.1800    1.8621   -0.0910
    0.2232    1.8621   -0.0908    0.2696    1.8621   -0.0894
    0.3186    1.8621   -0.0869    0.3698    1.8621   -0.0834
    0.4225    1.8621   -0.0790    0.4762    1.8621   -0.0739
    0.5301    1.8621   -0.0681    0.5836    1.8621   -0.0618
    0.6362    1.8621   -0.0552    0.6872    1.8621   -0.0485
    0.7361    1.8621   -0.0417    0.7822    1.8621   -0.0351
    0.8250    1.8621   -0.0287    0.8640    1.8621   -0.0226
    0.8988    1.8621   -0.0171    0.9290    1.8621   -0.0121
    0.9541    1.8621   -0.0079    0.9740    1.8621   -0.0045
    0.9884    1.8621   -0.0020    0.9971    1.8621   -0.0005
    1.0000    1.8621    0.0000
    1.0000    1.9655    0.0000    0.9971    1.9655    0.0002
    0.9883    1.9655    0.0008    0.9737    1.9655    0.0017
    0.9536    1.9655    0.0029    0.9281    1.9655    0.0044
    0.8976    1.9655    0.0060    0.8624    1.9655    0.0077
    0.8229    1.9655    0.0095    0.7796    1.9655    0.0112
    0.7331    1.9655    0.0128    0.6838    1.9655    0.0142
    0.6324    1.9655    0.0153    0.5794    1.9655    0.0162
    0.5254    1.9655    0.0166    0.4712    1.9655    0.0165
    0.4174    1.9655    0.0158    0.3645    1.9655    0.0144
    0.3132    1.9655    0.0123    0.2642    1.9655    0.0095
    0.2179    1.9655    0.0058    0.1750    1.9655    0.0013
    0.1359    1.9655   -0.0040    0.1011    1.9655   -0.0100
    0.0711    1.9655   -0.0166    0.0461    1.9655   -0.0237
    0.0264    1.9655   -0.0312    0.0123    1.9655   -0.0389
    0.0040    1.9655   -0.0468    0.0015    1.9655   -0.0548
    0.0049    1.9655   -0.0625    0.0140    1.9655   -0.0694
    0.0289    1.9655   -0.0756    0.0492    1.9655   -0.0809
    0.0748    1.9655   -0.0852    0.1055    1.9655   -0.0885
    0.1407    1.9655   -0.0906    0.1801    1.9655   -0.0916
    0.2232    1.9655   -0.0913    0.2696    1.9655   -0.0899
    0.3187    1.9655   -0.0874    0.3699    1.9655   -0.0839
    0.4226    1.9655   -0.0795    0.4762    1.9655   -0.0742
    0.5301    1.9655   -0.0684    0.5837    1.9655   -0.0621
    0.6363    1.9655   -0.0555    0.6873    1.9655   -0.0487
    0.7361    1.9655   -0.0419    0.7822    1.9655   -0.0352
    0.8250    1.9655   -0.0288    0.8640    1.9655   -0.0227
    0.8988    1.9655   -0.0172    0.9290    1.9655   -0.0122
    0.9542    1.9655   -0.0080    0.9740    1.9655   -0.0045
    0.9884    1.9655   -0.0020    0.9971    1.9655   -0.0005
    1.0000    1.9655    0.0000
    1.0000    2.0690    0.0000    0.9971    2.0690    0.0002
    0.9883    2.0690    0.0008    0.9737    2.0690    0.0017
    0.9536    2.0690    0.0029    0.9281    2.0690    0.0043
    0.8976    2.0690    0.0059    0.8624    2.0690    0.0076
    0.8229    2.0690    0.0093    0.7796    2.0690    0.0110
    0.7331    2.0690    0.0126    0.6838    2.0690    0.0139
    0.6324    2.0690    0.0150    0.5794    2.0690    0.0158
    0.5254    2.0690    0.0162    0.4712    2.0690    0.0160
    0.4174    2.0690    0.0153    0.3645    2.0690    0.0139
    0.3132    2.0690    0.0118    0.2642    2.0690    0.0089
    0.2179    2.0690    0.0051    0.1750    2.0690    0.0006
    0.1359    2.0690   -0.0047    0.1012    2.0690   -0.0107
    0.0711    2.0690   -0.0173    0.0461    2.0690   -0.0244
    0.0264    2.0690   -0.0319    0.0124    2.0690   -0.0397
    0.0040    2.0690   -0.0476    0.0015    2.0690   -0.0556
    0.0049    2.0690   -0.0633    0.0141    2.0690   -0.0702
    0.0289    2.0690   -0.0764    0.0493    2.0690   -0.0816
    0.0749    2.0690   -0.0859    0.1055    2.0690   -0.0892
    0.1407    2.0690   -0.0913    0.1802    2.0690   -0.0922
    0.2233    2.0690   -0.0920    0.2697    2.0690   -0.0905
    0.3188    2.0690   -0.0880    0.3700    2.0690   -0.0844
    0.4227    2.0690   -0.0799    0.4763    2.0690   -0.0747
    0.5302    2.0690   -0.0688    0.5837    2.0690   -0.0624
    0.6363    2.0690   -0.0558    0.6873    2.0690   -0.0490
    0.7361    2.0690   -0.0421    0.7822    2.0690   -0.0354
    0.8250    2.0690   -0.0289    0.8641    2.0690   -0.0228
    0.8988    2.0690   -0.0172    0.9290    2.0690   -0.0123
    0.9542    2.0690   -0.0080    0.9740    2.0690   -0.0046
    0.9884    2.0690   -0.0021    0.9971    2.0690   -0.0005
    1.0000    2.0690    0.0000
    1.0000    2.1724    0.0000    0.9971    2.1724    0.0002
    0.9882    2.1724    0.0007    0.9737    2.1724    0.0016
    0.9536    2.1724    0.0028    0.9281    2.1724    0.0042
    0.8976    2.1724    0.0058    0.8624    2.1724    0.0075
    0.8229    2.1724    0.0092    0.7796    2.1724    0.0108
    0.7331    2.1724    0.0123    0.6838    2.1724    0.0136
    0.6323    2.1724    0.0147    0.5793    2.1724    0.0154
    0.5254    2.1724    0.0157    0.4712    2.1724    0.0156
    0.4173    2.1724    0.0148    0.3645    2.1724    0.0133
    0.3132    2.1724    0.0112    0.2642    2.1724    0.0082
    0.2179    2.1724    0.0044    0.1750    2.1724   -0.0001
    0.1359    2.1724   -0.0055    0.1012    2.1724   -0.0115
    0.0711    2.1724   -0.0182    0.0461    2.1724   -0.0253
    0.0265    2.1724   -0.0328    0.0124    2.1724   -0.0406
    0.0041    2.1724   -0.0485    0.0016    2.1724   -0.0565
    0.0050    2.1724   -0.0642    0.0141    2.1724   -0.0711
    0.0290    2.1724   -0.0773    0.0494    2.1724   -0.0825
    0.0750    2.1724   -0.0868    0.1056    2.1724   -0.0900
    0.1408    2.1724   -0.0921    0.1803    2.1724   -0.0930
    0.2234    2.1724   -0.0927    0.2698    2.1724   -0.0912
    0.3189    2.1724   -0.0886    0.3700    2.1724   -0.0850
    0.4227    2.1724   -0.0804    0.4763    2.1724   -0.0751
    0.5302    2.1724   -0.0692    0.5838    2.1724   -0.0628
    0.6364    2.1724   -0.0561    0.6874    2.1724   -0.0493
    0.7362    2.1724   -0.0424    0.7823    2.1724   -0.0356
    0.8251    2.1724   -0.0291    0.8641    2.1724   -0.0230
    0.8989    2.1724   -0.0173    0.9290    2.1724   -0.0123
    0.9542    2.1724   -0.0080    0.9740    2.1724   -0.0046
    0.9884    2.1724   -0.0021    0.9971    2.1724   -0.0005
    1.0000    2.1724    0.0000
    1.0000    2.2759    0.0000    0.9971    2.2759    0.0002
    0.9882    2.2759    0.0007    0.9737    2.2759    0.0016
    0.9536    2.2759    0.0028    0.9281    2.2759    0.0042
    0.8975    2.2759    0.0057    0.8623    2.2759    0.0073
    0.8229    2.2759    0.0090    0.7796    2.2759    0.0106
    0.7331    2.2759    0.0120    0.6838    2.2759    0.0133
    0.6323    2.2759    0.0143    0.5793    2.2759    0.0150
    0.5254    2.2759    0.0153    0.4712    2.2759    0.0150
    0.4173    2.2759    0.0142    0.3645    2.2759    0.0127
    0.3132    2.2759    0.0104    0.2641    2.2759    0.0074
    0.2179    2.2759    0.0036    0.1750    2.2759   -0.0010
    0.1359    2.2759   -0.0064    0.1012    2.2759   -0.0125
    0.0711    2.2759   -0.0191    0.0461    2.2759   -0.0263
    0.0265    2.2759   -0.0338    0.0124    2.2759   -0.0416
    0.0041    2.2759   -0.0496    0.0017    2.2759   -0.0576
    0.0050    2.2759   -0.0652    0.0142    2.2759   -0.0722
    0.0291    2.2759   -0.0783    0.0494    2.2759   -0.0835
    0.0751    2.2759   -0.0877    0.1057    2.2759   -0.0909
    0.1409    2.2759   -0.0930    0.1803    2.2759   -0.0938
    0.2235    2.2759   -0.0935    0.2699    2.2759   -0.0920
    0.3189    2.2759   -0.0893    0.3701    2.2759   -0.0856
    0.4228    2.2759   -0.0810    0.4764    2.2759   -0.0757
    0.5303    2.2759   -0.0697    0.5838    2.2759   -0.0633
    0.6364    2.2759   -0.0565    0.6874    2.2759   -0.0496
    0.7362    2.2759   -0.0426    0.7823    2.2759   -0.0358
    0.8251    2.2759   -0.0293    0.8641    2.2759   -0.0231
    0.8989    2.2759   -0.0174    0.9290    2.2759   -0.0124
    0.9542    2.2759   -0.0081    0.9740    2.2759   -0.0046
    0.9884    2.2759   -0.0021    0.9971    2.2759   -0.0005
    1.0000    2.2759    0.0000
    1.0000    2.3793    0.0000    0.9971    2.3793    0.0002
    0.9882    2.3793    0.0007    0.9737    2.3793    0.0016
    0.9535    2.3793    0.0027    0.9281    2.3793    0.0041
    0.8975    2.3793    0.0056    0.8623    2.3793    0.0072
    0.8229    2.3793    0.0088    0.7796    2.3793    0.0103
    0.7331    2.3793    0.0117    0.6838    2.3793    0.0129
    0.6323    2.3793    0.0139    0.5793    2.3793    0.0145
    0.5254    2.3793    0.0147    0.4712    2.3793    0.0144
    0.4173    2.3793    0.0135    0.3644    2.3793    0.0119
    0.3132    2.3793    0.0096    0.2641    2.3793    0.0066
    0.2179    2.3793    0.0027    0.1750    2.3793   -0.0020
    0.1359    2.3793   -0.0074    0.1012    2.3793   -0.0135
    0.0712    2.3793   -0.0202    0.0462    2.3793   -0.0274
    0.0265    2.3793   -0.0350    0.0125    2.3793   -0.0428
    0.0042    2.3793   -0.0507    0.0017    2.3793   -0.0587
    0.0051    2.3793   -0.0664    0.0143    2.3793   -0.0733
    0.0292    2.3793   -0.0794    0.0495    2.3793   -0.0846
    0.0752    2.3793   -0.0888    0.1058    2.3793   -0.0920
    0.1410    2.3793   -0.0940    0.1805    2.3793   -0.0948
    0.2236    2.3793   -0.0944    0.2700    2.3793   -0.0928
    0.3190    2.3793   -0.0901    0.3702    2.3793   -0.0864
    0.4229    2.3793   -0.0817    0.4765    2.3793   -0.0763
    0.5304    2.3793   -0.0703    0.5839    2.3793   -0.0637
    0.6365    2.3793   -0.0569    0.6875    2.3793   -0.0499
    0.7363    2.3793   -0.0430    0.7823    2.3793   -0.0361
    0.8251    2.3793   -0.0295    0.8641    2.3793   -0.0233
    0.8989    2.3793   -0.0176    0.9290    2.3793   -0.0125
    0.9542    2.3793   -0.0081    0.9741    2.3793   -0.0046
    0.9884    2.3793   -0.0021    0.9971    2.3793   -0.0005
    1.0000    2.3793    0.0000
    1.0000    2.4828    0.0000    0.9971    2.4828    0.0002
    0.9882    2.4828    0.0007    0.9737    2.4828    0.0015
    0.9535    2.4828    0.0026    0.9281    2.4828    0.0040
    0.8975    2.4828    0.0054    0.8623    2.4828    0.0070
    0.8229    2.4828    0.0085    0.7796    2.4828    0.0100
    0.7330    2.4828    0.0114    0.6837    2.4828    0.0125
    0.6323    2.4828    0.0134    0.5793    2.4828    0.0140
    0.5254    2.4828    0.0141    0.4712    2.4828    0.0137
    0.4173    2.4828    0.0127    0.3644    2.4828    0.0111
    0.3132    2.4828    0.0087    0.2641    2.4828    0.0056
    0.2179    2.4828    0.0017    0.1750    2.4828   -0.0031
    0.1360    2.4828   -0.0085    0.1012    2.4828   -0.0147
    0.0712    2.4828   -0.0215    0.0462    2.4828   -0.0287
    0.0266    2.4828   -0.0363    0.0126    2.4828   -0.0441
    0.0043    2.4828   -0.0520    0.0018    2.4828   -0.0601
    0.0052    2.4828   -0.0677    0.0144    2.4828   -0.0746
    0.0293    2.4828   -0.0807    0.0497    2.4828   -0.0859
    0.0753    2.4828   -0.0901    0.1059    2.4828   -0.0932
    0.1412    2.4828   -0.0951    0.1806    2.4828   -0.0959
    0.2237    2.4828   -0.0954    0.2701    2.4828   -0.0938
    0.3192    2.4828   -0.0910    0.3703    2.4828   -0.0872
    0.4230    2.4828   -0.0825    0.4766    2.4828   -0.0770
    0.5305    2.4828   -0.0709    0.5840    2.4828   -0.0643
    0.6366    2.4828   -0.0574    0.6875    2.4828   -0.0504
    0.7363    2.4828   -0.0433    0.7824    2.4828   -0.0364
    0.8252    2.4828   -0.0297    0.8642    2.4828   -0.0234
    0.8989    2.4828   -0.0177    0.9291    2.4828   -0.0126
    0.9542    2.4828   -0.0082    0.9741    2.4828   -0.0047
    0.9884    2.4828   -0.0021    0.9971    2.4828   -0.0005
    1.0000    2.4828    0.0000
    1.0000    2.5862    0.0000    0.9971    2.5862    0.0002
    0.9882    2.5862    0.0007    0.9737    2.5862    0.0015
    0.9535    2.5862    0.0026    0.9281    2.5862    0.0039
    0.8975    2.5862    0.0053    0.8623    2.5862    0.0068
    0.8228    2.5862    0.0083    0.7796    2.5862    0.0097
    0.7330    2.5862    0.0110    0.6837    2.5862    0.0121
    0.6323    2.5862    0.0129    0.5793    2.5862    0.0133
    0.5253    2.5862    0.0134    0.4711    2.5862    0.0129
    0.4173    2.5862    0.0119    0.3644    2.5862    0.0101
    0.3132    2.5862    0.0077    0.2641    2.5862    0.0045
    0.2179    2.5862    0.0005    0.1750    2.5862   -0.0043
    0.1360    2.5862   -0.0098    0.1012    2.5862   -0.0160
    0.0712    2.5862   -0.0228    0.0463    2.5862   -0.0301
    0.0266    2.5862   -0.0377    0.0126    2.5862   -0.0456
    0.0043    2.5862   -0.0535    0.0019    2.5862   -0.0615
    0.0053    2.5862   -0.0692    0.0145    2.5862   -0.0761
    0.0294    2.5862   -0.0821    0.0498    2.5862   -0.0873
    0.0754    2.5862   -0.0914    0.1061    2.5862   -0.0945
    0.1413    2.5862   -0.0964    0.1807    2.5862   -0.0971
    0.2239    2.5862   -0.0966    0.2703    2.5862   -0.0949
    0.3193    2.5862   -0.0920    0.3705    2.5862   -0.0881
    0.4231    2.5862   -0.0833    0.4767    2.5862   -0.0778
    0.5306    2.5862   -0.0716    0.5841    2.5862   -0.0649
    0.6366    2.5862   -0.0579    0.6876    2.5862   -0.0508
    0.7364    2.5862   -0.0437    0.7824    2.5862   -0.0367
    0.8252    2.5862   -0.0300    0.8642    2.5862   -0.0236
    0.8990    2.5862   -0.0178    0.9291    2.5862   -0.0127
    0.9542    2.5862   -0.0083    0.9741    2.5862   -0.0047
    0.9884    2.5862   -0.0021    0.9971    2.5862   -0.0005
    1.0000    2.5862    0.0000
    1.0000    2.6897    0.0000    0.9971    2.6897    0.0002
    0.9882    2.6897    0.0007    0.9737    2.6897    0.0015
    0.9535    2.6897    0.0025    0.9280    2.6897    0.0037
    0.8975    2.6897    0.0051    0.8623    2.6897    0.0066
    0.8228    2.6897    0.0080    0.7796    2.6897    0.0093
    0.7330    2.6897    0.0105    0.6837    2.6897    0.0115
    0.6323    2.6897    0.0123    0.5793    2.6897    0.0126
    0.5253    2.6897    0.0126    0.4711    2.6897    0.0120
    0.4173    2.6897    0.0109    0.3644    2.6897    0.0091
    0.3131    2.6897    0.0066    0.2641    2.6897    0.0033
    0.2179    2.6897   -0.0008    0.1750    2.6897   -0.0057
    0.1360    2.6897   -0.0113    0.1013    2.6897   -0.0175
    0.0713    2.6897   -0.0244    0.0463    2.6897   -0.0317
    0.0267    2.6897   -0.0393    0.0127    2.6897   -0.0472
    0.0044    2.6897   -0.0552    0.0020    2.6897   -0.0632
    0.0054    2.6897   -0.0708    0.0146    2.6897   -0.0777
    0.0295    2.6897   -0.0837    0.0499    2.6897   -0.0888
    0.0756    2.6897   -0.0930    0.1062    2.6897   -0.0960
    0.1415    2.6897   -0.0978    0.1809    2.6897   -0.0984
    0.2240    2.6897   -0.0979    0.2704    2.6897   -0.0961
    0.3195    2.6897   -0.0931    0.3706    2.6897   -0.0892
    0.4233    2.6897   -0.0843    0.4769    2.6897   -0.0786
    0.5307    2.6897   -0.0723    0.5842    2.6897   -0.0656
    0.6367    2.6897   -0.0585    0.6877    2.6897   -0.0513
    0.7365    2.6897   -0.0441    0.7825    2.6897   -0.0371
    0.8253    2.6897   -0.0303    0.8642    2.6897   -0.0239
    0.8990    2.6897   -0.0180    0.9291    2.6897   -0.0128
    0.9542    2.6897   -0.0083    0.9741    2.6897   -0.0048
    0.9884    2.6897   -0.0021    0.9971    2.6897   -0.0005
    1.0000    2.6897    0.0000
    1.0000    2.7931    0.0000    0.9971    2.7931    0.0002
    0.9882    2.7931    0.0006    0.9737    2.7931    0.0014
    0.9535    2.7931    0.0024    0.9280    2.7931    0.0036
    0.8975    2.7931    0.0049    0.8623    2.7931    0.0063
    0.8228    2.7931    0.0077    0.7795    2.7931    0.0089
    0.7330    2.7931    0.0100    0.6837    2.7931    0.0110
    0.6322    2.7931    0.0116    0.5792    2.7931    0.0119
    0.5253    2.7931    0.0117    0.4711    2.7931    0.0111
    0.4172    2.7931    0.0098    0.3644    2.7931    0.0079
    0.3131    2.7931    0.0053    0.2641    2.7931    0.0019
    0.2179    2.7931   -0.0022    0.1750    2.7931   -0.0072
    0.1360    2.7931   -0.0128    0.1013    2.7931   -0.0192
    0.0713    2.7931   -0.0261    0.0464    2.7931   -0.0334
    0.0268    2.7931   -0.0411    0.0128    2.7931   -0.0490
    0.0045    2.7931   -0.0570    0.0021    2.7931   -0.0650
    0.0056    2.7931   -0.0727    0.0148    2.7931   -0.0795
    0.0297    2.7931   -0.0855    0.0501    2.7931   -0.0906
    0.0758    2.7931   -0.0947    0.1064    2.7931   -0.0976
    0.1416    2.7931   -0.0994    0.1811    2.7931   -0.1000
    0.2242    2.7931   -0.0993    0.2706    2.7931   -0.0974
    0.3196    2.7931   -0.0944    0.3708    2.7931   -0.0903
    0.4234    2.7931   -0.0854    0.4770    2.7931   -0.0796
    0.5308    2.7931   -0.0732    0.5843    2.7931   -0.0664
    0.6368    2.7931   -0.0592    0.6878    2.7931   -0.0519
    0.7365    2.7931   -0.0446    0.7826    2.7931   -0.0375
    0.8253    2.7931   -0.0306    0.8643    2.7931   -0.0241
    0.8990    2.7931   -0.0182    0.9291    2.7931   -0.0129
    0.9542    2.7931   -0.0084    0.9741    2.7931   -0.0048
    0.9884    2.7931   -0.0022    0.9971    2.7931   -0.0005
    1.0000    2.7931    0.0000
    1.0000    2.8966    0.0000    0.9971    2.8966    0.0002
    0.9882    2.8966    0.0006    0.9737    2.8966    0.0014
    0.9535    2.8966    0.0023    0.9280    2.8966    0.0035
    0.8975    2.8966    0.0047    0.8623    2.8966    0.0060
    0.8228    2.8966    0.0073    0.7795    2.8966    0.0085
    0.7330    2.8966    0.0095    0.6837    2.8966    0.0103
    0.6322    2.8966    0.0108    0.5792    2.8966    0.0110
    0.5253    2.8966    0.0107    0.4711    2.8966    0.0100
    0.4172    2.8966    0.0086    0.3644    2.8966    0.0066
    0.3131    2.8966    0.0039    0.2641    2.8966    0.0004
    0.2179    2.8966   -0.0038    0.1750    2.8966   -0.0089
    0.1360    2.8966   -0.0146    0.1013    2.8966   -0.0210
    0.0714    2.8966   -0.0280    0.0464    2.8966   -0.0354
    0.0269    2.8966   -0.0431    0.0129    2.8966   -0.0510
    0.0046    2.8966   -0.0590    0.0023    2.8966   -0.0671
    0.0057    2.8966   -0.0747    0.0149    2.8966   -0.0815
    0.0299    2.8966   -0.0875    0.0503    2.8966   -0.0925
    0.0760    2.8966   -0.0965    0.1066    2.8966   -0.0994
    0.1419    2.8966   -0.1011    0.1813    2.8966   -0.1016
    0.2244    2.8966   -0.1009    0.2708    2.8966   -0.0989
    0.3198    2.8966   -0.0958    0.3710    2.8966   -0.0916
    0.4236    2.8966   -0.0865    0.4772    2.8966   -0.0807
    0.5310    2.8966   -0.0742    0.5845    2.8966   -0.0672
    0.6370    2.8966   -0.0600    0.6879    2.8966   -0.0525
    0.7366    2.8966   -0.0452    0.7826    2.8966   -0.0379
    0.8254    2.8966   -0.0309    0.8643    2.8966   -0.0244
    0.8991    2.8966   -0.0184    0.9291    2.8966   -0.0131
    0.9543    2.8966   -0.0085    0.9741    2.8966   -0.0049
    0.9884    2.8966   -0.0022    0.9971    2.8966   -0.0006
    1.0000    2.8966    0.0000
    1.0000    3.0000    0.0000    0.9971    3.0000    0.0002
    0.9882    3.0000    0.0006    0.9737    3.0000    0.0013
    0.9535    3.0000    0.0022    0.9280    3.0000    0.0033
    0.8975    3.0000    0.0045    0.8623    3.0000    0.0057
    0.8228    3.0000    0.0069    0.7795    3.0000    0.0080
    0.7329    3.0000    0.0089    0.6836    3.0000    0.0096
    0.6322    3.0000    0.0100    0.5792    3.0000    0.0100
    0.5253    3.0000    0.0097    0.4710    3.0000    0.0088
    0.4172    3.0000    0.0073    0.3643    3.0000    0.0052
    0.3131    3.0000    0.0024    0.2641    3.0000   -0.0012
    0.2179    3.0000   -0.0056    0.1751    3.0000   -0.0107
    0.1361    3.0000   -0.0166    0.1014    3.0000   -0.0230
    0.0714    3.0000   -0.0301    0.0465    3.0000   -0.0375
    0.0270    3.0000   -0.0453    0.0130    3.0000   -0.0533
    0.0048    3.0000   -0.0613    0.0024    3.0000   -0.0693
    0.0059    3.0000   -0.0769    0.0151    3.0000   -0.0838
    0.0301    3.0000   -0.0897    0.0505    3.0000   -0.0947
    0.0762    3.0000   -0.0986    0.1068    3.0000   -0.1014
    0.1421    3.0000   -0.1031    0.1815    3.0000   -0.1035
    0.2247    3.0000   -0.1026    0.2710    3.0000   -0.1006
    0.3200    3.0000   -0.0973    0.3712    3.0000   -0.0930
    0.4238    3.0000   -0.0878    0.4773    3.0000   -0.0818
    0.5312    3.0000   -0.0752    0.5846    3.0000   -0.0681
    0.6371    3.0000   -0.0608    0.6880    3.0000   -0.0533
    0.7367    3.0000   -0.0457    0.7827    3.0000   -0.0384
    0.8254    3.0000   -0.0313    0.8644    3.0000   -0.0247
    0.8991    3.0000   -0.0186    0.9292    3.0000   -0.0132
    0.9543    3.0000   -0.0086    0.9741    3.0000   -0.0049
    0.9884    3.0000   -0.0022    0.9971    3.0000   -0.0006
    1.0000    3.0000    0.0000
$POINTS for network #  2   wingtip                                           
       1.0
       1.0                                     0.0       0.0
      30.0       8.0                                                  wingtip   
    1.0000    3.0000    0.0000    0.9971    3.0000    0.0002
    0.9882    3.0000    0.0006    0.9737    3.0000    0.0013
    0.9535    3.0000    0.0022    0.9280    3.0000    0.0033
    0.8975    3.0000    0.0045    0.8623    3.0000    0.0057
    0.8228    3.0000    0.0069    0.7795    3.0000    0.0080
    0.7329    3.0000    0.0089    0.6836    3.0000    0.0096
    0.6322    3.0000    0.0100    0.5792    3.0000    0.0100
    0.5253    3.0000    0.0097    0.4710    3.0000    0.0088
    0.4172    3.0000    0.0073    0.3643    3.0000    0.0052
    0.3131    3.0000    0.0024    0.2641    3.0000   -0.0012
    0.2179    3.0000   -0.0056    0.1751    3.0000   -0.0107
    0.1361    3.0000   -0.0166    0.1014    3.0000   -0.0230
    0.0714    3.0000   -0.0301    0.0465    3.0000   -0.0375
    0.0270    3.0000   -0.0453    0.0130    3.0000   -0.0533
    0.0048    3.0000   -0.0613    0.0024    3.0000   -0.0693
    1.0000    3.0000    0.0000    0.9971    3.0002    0.0001
    0.9883    3.0006    0.0005    0.9737    3.0014    0.0010
    0.9536    3.0024    0.0017    0.9281    3.0036    0.0025
    0.8976    3.0050    0.0033    0.8624    3.0066    0.0042
    0.8229    3.0083    0.0050    0.7797    3.0101    0.0057
    0.7331    3.0119    0.0062    0.6839    3.0137    0.0065
    0.6324    3.0154    0.0065    0.5795    3.0170    0.0062
    0.5255    3.0185    0.0055    0.4714    3.0197    0.0043
    0.4175    3.0207    0.0026    0.3647    3.0214    0.0003
    0.3135    3.0217   -0.0026    0.2645    3.0216   -0.0062
    0.2182    3.0211   -0.0104    0.1754    3.0202   -0.0153
    0.1364    3.0188   -0.0208    0.1017    3.0170   -0.0269
    0.0717    3.0149   -0.0335    0.0467    3.0124   -0.0404
    0.0271    3.0097   -0.0475    0.0131    3.0066   -0.0548
    0.0048    3.0034   -0.0621    0.0024    3.0000   -0.0693
    1.0000    3.0000    0.0000    0.9971    3.0003    0.0000
    0.9883    3.0011    0.0001    0.9738    3.0024    0.0001
    0.9537    3.0042    0.0002    0.9282    3.0065    0.0002
    0.8978    3.0091    0.0001    0.8627    3.0119   -0.0000
    0.8233    3.0150   -0.0003    0.7801    3.0182   -0.0008
    0.7337    3.0214   -0.0014    0.6845    3.0246   -0.0022
    0.6331    3.0277   -0.0033    0.5802    3.0306   -0.0047
    0.5264    3.0333   -0.0063    0.4722    3.0355   -0.0083
    0.4184    3.0373   -0.0106    0.3656    3.0385   -0.0133
    0.3144    3.0391   -0.0164    0.2654    3.0389   -0.0199
    0.2192    3.0380   -0.0239    0.1763    3.0363   -0.0282
    0.1372    3.0339   -0.0328    0.1024    3.0307   -0.0378
    0.0723    3.0269   -0.0430    0.0473    3.0224   -0.0483
    0.0276    3.0174   -0.0537    0.0134    3.0120   -0.0590
    0.0050    3.0061   -0.0642    0.0024    3.0000   -0.0693
    1.0000    3.0000    0.0000    0.9971    3.0003   -0.0001
    0.9883    3.0014   -0.0005    0.9738    3.0030   -0.0011
    0.9538    3.0053   -0.0020    0.9285    3.0081   -0.0031
    0.8981    3.0113   -0.0045    0.8631    3.0149   -0.0061
    0.8238    3.0187   -0.0080    0.7808    3.0227   -0.0100
    0.7344    3.0267   -0.0123    0.6853    3.0307   -0.0148
    0.6341    3.0346   -0.0175    0.5813    3.0382   -0.0204
    0.5276    3.0415   -0.0233    0.4735    3.0443   -0.0265
    0.4198    3.0465   -0.0297    0.3670    3.0480   -0.0330
    0.3158    3.0487   -0.0364    0.2668    3.0485   -0.0398
    0.2205    3.0474   -0.0433    0.1776    3.0453   -0.0468
    0.1384    3.0423   -0.0502    0.1035    3.0383   -0.0535
    0.0733    3.0335   -0.0567    0.0481    3.0279   -0.0598
    0.0282    3.0217   -0.0626    0.0138    3.0149   -0.0651
    0.0052    3.0077   -0.0674    0.0024    3.0000   -0.0693
    1.0000    3.0000    0.0000    0.9971    3.0003   -0.0003
    0.9884    3.0014   -0.0011    0.9739    3.0030   -0.0025
    0.9540    3.0053   -0.0044    0.9287    3.0081   -0.0068
    0.8985    3.0113   -0.0096    0.8636    3.0149   -0.0129
    0.8244    3.0187   -0.0165    0.7815    3.0227   -0.0204
    0.7353    3.0267   -0.0245    0.6863    3.0307   -0.0288
    0.6352    3.0346   -0.0333    0.5825    3.0382   -0.0378
    0.5289    3.0415   -0.0422    0.4749    3.0443   -0.0466
    0.4212    3.0465   -0.0509    0.3685    3.0480   -0.0549
    0.3173    3.0487   -0.0586    0.2683    3.0485   -0.0619
    0.2220    3.0474   -0.0649    0.1790    3.0453   -0.0674
    0.1397    3.0423   -0.0694    0.1047    3.0383   -0.0710
    0.0743    3.0335   -0.0720    0.0489    3.0279   -0.0725
    0.0289    3.0217   -0.0724    0.0143    3.0149   -0.0719
    0.0055    3.0077   -0.0709    0.0024    3.0000   -0.0693
    1.0000    3.0000    0.0000    0.9971    3.0003   -0.0004
    0.9884    3.0011   -0.0017    0.9740    3.0024   -0.0038
    0.9541    3.0042   -0.0066    0.9290    3.0065   -0.0101
    0.8988    3.0091   -0.0143    0.8640    3.0119   -0.0190
    0.8249    3.0150   -0.0241    0.7821    3.0182   -0.0297
    0.7360    3.0214   -0.0355    0.6872    3.0246   -0.0414
    0.6362    3.0277   -0.0474    0.5836    3.0306   -0.0534
    0.5300    3.0333   -0.0592    0.4762    3.0355   -0.0648
    0.4226    3.0373   -0.0699    0.3699    3.0385   -0.0746
    0.3187    3.0391   -0.0786    0.2697    3.0389   -0.0819
    0.2234    3.0380   -0.0844    0.1803    3.0363   -0.0860
    0.1410    3.0339   -0.0868    0.1058    3.0307   -0.0867
    0.0753    3.0269   -0.0857    0.0497    3.0224   -0.0839
    0.0295    3.0174   -0.0813    0.0147    3.0120   -0.0780
    0.0057    3.0061   -0.0740    0.0024    3.0000   -0.0693
    1.0000    3.0000    0.0000    0.9971    3.0002   -0.0005
    0.9884    3.0006   -0.0021    0.9741    3.0014   -0.0046
    0.9542    3.0024   -0.0081    0.9291    3.0036   -0.0124
    0.8990    3.0050   -0.0175    0.8643    3.0066   -0.0232
    0.8253    3.0083   -0.0294    0.7826    3.0101   -0.0361
    0.7366    3.0119   -0.0430    0.6878    3.0137   -0.0501
    0.6369    3.0154   -0.0573    0.5843    3.0170   -0.0643
    0.5309    3.0185   -0.0710    0.4770    3.0197   -0.0774
    0.4235    3.0207   -0.0831    0.3708    3.0214   -0.0882
    0.3197    3.0217   -0.0924    0.2707    3.0216   -0.0956
    0.2243    3.0211   -0.0978    0.1812    3.0202   -0.0989
    0.1418    3.0188   -0.0988    0.1066    3.0170   -0.0976
    0.0760    3.0149   -0.0952    0.0503    3.0124   -0.0919
    0.0299    3.0097   -0.0875    0.0150    3.0066   -0.0822
    0.0058    3.0034   -0.0762    0.0024    3.0000   -0.0693
    1.0000    3.0000    0.0000    0.9971    3.0000   -0.0006
    0.9884    3.0000   -0.0022    0.9741    3.0000   -0.0049
    0.9543    3.0000   -0.0086    0.9292    3.0000   -0.0132
    0.8991    3.0000   -0.0186    0.8644    3.0000   -0.0247
    0.8254    3.0000   -0.0313    0.7827    3.0000   -0.0384
    0.7367    3.0000   -0.0457    0.6880    3.0000   -0.0533
    0.6371    3.0000   -0.0608    0.5846    3.0000   -0.0681
    0.5312    3.0000   -0.0752    0.4773    3.0000   -0.0818
    0.4238    3.0000   -0.0878    0.3712    3.0000   -0.0930
    0.3200    3.0000   -0.0973    0.2710    3.0000   -0.1006
    0.2247    3.0000   -0.1026    0.1815    3.0000   -0.1035
    0.1421    3.0000   -0.1031    0.1068    3.0000   -0.1014
    0.0762    3.0000   -0.0986    0.0505    3.0000   -0.0947
    0.0301    3.0000   -0.0897    0.0151    3.0000   -0.0838
    0.0059    3.0000   -0.0769    0.0024    3.0000   -0.0693
$POINTS for network #  3   wingwake                                          
       1.0
      18.0                                     0.0       0.0
       2.0      30.0                                                  wingwake  
    1.0000    0.0000    0.0000   50.0000    0.0000    0.0000
    1.0000    0.1034    0.0000   50.0000    0.1034    0.0000
    1.0000    0.2069    0.0000   50.0000    0.2069    0.0000
    1.0000    0.3103    0.0000   50.0000    0.3103    0.0000
    1.0000    0.4138    0.0000   50.0000    0.4138    0.0000
    1.0000    0.5172    0.0000   50.0000    0.5172    0.0000
    1.0000    0.6207    0.0000   50.0000    0.6207    0.0000
    1.0000    0.7241    0.0000   50.0000    0.7241    0.0000
    1.0000    0.8276    0.0000   50.0000    0.8276    0.0000
    1.0000    0.9310    0.0000   50.0000    0.9310    0.0000
    1.0000    1.0345    0.0000   50.0000    1.0345    0.0000
    1.0000    1.1379    0.0000   50.0000    1.1379    0.0000
    1.0000    1.2414    0.0000   50.0000    1.2414    0.0000
    1.0000    1.3448    0.0000   50.0000    1.3448    0.0000
    1.0000    1.4483    0.0000   50.0000    1.4483    0.0000
    1.0000    1.5517    0.0000   50.0000    1.5517    0.0000
    1.0000    1.6552    0.0000   50.0000    1.6552    0.0000
    1.0000    1.7586    0.0000   50.0000    1.7586    0.0000
    1.0000    1.8621    0.0000   50.0000    1.8621    0.0000
    1.0000    1.9655    0.0000   50.0000    1.9655    0.0000
    1.0000    2.0690    0.0000   50.0000    2.0690    0.0000
    1.0000    2.1724    0.0000   50.0000    2.1724    0.0000
    1.0000    2.2759    0.0000   50.0000    2.2759    0.0000
    1.0000    2.3793    0.0000   50.0000    2.3793    0.0000
    1.0000    2.4828    0.0000   50.0000    2.4828    0.0000
    1.0000    2.5862    0.0000   50.0000    2.5862    0.0000
    1.0000    2.6897    0.0000   50.0000    2.6897    0.0000
    1.0000    2.7931    0.0000   50.0000    2.7931    0.0000
    1.0000    2.8966    0.0000   50.0000    2.8966    0.0000
    1.0000    3.0000    0.0000   50.0000    3.0000    0.0000
$END OF INPUT DATA
