$TITLE    Created by panin, version 1.0 (4Jan2000) on                
INPUT FILE FOR PanAir (A502-ht2)                                                
Created by PANIN                                                                
$DATACHECK
    0.0000
$SYM
    1.0000    0.0000
$MACH NUMBER
    0.5000
$CASES
    1.0000
$ANGLES OF ATTACK
    0.0000
    7.4200
$YAW ANGLES
    0.0000
    0.0000
$REFERENCE DATA FOR 3-D FORCES AND MOMENTS
    0.2500    0.0000    0.0000    1.0000
    6.0000    6.0000    1.0000    6.0000
$PRINTOUT CONTROL
       0.0       0.0       0.0       0.0       0.0       0.0
       0.0       0.0       0.0       0.0       0.0       0.0
$EAT
  0.000000       0.0       0.0       0.0       0.0       0.0
$VELOCITY CORRECTION
    0.0000
$POINTS for network #  1   wing                                              
       1.0
       1.0                                     0.0       0.0
      59.0      30.0                                                  wing      
    1.0000    0.0000    0.0000    0.9971    0.0000    0.0004
    0.9883    0.0000    0.0014    0.9738    0.0000    0.0031
    0.9538    0.0000    0.0054    0.9284    0.0000    0.0083
    0.8980    0.0000    0.0116    0.8630    0.0000    0.0152
    0.8237    0.0000    0.0192    0.7806    0.0000    0.0232
    0.7342    0.0000    0.0274    0.6851    0.0000    0.0315
    0.6338    0.0000    0.0355    0.5809    0.0000    0.0392
    0.5271    0.0000    0.0425    0.4729    0.0000    0.0454
    0.4191    0.0000    0.0477    0.3662    0.0000    0.0492
    0.3149    0.0000    0.0500    0.2658    0.0000    0.0498
    0.2194    0.0000    0.0486    0.1763    0.0000    0.0465
    0.1370    0.0000    0.0434    0.1020    0.0000    0.0393
    0.0716    0.0000    0.0344    0.0462    0.0000    0.0286
    0.0262    0.0000    0.0222    0.0117    0.0000    0.0153
    0.0029    0.0000    0.0079    0.0000    0.0000    0.0000
    0.0029    0.0000   -0.0079    0.0117    0.0000   -0.0153
    0.0262    0.0000   -0.0222    0.0462    0.0000   -0.0286
    0.0716    0.0000   -0.0344    0.1020    0.0000   -0.0393
    0.1370    0.0000   -0.0434    0.1763    0.0000   -0.0465
    0.2194    0.0000   -0.0486    0.2658    0.0000   -0.0498
    0.3149    0.0000   -0.0500    0.3662    0.0000   -0.0492
    0.4191    0.0000   -0.0477    0.4729    0.0000   -0.0454
    0.5271    0.0000   -0.0425    0.5809    0.0000   -0.0392
    0.6338    0.0000   -0.0355    0.6851    0.0000   -0.0315
    0.7342    0.0000   -0.0274    0.7806    0.0000   -0.0232
    0.8237    0.0000   -0.0192    0.8630    0.0000   -0.0152
    0.8980    0.0000   -0.0116    0.9284    0.0000   -0.0083
    0.9538    0.0000   -0.0054    0.9738    0.0000   -0.0031
    0.9883    0.0000   -0.0014    0.9971    0.0000   -0.0004
    1.0000    0.0000    0.0000
    1.0000    0.1034    0.0000    0.9971    0.1034    0.0003
    0.9883    0.1034    0.0012    0.9738    0.1034    0.0026
    0.9537    0.1034    0.0045    0.9283    0.1034    0.0068
    0.8978    0.1034    0.0095    0.8627    0.1034    0.0125
    0.8233    0.1034    0.0156    0.7802    0.1034    0.0188
    0.7337    0.1034    0.0220    0.6845    0.1034    0.0251
    0.6331    0.1034    0.0281    0.5802    0.1034    0.0307
    0.5263    0.1034    0.0330    0.4721    0.1034    0.0348
    0.4183    0.1034    0.0360    0.3654    0.1034    0.0365
    0.3141    0.1034    0.0361    0.2649    0.1034    0.0350
    0.2186    0.1034    0.0329    0.1755    0.1034    0.0299
    0.1363    0.1034    0.0260    0.1013    0.1034    0.0212
    0.0711    0.1034    0.0156    0.0458    0.1034    0.0094
    0.0259    0.1034    0.0026    0.0116    0.1034   -0.0046
    0.0030    0.1034   -0.0122    0.0002    0.1034   -0.0202
    0.0033    0.1034   -0.0279    0.0122    0.1034   -0.0352
    0.0268    0.1034   -0.0419    0.0470    0.1034   -0.0479
    0.0725    0.1034   -0.0531    0.1029    0.1034   -0.0574
    0.1381    0.1034   -0.0607    0.1774    0.1034   -0.0631
    0.2205    0.1034   -0.0644    0.2669    0.1034   -0.0646
    0.3161    0.1034   -0.0638    0.3674    0.1034   -0.0620
    0.4202    0.1034   -0.0594    0.4740    0.1034   -0.0560
    0.5280    0.1034   -0.0521    0.5818    0.1034   -0.0476
    0.6346    0.1034   -0.0428    0.6858    0.1034   -0.0378
    0.7348    0.1034   -0.0327    0.7811    0.1034   -0.0277
    0.8241    0.1034   -0.0227    0.8633    0.1034   -0.0180
    0.8983    0.1034   -0.0136    0.9286    0.1034   -0.0097
    0.9539    0.1034   -0.0064    0.9739    0.1034   -0.0036
    0.9883    0.1034   -0.0016    0.9971    0.1034   -0.0004
    1.0000    0.1034    0.0000
    1.0000    0.2069    0.0000    0.9971    0.2069    0.0003
    0.9883    0.2069    0.0011    0.9738    0.2069    0.0024
    0.9537    0.2069    0.0042    0.9282    0.2069    0.0064
    0.8978    0.2069    0.0089    0.8626    0.2069    0.0117
    0.8233    0.2069    0.0146    0.7801    0.2069    0.0176
    0.7336    0.2069    0.0205    0.6844    0.2069    0.0233
    0.6330    0.2069    0.0260    0.5800    0.2069    0.0283
    0.5261    0.2069    0.0303    0.4719    0.2069    0.0318
    0.4181    0.2069    0.0326    0.3652    0.2069    0.0328
    0.3139    0.2069    0.0322    0.2648    0.2069    0.0308
    0.2184    0.2069    0.0284    0.1754    0.2069    0.0252
    0.1362    0.2069    0.0210    0.1012    0.2069    0.0161
    0.0710    0.2069    0.0103    0.0458    0.2069    0.0040
    0.0259    0.2069   -0.0029    0.0116    0.2069   -0.0103
    0.0031    0.2069   -0.0179    0.0003    0.2069   -0.0259
    0.0035    0.2069   -0.0336    0.0124    0.2069   -0.0408
    0.0271    0.2069   -0.0474    0.0473    0.2069   -0.0533
    0.0728    0.2069   -0.0584    0.1033    0.2069   -0.0625
    0.1384    0.2069   -0.0657    0.1778    0.2069   -0.0678
    0.2209    0.2069   -0.0688    0.2673    0.2069   -0.0688
    0.3165    0.2069   -0.0677    0.3677    0.2069   -0.0656
    0.4205    0.2069   -0.0627    0.4743    0.2069   -0.0590
    0.5283    0.2069   -0.0548    0.5820    0.2069   -0.0500
    0.6348    0.2069   -0.0449    0.6860    0.2069   -0.0396
    0.7350    0.2069   -0.0343    0.7813    0.2069   -0.0289
    0.8242    0.2069   -0.0237    0.8634    0.2069   -0.0188
    0.8984    0.2069   -0.0142    0.9287    0.2069   -0.0101
    0.9539    0.2069   -0.0066    0.9739    0.2069   -0.0038
    0.9884    0.2069   -0.0017    0.9971    0.2069   -0.0004
    1.0000    0.2069    0.0000
    1.0000    0.3103    0.0000    0.9971    0.3103    0.0003
    0.9883    0.3103    0.0011    0.9737    0.3103    0.0023
    0.9536    0.3103    0.0041    0.9282    0.3103    0.0062
    0.8978    0.3103    0.0086    0.8626    0.3103    0.0112
    0.8232    0.3103    0.0140    0.7800    0.3103    0.0168
    0.7335    0.3103    0.0196    0.6843    0.3103    0.0222
    0.6329    0.3103    0.0247    0.5799    0.3103    0.0269
    0.5260    0.3103    0.0287    0.4718    0.3103    0.0299
    0.4180    0.3103    0.0306    0.3651    0.3103    0.0306
    0.3138    0.3103    0.0298    0.2647    0.3103    0.0282
    0.2183    0.3103    0.0257    0.1753    0.3103    0.0223
    0.1361    0.3103    0.0180    0.1012    0.3103    0.0129
    0.0710    0.3103    0.0071    0.0458    0.3103    0.0007
    0.0259    0.3103   -0.0063    0.0117    0.3103   -0.0137
    0.0031    0.3103   -0.0214    0.0004    0.3103   -0.0293
    0.0036    0.3103   -0.0371    0.0126    0.3103   -0.0443
    0.0272    0.3103   -0.0508    0.0475    0.3103   -0.0566
    0.0730    0.3103   -0.0616    0.1035    0.3103   -0.0656
    0.1386    0.3103   -0.0687    0.1780    0.3103   -0.0706
    0.2212    0.3103   -0.0715    0.2676    0.3103   -0.0713
    0.3167    0.3103   -0.0700    0.3680    0.3103   -0.0678
    0.4208    0.3103   -0.0647    0.4745    0.3103   -0.0609
    0.5285    0.3103   -0.0564    0.5822    0.3103   -0.0515
    0.6350    0.3103   -0.0462    0.6861    0.3103   -0.0407
    0.7351    0.3103   -0.0352    0.7814    0.3103   -0.0297
    0.8243    0.3103   -0.0243    0.8635    0.3103   -0.0193
    0.8984    0.3103   -0.0146    0.9287    0.3103   -0.0104
    0.9540    0.3103   -0.0068    0.9739    0.3103   -0.0039
    0.9884    0.3103   -0.0017    0.9971    0.3103   -0.0004
    1.0000    0.3103    0.0000
    1.0000    0.4138    0.0000    0.9971    0.4138    0.0003
    0.9883    0.4138    0.0010    0.9737    0.4138    0.0023
    0.9536    0.4138    0.0040    0.9282    0.4138    0.0060
    0.8977    0.4138    0.0083    0.8626    0.4138    0.0109
    0.8232    0.4138    0.0136    0.7800    0.4138    0.0163
    0.7335    0.4138    0.0190    0.6842    0.4138    0.0215
    0.6328    0.4138    0.0238    0.5799    0.4138    0.0259
    0.5260    0.4138    0.0275    0.4718    0.4138    0.0287
    0.4179    0.4138    0.0293    0.3650    0.4138    0.0291
    0.3137    0.4138    0.0282    0.2646    0.4138    0.0265
    0.2183    0.4138    0.0239    0.1752    0.4138    0.0204
    0.1361    0.4138    0.0160    0.1012    0.4138    0.0108
    0.0709    0.4138    0.0049    0.0458    0.4138   -0.0016
    0.0260    0.4138   -0.0086    0.0117    0.4138   -0.0160
    0.0032    0.4138   -0.0237    0.0005    0.4138   -0.0317
    0.0037    0.4138   -0.0394    0.0127    0.4138   -0.0466
    0.0274    0.4138   -0.0531    0.0476    0.4138   -0.0588
    0.0731    0.4138   -0.0638    0.1036    0.4138   -0.0677
    0.1388    0.4138   -0.0707    0.1782    0.4138   -0.0726
    0.2213    0.4138   -0.0733    0.2677    0.4138   -0.0730
    0.3169    0.4138   -0.0716    0.3681    0.4138   -0.0693
    0.4209    0.4138   -0.0661    0.4746    0.4138   -0.0621
    0.5287    0.4138   -0.0575    0.5823    0.4138   -0.0525
    0.6351    0.4138   -0.0471    0.6862    0.4138   -0.0415
    0.7352    0.4138   -0.0358    0.7814    0.4138   -0.0302
    0.8244    0.4138   -0.0247    0.8635    0.4138   -0.0196
    0.8985    0.4138   -0.0148    0.9287    0.4138   -0.0105
    0.9540    0.4138   -0.0069    0.9739    0.4138   -0.0039
    0.9884    0.4138   -0.0018    0.9971    0.4138   -0.0004
    1.0000    0.4138    0.0000
    1.0000    0.5172    0.0000    0.9971    0.5172    0.0003
    0.9883    0.5172    0.0010    0.9737    0.5172    0.0022
    0.9536    0.5172    0.0039    0.9282    0.5172    0.0059
    0.8977    0.5172    0.0082    0.8626    0.5172    0.0107
    0.8232    0.5172    0.0133    0.7799    0.5172    0.0159
    0.7334    0.5172    0.0185    0.6842    0.5172    0.0210
    0.6328    0.5172    0.0232    0.5798    0.5172    0.0252
    0.5259    0.5172    0.0267    0.4717    0.5172    0.0278
    0.4178    0.5172    0.0283    0.3649    0.5172    0.0280
    0.3136    0.5172    0.0271    0.2645    0.5172    0.0252
    0.2182    0.5172    0.0225    0.1752    0.5172    0.0190
    0.1360    0.5172    0.0145    0.1011    0.5172    0.0093
    0.0709    0.5172    0.0033    0.0458    0.5172   -0.0032
    0.0260    0.5172   -0.0103    0.0117    0.5172   -0.0177
    0.0032    0.5172   -0.0254    0.0006    0.5172   -0.0334
    0.0037    0.5172   -0.0411    0.0128    0.5172   -0.0483
    0.0275    0.5172   -0.0548    0.0477    0.5172   -0.0605
    0.0732    0.5172   -0.0653    0.1038    0.5172   -0.0693
    0.1389    0.5172   -0.0722    0.1783    0.5172   -0.0740
    0.2215    0.5172   -0.0747    0.2679    0.5172   -0.0743
    0.3170    0.5172   -0.0728    0.3682    0.5172   -0.0704
    0.4210    0.5172   -0.0671    0.4747    0.5172   -0.0630
    0.5288    0.5172   -0.0583    0.5824    0.5172   -0.0532
    0.6352    0.5172   -0.0477    0.6863    0.5172   -0.0420
    0.7353    0.5172   -0.0362    0.7815    0.5172   -0.0306
    0.8244    0.5172   -0.0250    0.8636    0.5172   -0.0198
    0.8985    0.5172   -0.0150    0.9287    0.5172   -0.0107
    0.9540    0.5172   -0.0070    0.9739    0.5172   -0.0040
    0.9884    0.5172   -0.0018    0.9971    0.5172   -0.0005
    1.0000    0.5172    0.0000
    1.0000    0.6207    0.0000    0.9971    0.6207    0.0003
    0.9883    0.6207    0.0010    0.9737    0.6207    0.0022
    0.9536    0.6207    0.0038    0.9282    0.6207    0.0058
    0.8977    0.6207    0.0080    0.8626    0.6207    0.0105
    0.8231    0.6207    0.0130    0.7799    0.6207    0.0156
    0.7334    0.6207    0.0182    0.6842    0.6207    0.0206
    0.6328    0.6207    0.0228    0.5798    0.6207    0.0246
    0.5259    0.6207    0.0261    0.4717    0.6207    0.0271
    0.4178    0.6207    0.0275    0.3649    0.6207    0.0272
    0.3136    0.6207    0.0262    0.2645    0.6207    0.0243
    0.2182    0.6207    0.0216    0.1752    0.6207    0.0179
    0.1360    0.6207    0.0134    0.1011    0.6207    0.0082
    0.0709    0.6207    0.0022    0.0458    0.6207   -0.0044
    0.0260    0.6207   -0.0115    0.0118    0.6207   -0.0190
    0.0033    0.6207   -0.0267    0.0006    0.6207   -0.0347
    0.0038    0.6207   -0.0424    0.0128    0.6207   -0.0495
    0.0275    0.6207   -0.0560    0.0478    0.6207   -0.0617
    0.0733    0.6207   -0.0665    0.1039    0.6207   -0.0704
    0.1390    0.6207   -0.0732    0.1784    0.6207   -0.0750
    0.2216    0.6207   -0.0757    0.2680    0.6207   -0.0752
    0.3171    0.6207   -0.0737    0.3683    0.6207   -0.0712
    0.4211    0.6207   -0.0678    0.4748    0.6207   -0.0637
    0.5288    0.6207   -0.0589    0.5825    0.6207   -0.0537
    0.6352    0.6207   -0.0481    0.6863    0.6207   -0.0424
    0.7353    0.6207   -0.0366    0.7815    0.6207   -0.0308
    0.8245    0.6207   -0.0253    0.8636    0.6207   -0.0200
    0.8985    0.6207   -0.0151    0.9288    0.6207   -0.0108
    0.9540    0.6207   -0.0070    0.9740    0.6207   -0.0040
    0.9884    0.6207   -0.0018    0.9971    0.6207   -0.0005
    1.0000    0.6207    0.0000
    1.0000    0.7241    0.0000    0.9971    0.7241    0.0002
    0.9883    0.7241    0.0010    0.9737    0.7241    0.0022
    0.9536    0.7241    0.0038    0.9282    0.7241    0.0057
    0.8977    0.7241    0.0079    0.8625    0.7241    0.0104
    0.8231    0.7241    0.0129    0.7799    0.7241    0.0154
    0.7334    0.7241    0.0179    0.6841    0.7241    0.0203
    0.6327    0.7241    0.0224    0.5798    0.7241    0.0242
    0.5259    0.7241    0.0257    0.4716    0.7241    0.0266
    0.4178    0.7241    0.0270    0.3649    0.7241    0.0266
    0.3136    0.7241    0.0255    0.2645    0.7241    0.0236
    0.2182    0.7241    0.0208    0.1752    0.7241    0.0171
    0.1360    0.7241    0.0126    0.1011    0.7241    0.0073
    0.0709    0.7241    0.0013    0.0458    0.7241   -0.0054
    0.0260    0.7241   -0.0124    0.0118    0.7241   -0.0199
    0.0033    0.7241   -0.0277    0.0006    0.7241   -0.0356
    0.0038    0.7241   -0.0434    0.0129    0.7241   -0.0505
    0.0276    0.7241   -0.0569    0.0478    0.7241   -0.0626
    0.0734    0.7241   -0.0674    0.1039    0.7241   -0.0713
    0.1391    0.7241   -0.0741    0.1785    0.7241   -0.0758
    0.2216    0.7241   -0.0764    0.2680    0.7241   -0.0759
    0.3171    0.7241   -0.0743    0.3684    0.7241   -0.0718
    0.4212    0.7241   -0.0683    0.4749    0.7241   -0.0642
    0.5289    0.7241   -0.0594    0.5826    0.7241   -0.0541
    0.6353    0.7241   -0.0485    0.6864    0.7241   -0.0427
    0.7353    0.7241   -0.0368    0.7816    0.7241   -0.0310
    0.8245    0.7241   -0.0254    0.8636    0.7241   -0.0201
    0.8985    0.7241   -0.0152    0.9288    0.7241   -0.0108
    0.9540    0.7241   -0.0071    0.9740    0.7241   -0.0040
    0.9884    0.7241   -0.0018    0.9971    0.7241   -0.0005
    1.0000    0.7241    0.0000
    1.0000    0.8276    0.0000    0.9971    0.8276    0.0002
    0.9883    0.8276    0.0010    0.9737    0.8276    0.0022
    0.9536    0.8276    0.0038    0.9282    0.8276    0.0057
    0.8977    0.8276    0.0079    0.8625    0.8276    0.0102
    0.8231    0.8276    0.0127    0.7799    0.8276    0.0152
    0.7334    0.8276    0.0177    0.6841    0.8276    0.0200
    0.6327    0.8276    0.0221    0.5797    0.8276    0.0239
    0.5258    0.8276    0.0253    0.4716    0.8276    0.0262
    0.4178    0.8276    0.0265    0.3649    0.8276    0.0262
    0.3136    0.8276    0.0250    0.2645    0.8276    0.0230
    0.2182    0.8276    0.0202    0.1752    0.8276    0.0165
    0.1360    0.8276    0.0119    0.1011    0.8276    0.0066
    0.0709    0.8276    0.0006    0.0458    0.8276   -0.0061
    0.0260    0.8276   -0.0132    0.0118    0.8276   -0.0207
    0.0033    0.8276   -0.0284    0.0007    0.8276   -0.0364
    0.0039    0.8276   -0.0441    0.0129    0.8276   -0.0512
    0.0276    0.8276   -0.0577    0.0479    0.8276   -0.0633
    0.0734    0.8276   -0.0681    0.1040    0.8276   -0.0719
    0.1392    0.8276   -0.0747    0.1785    0.8276   -0.0764
    0.2217    0.8276   -0.0770    0.2681    0.8276   -0.0764
    0.3172    0.8276   -0.0748    0.3684    0.8276   -0.0723
    0.4212    0.8276   -0.0688    0.4749    0.8276   -0.0646
    0.5289    0.8276   -0.0597    0.5826    0.8276   -0.0544
    0.6353    0.8276   -0.0488    0.6864    0.8276   -0.0429
    0.7354    0.8276   -0.0370    0.7816    0.8276   -0.0312
    0.8245    0.8276   -0.0256    0.8636    0.8276   -0.0202
    0.8985    0.8276   -0.0153    0.9288    0.8276   -0.0109
    0.9540    0.8276   -0.0071    0.9740    0.8276   -0.0041
    0.9884    0.8276   -0.0018    0.9971    0.8276   -0.0005
    1.0000    0.8276    0.0000
    1.0000    0.9310    0.0000    0.9971    0.9310    0.0002
    0.9883    0.9310    0.0010    0.9737    0.9310    0.0021
    0.9536    0.9310    0.0037    0.9282    0.9310    0.0056
    0.8977    0.9310    0.0078    0.8625    0.9310    0.0102
    0.8231    0.9310    0.0126    0.7799    0.9310    0.0151
    0.7334    0.9310    0.0175    0.6841    0.9310    0.0198
    0.6327    0.9310    0.0219    0.5797    0.9310    0.0237
    0.5258    0.9310    0.0250    0.4716    0.9310    0.0259
    0.4177    0.9310    0.0262    0.3648    0.9310    0.0258
    0.3136    0.9310    0.0246    0.2645    0.9310    0.0226
    0.2181    0.9310    0.0197    0.1752    0.9310    0.0160
    0.1360    0.9310    0.0114    0.1011    0.9310    0.0061
    0.0709    0.9310    0.0000    0.0458    0.9310   -0.0066
    0.0260    0.9310   -0.0138    0.0118    0.9310   -0.0213
    0.0033    0.9310   -0.0290    0.0007    0.9310   -0.0370
    0.0039    0.9310   -0.0447    0.0129    0.9310   -0.0518
    0.0277    0.9310   -0.0582    0.0479    0.9310   -0.0639
    0.0735    0.9310   -0.0687    0.1040    0.9310   -0.0725
    0.1392    0.9310   -0.0752    0.1786    0.9310   -0.0769
    0.2217    0.9310   -0.0775    0.2681    0.9310   -0.0769
    0.3172    0.9310   -0.0753    0.3685    0.9310   -0.0726
    0.4213    0.9310   -0.0691    0.4750    0.9310   -0.0649
    0.5290    0.9310   -0.0600    0.5826    0.9310   -0.0547
    0.6353    0.9310   -0.0490    0.6864    0.9310   -0.0431
    0.7354    0.9310   -0.0372    0.7816    0.9310   -0.0313
    0.8245    0.9310   -0.0257    0.8637    0.9310   -0.0203
    0.8985    0.9310   -0.0153    0.9288    0.9310   -0.0109
    0.9540    0.9310   -0.0071    0.9740    0.9310   -0.0041
    0.9884    0.9310   -0.0018    0.9971    0.9310   -0.0005
    1.0000    0.9310    0.0000
    1.0000    1.0345    0.0000    0.9971    1.0345    0.0002
    0.9883    1.0345    0.0010    0.9737    1.0345    0.0021
    0.9536    1.0345    0.0037    0.9282    1.0345    0.0056
    0.8977    1.0345    0.0078    0.8625    1.0345    0.0101
    0.8231    1.0345    0.0125    0.7799    1.0345    0.0150
    0.7334    1.0345    0.0174    0.6841    1.0345    0.0197
    0.6327    1.0345    0.0217    0.5797    1.0345    0.0235
    0.5258    1.0345    0.0248    0.4716    1.0345    0.0256
    0.4177    1.0345    0.0259    0.3648    1.0345    0.0255
    0.3135    1.0345    0.0243    0.2644    1.0345    0.0222
    0.2181    1.0345    0.0194    0.1751    1.0345    0.0156
    0.1360    1.0345    0.0110    0.1011    1.0345    0.0056
    0.0709    1.0345   -0.0004    0.0458    1.0345   -0.0071
    0.0260    1.0345   -0.0142    0.0118    1.0345   -0.0217
    0.0033    1.0345   -0.0295    0.0007    1.0345   -0.0375
    0.0039    1.0345   -0.0452    0.0130    1.0345   -0.0523
    0.0277    1.0345   -0.0587    0.0480    1.0345   -0.0643
    0.0735    1.0345   -0.0691    0.1041    1.0345   -0.0729
    0.1392    1.0345   -0.0757    0.1786    1.0345   -0.0773
    0.2218    1.0345   -0.0778    0.2682    1.0345   -0.0772
    0.3173    1.0345   -0.0756    0.3685    1.0345   -0.0729
    0.4213    1.0345   -0.0694    0.4750    1.0345   -0.0651
    0.5290    1.0345   -0.0602    0.5827    1.0345   -0.0549
    0.6353    1.0345   -0.0492    0.6865    1.0345   -0.0433
    0.7354    1.0345   -0.0373    0.7816    1.0345   -0.0314
    0.8245    1.0345   -0.0257    0.8637    1.0345   -0.0204
    0.8986    1.0345   -0.0154    0.9288    1.0345   -0.0110
    0.9540    1.0345   -0.0072    0.9740    1.0345   -0.0041
    0.9884    1.0345   -0.0018    0.9971    1.0345   -0.0005
    1.0000    1.0345    0.0000
    1.0000    1.1379    0.0000    0.9971    1.1379    0.0002
    0.9883    1.1379    0.0010    0.9737    1.1379    0.0021
    0.9536    1.1379    0.0037    0.9282    1.1379    0.0056
    0.8977    1.1379    0.0077    0.8625    1.1379    0.0100
    0.8231    1.1379    0.0125    0.7799    1.1379    0.0149
    0.7334    1.1379    0.0173    0.6841    1.1379    0.0195
    0.6327    1.1379    0.0216    0.5797    1.1379    0.0233
    0.5258    1.1379    0.0246    0.4716    1.1379    0.0254
    0.4177    1.1379    0.0257    0.3648    1.1379    0.0252
    0.3135    1.1379    0.0240    0.2644    1.1379    0.0219
    0.2181    1.1379    0.0190    0.1751    1.1379    0.0153
    0.1360    1.1379    0.0106    0.1011    1.1379    0.0053
    0.0709    1.1379   -0.0008    0.0458    1.1379   -0.0075
    0.0260    1.1379   -0.0147    0.0118    1.1379   -0.0222
    0.0033    1.1379   -0.0299    0.0007    1.1379   -0.0379
    0.0039    1.1379   -0.0456    0.0130    1.1379   -0.0527
    0.0277    1.1379   -0.0591    0.0480    1.1379   -0.0647
    0.0735    1.1379   -0.0695    0.1041    1.1379   -0.0733
    0.1393    1.1379   -0.0760    0.1787    1.1379   -0.0777
    0.2218    1.1379   -0.0782    0.2682    1.1379   -0.0776
    0.3173    1.1379   -0.0759    0.3686    1.1379   -0.0732
    0.4213    1.1379   -0.0697    0.4750    1.1379   -0.0654
    0.5290    1.1379   -0.0604    0.5827    1.1379   -0.0550
    0.6354    1.1379   -0.0493    0.6865    1.1379   -0.0434
    0.7354    1.1379   -0.0374    0.7816    1.1379   -0.0315
    0.8245    1.1379   -0.0258    0.8637    1.1379   -0.0204
    0.8986    1.1379   -0.0154    0.9288    1.1379   -0.0110
    0.9540    1.1379   -0.0072    0.9740    1.1379   -0.0041
    0.9884    1.1379   -0.0018    0.9971    1.1379   -0.0005
    1.0000    1.1379    0.0000
    1.0000    1.2414    0.0000    0.9971    1.2414    0.0002
    0.9883    1.2414    0.0010    0.9737    1.2414    0.0021
    0.9536    1.2414    0.0037    0.9282    1.2414    0.0055
    0.8977    1.2414    0.0077    0.8625    1.2414    0.0100
    0.8231    1.2414    0.0124    0.7799    1.2414    0.0148
    0.7334    1.2414    0.0172    0.6841    1.2414    0.0194
    0.6327    1.2414    0.0214    0.5797    1.2414    0.0231
    0.5258    1.2414    0.0244    0.4716    1.2414    0.0252
    0.4177    1.2414    0.0254    0.3648    1.2414    0.0250
    0.3135    1.2414    0.0237    0.2644    1.2414    0.0217
    0.2181    1.2414    0.0187    0.1751    1.2414    0.0149
    0.1360    1.2414    0.0103    0.1011    1.2414    0.0049
    0.0709    1.2414   -0.0012    0.0458    1.2414   -0.0079
    0.0260    1.2414   -0.0150    0.0118    1.2414   -0.0225
    0.0034    1.2414   -0.0303    0.0007    1.2414   -0.0382
    0.0040    1.2414   -0.0460    0.0130    1.2414   -0.0531
    0.0277    1.2414   -0.0595    0.0480    1.2414   -0.0651
    0.0736    1.2414   -0.0698    0.1041    1.2414   -0.0736
    0.1393    1.2414   -0.0763    0.1787    1.2414   -0.0780
    0.2218    1.2414   -0.0785    0.2682    1.2414   -0.0778
    0.3173    1.2414   -0.0761    0.3686    1.2414   -0.0734
    0.4214    1.2414   -0.0699    0.4751    1.2414   -0.0655
    0.5290    1.2414   -0.0606    0.5827    1.2414   -0.0552
    0.6354    1.2414   -0.0495    0.6865    1.2414   -0.0435
    0.7354    1.2414   -0.0375    0.7816    1.2414   -0.0316
    0.8246    1.2414   -0.0259    0.8637    1.2414   -0.0205
    0.8986    1.2414   -0.0155    0.9288    1.2414   -0.0110
    0.9540    1.2414   -0.0072    0.9740    1.2414   -0.0041
    0.9884    1.2414   -0.0019    0.9971    1.2414   -0.0005
    1.0000    1.2414    0.0000
    1.0000    1.3448    0.0000    0.9971    1.3448    0.0002
    0.9883    1.3448    0.0010    0.9737    1.3448    0.0021
    0.9536    1.3448    0.0036    0.9282    1.3448    0.0055
    0.8977    1.3448    0.0076    0.8625    1.3448    0.0099
    0.8231    1.3448    0.0123    0.7799    1.3448    0.0148
    0.7333    1.3448    0.0171    0.6841    1.3448    0.0193
    0.6327    1.3448    0.0213    0.5797    1.3448    0.0230
    0.5258    1.3448    0.0243    0.4716    1.3448    0.0250
    0.4177    1.3448    0.0252    0.3648    1.3448    0.0247
    0.3135    1.3448    0.0235    0.2644    1.3448    0.0214
    0.2181    1.3448    0.0185    0.1751    1.3448    0.0147
    0.1360    1.3448    0.0100    0.1011    1.3448    0.0046
    0.0709    1.3448   -0.0015    0.0458    1.3448   -0.0082
    0.0260    1.3448   -0.0154    0.0118    1.3448   -0.0229
    0.0034    1.3448   -0.0306    0.0007    1.3448   -0.0386
    0.0040    1.3448   -0.0463    0.0130    1.3448   -0.0534
    0.0278    1.3448   -0.0598    0.0480    1.3448   -0.0654
    0.0736    1.3448   -0.0702    0.1041    1.3448   -0.0739
    0.1393    1.3448   -0.0766    0.1787    1.3448   -0.0782
    0.2219    1.3448   -0.0787    0.2683    1.3448   -0.0781
    0.3174    1.3448   -0.0764    0.3686    1.3448   -0.0737
    0.4214    1.3448   -0.0701    0.4751    1.3448   -0.0657
    0.5291    1.3448   -0.0608    0.5827    1.3448   -0.0553
    0.6354    1.3448   -0.0496    0.6865    1.3448   -0.0436
    0.7355    1.3448   -0.0376    0.7817    1.3448   -0.0317
    0.8246    1.3448   -0.0259    0.8637    1.3448   -0.0205
    0.8986    1.3448   -0.0155    0.9288    1.3448   -0.0110
    0.9540    1.3448   -0.0072    0.9740    1.3448   -0.0041
    0.9884    1.3448   -0.0019    0.9971    1.3448   -0.0005
    1.0000    1.3448    0.0000
    1.0000    1.4483    0.0000    0.9971    1.4483    0.0002
    0.9883    1.4483    0.0009    0.9737    1.4483    0.0021
    0.9536    1.4483    0.0036    0.9282    1.4483    0.0055
    0.8977    1.4483    0.0076    0.8625    1.4483    0.0099
    0.8231    1.4483    0.0123    0.7799    1.4483    0.0147
    0.7333    1.4483    0.0170    0.6841    1.4483    0.0192
    0.6327    1.4483    0.0212    0.5797    1.4483    0.0228
    0.5258    1.4483    0.0241    0.4716    1.4483    0.0249
    0.4177    1.4483    0.0250    0.3648    1.4483    0.0245
    0.3135    1.4483    0.0232    0.2644    1.4483    0.0211
    0.2181    1.4483    0.0182    0.1751    1.4483    0.0144
    0.1360    1.4483    0.0097    0.1011    1.4483    0.0043
    0.0709    1.4483   -0.0018    0.0458    1.4483   -0.0085
    0.0260    1.4483   -0.0157    0.0118    1.4483   -0.0232
    0.0034    1.4483   -0.0310    0.0008    1.4483   -0.0389
    0.0040    1.4483   -0.0467    0.0130    1.4483   -0.0538
    0.0278    1.4483   -0.0602    0.0481    1.4483   -0.0658
    0.0736    1.4483   -0.0705    0.1042    1.4483   -0.0742
    0.1393    1.4483   -0.0769    0.1787    1.4483   -0.0785
    0.2219    1.4483   -0.0790    0.2683    1.4483   -0.0783
    0.3174    1.4483   -0.0766    0.3686    1.4483   -0.0739
    0.4214    1.4483   -0.0703    0.4751    1.4483   -0.0659
    0.5291    1.4483   -0.0609    0.5827    1.4483   -0.0555
    0.6354    1.4483   -0.0497    0.6865    1.4483   -0.0437
    0.7355    1.4483   -0.0377    0.7817    1.4483   -0.0318
    0.8246    1.4483   -0.0260    0.8637    1.4483   -0.0206
    0.8986    1.4483   -0.0155    0.9288    1.4483   -0.0111
    0.9540    1.4483   -0.0072    0.9740    1.4483   -0.0041
    0.9884    1.4483   -0.0019    0.9971    1.4483   -0.0005
    1.0000    1.4483    0.0000
    1.0000    1.5517    0.0000    0.9971    1.5517    0.0002
    0.9883    1.5517    0.0009    0.9737    1.5517    0.0021
    0.9536    1.5517    0.0036    0.9282    1.5517    0.0055
    0.8977    1.5517    0.0076    0.8625    1.5517    0.0098
    0.8231    1.5517    0.0122    0.7798    1.5517    0.0146
    0.7333    1.5517    0.0169    0.6841    1.5517    0.0191
    0.6327    1.5517    0.0210    0.5797    1.5517    0.0227
    0.5258    1.5517    0.0239    0.4716    1.5517    0.0247
    0.4177    1.5517    0.0248    0.3648    1.5517    0.0243
    0.3135    1.5517    0.0230    0.2644    1.5517    0.0209
    0.2181    1.5517    0.0179    0.1751    1.5517    0.0141
    0.1360    1.5517    0.0094    0.1011    1.5517    0.0040
    0.0709    1.5517   -0.0022    0.0458    1.5517   -0.0089
    0.0261    1.5517   -0.0160    0.0119    1.5517   -0.0236
    0.0034    1.5517   -0.0313    0.0008    1.5517   -0.0393
    0.0040    1.5517   -0.0470    0.0131    1.5517   -0.0541
    0.0278    1.5517   -0.0605    0.0481    1.5517   -0.0661
    0.0736    1.5517   -0.0708    0.1042    1.5517   -0.0746
    0.1394    1.5517   -0.0772    0.1788    1.5517   -0.0788
    0.2219    1.5517   -0.0793    0.2683    1.5517   -0.0786
    0.3174    1.5517   -0.0768    0.3687    1.5517   -0.0741
    0.4214    1.5517   -0.0705    0.4751    1.5517   -0.0661
    0.5291    1.5517   -0.0611    0.5828    1.5517   -0.0556
    0.6354    1.5517   -0.0498    0.6866    1.5517   -0.0439
    0.7355    1.5517   -0.0378    0.7817    1.5517   -0.0318
    0.8246    1.5517   -0.0261    0.8637    1.5517   -0.0206
    0.8986    1.5517   -0.0156    0.9288    1.5517   -0.0111
    0.9540    1.5517   -0.0072    0.9740    1.5517   -0.0041
    0.9884    1.5517   -0.0019    0.9971    1.5517   -0.0005
    1.0000    1.5517    0.0000
    1.0000    1.6552    0.0000    0.9971    1.6552    0.0002
    0.9883    1.6552    0.0009    0.9737    1.6552    0.0021
    0.9536    1.6552    0.0036    0.9282    1.6552    0.0054
    0.8977    1.6552    0.0075    0.8625    1.6552    0.0098
    0.8231    1.6552    0.0121    0.7798    1.6552    0.0145
    0.7333    1.6552    0.0168    0.6841    1.6552    0.0190
    0.6326    1.6552    0.0209    0.5797    1.6552    0.0225
    0.5258    1.6552    0.0237    0.4715    1.6552    0.0245
    0.4177    1.6552    0.0246    0.3648    1.6552    0.0240
    0.3135    1.6552    0.0227    0.2644    1.6552    0.0206
    0.2181    1.6552    0.0176    0.1751    1.6552    0.0138
    0.1360    1.6552    0.0091    0.1011    1.6552    0.0036
    0.0709    1.6552   -0.0025    0.0458    1.6552   -0.0092
    0.0261    1.6552   -0.0164    0.0119    1.6552   -0.0239
    0.0034    1.6552   -0.0317    0.0008    1.6552   -0.0397
    0.0040    1.6552   -0.0474    0.0131    1.6552   -0.0545
    0.0278    1.6552   -0.0609    0.0481    1.6552   -0.0665
    0.0737    1.6552   -0.0712    0.1042    1.6552   -0.0749
    0.1394    1.6552   -0.0776    0.1788    1.6552   -0.0791
    0.2220    1.6552   -0.0796    0.2683    1.6552   -0.0789
    0.3175    1.6552   -0.0771    0.3687    1.6552   -0.0743
    0.4215    1.6552   -0.0707    0.4751    1.6552   -0.0663
    0.5291    1.6552   -0.0613    0.5828    1.6552   -0.0558
    0.6355    1.6552   -0.0500    0.6866    1.6552   -0.0440
    0.7355    1.6552   -0.0379    0.7817    1.6552   -0.0319
    0.8246    1.6552   -0.0261    0.8637    1.6552   -0.0207
    0.8986    1.6552   -0.0156    0.9288    1.6552   -0.0111
    0.9540    1.6552   -0.0073    0.9740    1.6552   -0.0042
    0.9884    1.6552   -0.0019    0.9971    1.6552   -0.0005
    1.0000    1.6552    0.0000
    1.0000    1.7586    0.0000    0.9971    1.7586    0.0002
    0.9883    1.7586    0.0009    0.9737    1.7586    0.0021
    0.9536    1.7586    0.0036    0.9282    1.7586    0.0054
    0.8977    1.7586    0.0075    0.8625    1.7586    0.0097
    0.8231    1.7586    0.0121    0.7798    1.7586    0.0144
    0.7333    1.7586    0.0167    0.6841    1.7586    0.0188
    0.6326    1.7586    0.0208    0.5797    1.7586    0.0224
    0.5257    1.7586    0.0235    0.4715    1.7586    0.0242
    0.4177    1.7586    0.0244    0.3648    1.7586    0.0238
    0.3135    1.7586    0.0224    0.2644    1.7586    0.0203
    0.2181    1.7586    0.0173    0.1751    1.7586    0.0134
    0.1360    1.7586    0.0087    0.1011    1.7586    0.0032
    0.0709    1.7586   -0.0029    0.0458    1.7586   -0.0096
    0.0261    1.7586   -0.0168    0.0119    1.7586   -0.0244
    0.0034    1.7586   -0.0321    0.0008    1.7586   -0.0401
    0.0040    1.7586   -0.0478    0.0131    1.7586   -0.0549
    0.0278    1.7586   -0.0613    0.0481    1.7586   -0.0669
    0.0737    1.7586   -0.0716    0.1043    1.7586   -0.0753
    0.1394    1.7586   -0.0779    0.1788    1.7586   -0.0795
    0.2220    1.7586   -0.0799    0.2684    1.7586   -0.0792
    0.3175    1.7586   -0.0774    0.3687    1.7586   -0.0746
    0.4215    1.7586   -0.0709    0.4752    1.7586   -0.0665
    0.5292    1.7586   -0.0615    0.5828    1.7586   -0.0560
    0.6355    1.7586   -0.0501    0.6866    1.7586   -0.0441
    0.7355    1.7586   -0.0380    0.7817    1.7586   -0.0320
    0.8246    1.7586   -0.0262    0.8637    1.7586   -0.0207
    0.8986    1.7586   -0.0157    0.9288    1.7586   -0.0111
    0.9540    1.7586   -0.0073    0.9740    1.7586   -0.0042
    0.9884    1.7586   -0.0019    0.9971    1.7586   -0.0005
    1.0000    1.7586    0.0000
    1.0000    1.8621    0.0000    0.9971    1.8621    0.0002
    0.9883    1.8621    0.0009    0.9737    1.8621    0.0021
    0.9536    1.8621    0.0036    0.9282    1.8621    0.0054
    0.8977    1.8621    0.0074    0.8625    1.8621    0.0097
    0.8231    1.8621    0.0120    0.7798    1.8621    0.0143
    0.7333    1.8621    0.0166    0.6841    1.8621    0.0187
    0.6326    1.8621    0.0206    0.5796    1.8621    0.0222
    0.5257    1.8621    0.0233    0.4715    1.8621    0.0240
    0.4177    1.8621    0.0241    0.3648    1.8621    0.0235
    0.3135    1.8621    0.0221    0.2644    1.8621    0.0199
    0.2181    1.8621    0.0169    0.1751    1.8621    0.0130
    0.1360    1.8621    0.0083    0.1011    1.8621    0.0028
    0.0709    1.8621   -0.0033    0.0458    1.8621   -0.0101
    0.0261    1.8621   -0.0173    0.0119    1.8621   -0.0248
    0.0034    1.8621   -0.0326    0.0008    1.8621   -0.0406
    0.0041    1.8621   -0.0483    0.0131    1.8621   -0.0554
    0.0279    1.8621   -0.0617    0.0482    1.8621   -0.0673
    0.0737    1.8621   -0.0720    0.1043    1.8621   -0.0757
    0.1395    1.8621   -0.0783    0.1789    1.8621   -0.0799
    0.2220    1.8621   -0.0803    0.2684    1.8621   -0.0795
    0.3175    1.8621   -0.0777    0.3688    1.8621   -0.0749
    0.4215    1.8621   -0.0712    0.4752    1.8621   -0.0668
    0.5292    1.8621   -0.0617    0.5828    1.8621   -0.0562
    0.6355    1.8621   -0.0503    0.6866    1.8621   -0.0443
    0.7355    1.8621   -0.0381    0.7817    1.8621   -0.0321
    0.8246    1.8621   -0.0263    0.8637    1.8621   -0.0208
    0.8986    1.8621   -0.0157    0.9288    1.8621   -0.0112
    0.9540    1.8621   -0.0073    0.9740    1.8621   -0.0042
    0.9884    1.8621   -0.0019    0.9971    1.8621   -0.0005
    1.0000    1.8621    0.0000
    1.0000    1.9655    0.0000    0.9971    1.9655    0.0002
    0.9883    1.9655    0.0009    0.9737    1.9655    0.0020
    0.9536    1.9655    0.0035    0.9281    1.9655    0.0053
    0.8977    1.9655    0.0074    0.8625    1.9655    0.0096
    0.8231    1.9655    0.0119    0.7798    1.9655    0.0142
    0.7333    1.9655    0.0164    0.6840    1.9655    0.0185
    0.6326    1.9655    0.0204    0.5796    1.9655    0.0219
    0.5257    1.9655    0.0231    0.4715    1.9655    0.0237
    0.4176    1.9655    0.0238    0.3647    1.9655    0.0231
    0.3135    1.9655    0.0218    0.2644    1.9655    0.0196
    0.2181    1.9655    0.0165    0.1751    1.9655    0.0126
    0.1359    1.9655    0.0078    0.1011    1.9655    0.0023
    0.0709    1.9655   -0.0038    0.0458    1.9655   -0.0106
    0.0261    1.9655   -0.0178    0.0119    1.9655   -0.0254
    0.0035    1.9655   -0.0331    0.0008    1.9655   -0.0411
    0.0041    1.9655   -0.0488    0.0132    1.9655   -0.0559
    0.0279    1.9655   -0.0623    0.0482    1.9655   -0.0678
    0.0738    1.9655   -0.0725    0.1043    1.9655   -0.0762
    0.1395    1.9655   -0.0788    0.1789    1.9655   -0.0803
    0.2221    1.9655   -0.0807    0.2685    1.9655   -0.0799
    0.3176    1.9655   -0.0781    0.3688    1.9655   -0.0752
    0.4216    1.9655   -0.0715    0.4752    1.9655   -0.0670
    0.5292    1.9655   -0.0620    0.5829    1.9655   -0.0564
    0.6355    1.9655   -0.0505    0.6866    1.9655   -0.0444
    0.7356    1.9655   -0.0383    0.7817    1.9655   -0.0322
    0.8246    1.9655   -0.0264    0.8637    1.9655   -0.0209
    0.8986    1.9655   -0.0158    0.9288    1.9655   -0.0112
    0.9541    1.9655   -0.0073    0.9740    1.9655   -0.0042
    0.9884    1.9655   -0.0019    0.9971    1.9655   -0.0005
    1.0000    1.9655    0.0000
    1.0000    2.0690    0.0000    0.9971    2.0690    0.0002
    0.9883    2.0690    0.0009    0.9737    2.0690    0.0020
    0.9536    2.0690    0.0035    0.9281    2.0690    0.0053
    0.8977    2.0690    0.0073    0.8625    2.0690    0.0095
    0.8230    2.0690    0.0118    0.7798    2.0690    0.0141
    0.7333    2.0690    0.0163    0.6840    2.0690    0.0183
    0.6326    2.0690    0.0202    0.5796    2.0690    0.0217
    0.5257    2.0690    0.0228    0.4715    2.0690    0.0234
    0.4176    2.0690    0.0234    0.3647    2.0690    0.0228
    0.3134    2.0690    0.0213    0.2644    2.0690    0.0191
    0.2181    2.0690    0.0160    0.1751    2.0690    0.0121
    0.1359    2.0690    0.0073    0.1011    2.0690    0.0018
    0.0709    2.0690   -0.0044    0.0458    2.0690   -0.0112
    0.0261    2.0690   -0.0184    0.0119    2.0690   -0.0260
    0.0035    2.0690   -0.0338    0.0009    2.0690   -0.0417
    0.0041    2.0690   -0.0494    0.0132    2.0690   -0.0565
    0.0279    2.0690   -0.0629    0.0482    2.0690   -0.0684
    0.0738    2.0690   -0.0731    0.1044    2.0690   -0.0767
    0.1396    2.0690   -0.0793    0.1790    2.0690   -0.0808
    0.2221    2.0690   -0.0812    0.2685    2.0690   -0.0804
    0.3176    2.0690   -0.0785    0.3688    2.0690   -0.0756
    0.4216    2.0690   -0.0719    0.4753    2.0690   -0.0674
    0.5293    2.0690   -0.0622    0.5829    2.0690   -0.0566
    0.6356    2.0690   -0.0507    0.6867    2.0690   -0.0446
    0.7356    2.0690   -0.0385    0.7818    2.0690   -0.0324
    0.8246    2.0690   -0.0265    0.8638    2.0690   -0.0209
    0.8986    2.0690   -0.0158    0.9288    2.0690   -0.0113
    0.9541    2.0690   -0.0074    0.9740    2.0690   -0.0042
    0.9884    2.0690   -0.0019    0.9971    2.0690   -0.0005
    1.0000    2.0690    0.0000
    1.0000    2.1724    0.0000    0.9971    2.1724    0.0002
    0.9883    2.1724    0.0009    0.9737    2.1724    0.0020
    0.9536    2.1724    0.0035    0.9281    2.1724    0.0052
    0.8976    2.1724    0.0073    0.8625    2.1724    0.0094
    0.8230    2.1724    0.0117    0.7798    2.1724    0.0139
    0.7333    2.1724    0.0161    0.6840    2.1724    0.0181
    0.6326    2.1724    0.0199    0.5796    2.1724    0.0214
    0.5257    2.1724    0.0225    0.4715    2.1724    0.0230
    0.4176    2.1724    0.0230    0.3647    2.1724    0.0223
    0.3134    2.1724    0.0209    0.2643    2.1724    0.0186
    0.2180    2.1724    0.0155    0.1751    2.1724    0.0115
    0.1359    2.1724    0.0067    0.1011    2.1724    0.0012
    0.0709    2.1724   -0.0050    0.0459    2.1724   -0.0118
    0.0261    2.1724   -0.0191    0.0119    2.1724   -0.0266
    0.0035    2.1724   -0.0344    0.0009    2.1724   -0.0424
    0.0042    2.1724   -0.0501    0.0132    2.1724   -0.0572
    0.0280    2.1724   -0.0635    0.0483    2.1724   -0.0691
    0.0739    2.1724   -0.0737    0.1044    2.1724   -0.0773
    0.1396    2.1724   -0.0799    0.1790    2.1724   -0.0814
    0.2222    2.1724   -0.0817    0.2686    2.1724   -0.0809
    0.3177    2.1724   -0.0790    0.3689    2.1724   -0.0761
    0.4217    2.1724   -0.0723    0.4753    2.1724   -0.0677
    0.5293    2.1724   -0.0626    0.5829    2.1724   -0.0569
    0.6356    2.1724   -0.0510    0.6867    2.1724   -0.0448
    0.7356    2.1724   -0.0386    0.7818    2.1724   -0.0325
    0.8247    2.1724   -0.0266    0.8638    2.1724   -0.0210
    0.8986    2.1724   -0.0159    0.9288    2.1724   -0.0113
    0.9541    2.1724   -0.0074    0.9740    2.1724   -0.0042
    0.9884    2.1724   -0.0019    0.9971    2.1724   -0.0005
    1.0000    2.1724    0.0000
    1.0000    2.2759    0.0000    0.9971    2.2759    0.0002
    0.9883    2.2759    0.0009    0.9737    2.2759    0.0020
    0.9536    2.2759    0.0034    0.9281    2.2759    0.0052
    0.8976    2.2759    0.0072    0.8625    2.2759    0.0093
    0.8230    2.2759    0.0115    0.7798    2.2759    0.0137
    0.7333    2.2759    0.0159    0.6840    2.2759    0.0179
    0.6326    2.2759    0.0196    0.5796    2.2759    0.0211
    0.5257    2.2759    0.0221    0.4715    2.2759    0.0226
    0.4176    2.2759    0.0226    0.3647    2.2759    0.0218
    0.3134    2.2759    0.0203    0.2643    2.2759    0.0180
    0.2180    2.2759    0.0149    0.1751    2.2759    0.0109
    0.1359    2.2759    0.0061    0.1011    2.2759    0.0005
    0.0710    2.2759   -0.0058    0.0459    2.2759   -0.0126
    0.0261    2.2759   -0.0198    0.0120    2.2759   -0.0274
    0.0035    2.2759   -0.0352    0.0009    2.2759   -0.0432
    0.0042    2.2759   -0.0509    0.0133    2.2759   -0.0580
    0.0280    2.2759   -0.0643    0.0483    2.2759   -0.0698
    0.0739    2.2759   -0.0744    0.1045    2.2759   -0.0780
    0.1397    2.2759   -0.0806    0.1791    2.2759   -0.0820
    0.2222    2.2759   -0.0823    0.2686    2.2759   -0.0814
    0.3177    2.2759   -0.0795    0.3690    2.2759   -0.0766
    0.4217    2.2759   -0.0727    0.4754    2.2759   -0.0681
    0.5293    2.2759   -0.0629    0.5830    2.2759   -0.0573
    0.6356    2.2759   -0.0513    0.6867    2.2759   -0.0451
    0.7356    2.2759   -0.0388    0.7818    2.2759   -0.0327
    0.8247    2.2759   -0.0268    0.8638    2.2759   -0.0211
    0.8986    2.2759   -0.0160    0.9289    2.2759   -0.0114
    0.9541    2.2759   -0.0074    0.9740    2.2759   -0.0042
    0.9884    2.2759   -0.0019    0.9971    2.2759   -0.0005
    1.0000    2.2759    0.0000
    1.0000    2.3793    0.0000    0.9971    2.3793    0.0002
    0.9883    2.3793    0.0009    0.9737    2.3793    0.0020
    0.9536    2.3793    0.0034    0.9281    2.3793    0.0051
    0.8976    2.3793    0.0071    0.8625    2.3793    0.0092
    0.8230    2.3793    0.0114    0.7798    2.3793    0.0135
    0.7333    2.3793    0.0156    0.6840    2.3793    0.0176
    0.6326    2.3793    0.0193    0.5796    2.3793    0.0207
    0.5257    2.3793    0.0217    0.4714    2.3793    0.0222
    0.4176    2.3793    0.0220    0.3647    2.3793    0.0213
    0.3134    2.3793    0.0197    0.2643    2.3793    0.0174
    0.2180    2.3793    0.0142    0.1751    2.3793    0.0101
    0.1359    2.3793    0.0053    0.1011    2.3793   -0.0003
    0.0710    2.3793   -0.0066    0.0459    2.3793   -0.0134
    0.0261    2.3793   -0.0207    0.0120    2.3793   -0.0283
    0.0036    2.3793   -0.0361    0.0010    2.3793   -0.0441
    0.0042    2.3793   -0.0518    0.0133    2.3793   -0.0588
    0.0281    2.3793   -0.0651    0.0484    2.3793   -0.0706
    0.0740    2.3793   -0.0752    0.1046    2.3793   -0.0788
    0.1398    2.3793   -0.0813    0.1792    2.3793   -0.0827
    0.2223    2.3793   -0.0830    0.2687    2.3793   -0.0821
    0.3178    2.3793   -0.0801    0.3690    2.3793   -0.0771
    0.4218    2.3793   -0.0732    0.4754    2.3793   -0.0686
    0.5294    2.3793   -0.0633    0.5830    2.3793   -0.0576
    0.6357    2.3793   -0.0516    0.6868    2.3793   -0.0453
    0.7357    2.3793   -0.0391    0.7818    2.3793   -0.0329
    0.8247    2.3793   -0.0269    0.8638    2.3793   -0.0213
    0.8987    2.3793   -0.0161    0.9289    2.3793   -0.0114
    0.9541    2.3793   -0.0075    0.9740    2.3793   -0.0043
    0.9884    2.3793   -0.0019    0.9971    2.3793   -0.0005
    1.0000    2.3793    0.0000
    1.0000    2.4828    0.0000    0.9971    2.4828    0.0002
    0.9883    2.4828    0.0009    0.9737    2.4828    0.0019
    0.9536    2.4828    0.0033    0.9281    2.4828    0.0051
    0.8976    2.4828    0.0070    0.8625    2.4828    0.0091
    0.8230    2.4828    0.0112    0.7798    2.4828    0.0133
    0.7332    2.4828    0.0154    0.6840    2.4828    0.0173
    0.6325    2.4828    0.0189    0.5796    2.4828    0.0203
    0.5256    2.4828    0.0212    0.4714    2.4828    0.0216
    0.4176    2.4828    0.0215    0.3647    2.4828    0.0206
    0.3134    2.4828    0.0190    0.2643    2.4828    0.0167
    0.2180    2.4828    0.0134    0.1750    2.4828    0.0093
    0.1359    2.4828    0.0044    0.1011    2.4828   -0.0012
    0.0710    2.4828   -0.0075    0.0459    2.4828   -0.0144
    0.0262    2.4828   -0.0216    0.0120    2.4828   -0.0293
    0.0036    2.4828   -0.0371    0.0010    2.4828   -0.0451
    0.0043    2.4828   -0.0528    0.0134    2.4828   -0.0598
    0.0282    2.4828   -0.0661    0.0485    2.4828   -0.0716
    0.0741    2.4828   -0.0761    0.1046    2.4828   -0.0797
    0.1398    2.4828   -0.0822    0.1792    2.4828   -0.0836
    0.2224    2.4828   -0.0838    0.2688    2.4828   -0.0828
    0.3179    2.4828   -0.0808    0.3691    2.4828   -0.0777
    0.4218    2.4828   -0.0738    0.4755    2.4828   -0.0691
    0.5295    2.4828   -0.0638    0.5831    2.4828   -0.0580
    0.6357    2.4828   -0.0519    0.6868    2.4828   -0.0457
    0.7357    2.4828   -0.0393    0.7819    2.4828   -0.0331
    0.8247    2.4828   -0.0271    0.8638    2.4828   -0.0214
    0.8987    2.4828   -0.0162    0.9289    2.4828   -0.0115
    0.9541    2.4828   -0.0075    0.9740    2.4828   -0.0043
    0.9884    2.4828   -0.0019    0.9971    2.4828   -0.0005
    1.0000    2.4828    0.0000
    1.0000    2.5862    0.0000    0.9971    2.5862    0.0002
    0.9883    2.5862    0.0009    0.9737    2.5862    0.0019
    0.9536    2.5862    0.0033    0.9281    2.5862    0.0050
    0.8976    2.5862    0.0069    0.8624    2.5862    0.0089
    0.8230    2.5862    0.0110    0.7798    2.5862    0.0131
    0.7332    2.5862    0.0151    0.6840    2.5862    0.0169
    0.6325    2.5862    0.0185    0.5795    2.5862    0.0198
    0.5256    2.5862    0.0207    0.4714    2.5862    0.0210
    0.4175    2.5862    0.0208    0.3646    2.5862    0.0199
    0.3134    2.5862    0.0183    0.2643    2.5862    0.0158
    0.2180    2.5862    0.0125    0.1750    2.5862    0.0084
    0.1359    2.5862    0.0035    0.1011    2.5862   -0.0022
    0.0710    2.5862   -0.0085    0.0459    2.5862   -0.0154
    0.0262    2.5862   -0.0227    0.0120    2.5862   -0.0304
    0.0036    2.5862   -0.0382    0.0011    2.5862   -0.0462
    0.0044    2.5862   -0.0539    0.0134    2.5862   -0.0609
    0.0282    2.5862   -0.0672    0.0486    2.5862   -0.0726
    0.0741    2.5862   -0.0772    0.1047    2.5862   -0.0807
    0.1399    2.5862   -0.0832    0.1793    2.5862   -0.0845
    0.2225    2.5862   -0.0846    0.2689    2.5862   -0.0836
    0.3180    2.5862   -0.0815    0.3692    2.5862   -0.0784
    0.4219    2.5862   -0.0745    0.4756    2.5862   -0.0697
    0.5295    2.5862   -0.0643    0.5831    2.5862   -0.0585
    0.6358    2.5862   -0.0523    0.6869    2.5862   -0.0460
    0.7358    2.5862   -0.0396    0.7819    2.5862   -0.0333
    0.8248    2.5862   -0.0273    0.8638    2.5862   -0.0215
    0.8987    2.5862   -0.0163    0.9289    2.5862   -0.0116
    0.9541    2.5862   -0.0076    0.9740    2.5862   -0.0043
    0.9884    2.5862   -0.0019    0.9971    2.5862   -0.0005
    1.0000    2.5862    0.0000
    1.0000    2.6897    0.0000    0.9971    2.6897    0.0002
    0.9883    2.6897    0.0008    0.9737    2.6897    0.0019
    0.9536    2.6897    0.0032    0.9281    2.6897    0.0049
    0.8976    2.6897    0.0067    0.8624    2.6897    0.0087
    0.8230    2.6897    0.0108    0.7797    2.6897    0.0128
    0.7332    2.6897    0.0148    0.6839    2.6897    0.0165
    0.6325    2.6897    0.0181    0.5795    2.6897    0.0193
    0.5256    2.6897    0.0201    0.4714    2.6897    0.0204
    0.4175    2.6897    0.0201    0.3646    2.6897    0.0191
    0.3133    2.6897    0.0174    0.2643    2.6897    0.0149
    0.2180    2.6897    0.0116    0.1750    2.6897    0.0074
    0.1359    2.6897    0.0024    0.1011    2.6897   -0.0033
    0.0710    2.6897   -0.0097    0.0459    2.6897   -0.0166
    0.0262    2.6897   -0.0239    0.0121    2.6897   -0.0316
    0.0037    2.6897   -0.0394    0.0011    2.6897   -0.0474
    0.0044    2.6897   -0.0551    0.0135    2.6897   -0.0621
    0.0283    2.6897   -0.0684    0.0486    2.6897   -0.0738
    0.0742    2.6897   -0.0783    0.1048    2.6897   -0.0818
    0.1400    2.6897   -0.0842    0.1794    2.6897   -0.0855
    0.2226    2.6897   -0.0856    0.2690    2.6897   -0.0845
    0.3181    2.6897   -0.0824    0.3693    2.6897   -0.0792
    0.4220    2.6897   -0.0752    0.4757    2.6897   -0.0704
    0.5296    2.6897   -0.0649    0.5832    2.6897   -0.0590
    0.6359    2.6897   -0.0528    0.6869    2.6897   -0.0464
    0.7358    2.6897   -0.0400    0.7819    2.6897   -0.0336
    0.8248    2.6897   -0.0275    0.8639    2.6897   -0.0217
    0.8987    2.6897   -0.0164    0.9289    2.6897   -0.0117
    0.9541    2.6897   -0.0076    0.9740    2.6897   -0.0044
    0.9884    2.6897   -0.0020    0.9971    2.6897   -0.0005
    1.0000    2.6897    0.0000
    1.0000    2.7931    0.0000    0.9971    2.7931    0.0002
    0.9883    2.7931    0.0008    0.9737    2.7931    0.0018
    0.9536    2.7931    0.0032    0.9281    2.7931    0.0048
    0.8976    2.7931    0.0066    0.8624    2.7931    0.0085
    0.8230    2.7931    0.0105    0.7797    2.7931    0.0125
    0.7332    2.7931    0.0144    0.6839    2.7931    0.0161
    0.6325    2.7931    0.0176    0.5795    2.7931    0.0187
    0.5256    2.7931    0.0194    0.4713    2.7931    0.0197
    0.4175    2.7931    0.0193    0.3646    2.7931    0.0183
    0.3133    2.7931    0.0165    0.2642    2.7931    0.0139
    0.2180    2.7931    0.0105    0.1750    2.7931    0.0063
    0.1359    2.7931    0.0012    0.1011    2.7931   -0.0046
    0.0710    2.7931   -0.0110    0.0460    2.7931   -0.0179
    0.0262    2.7931   -0.0253    0.0121    2.7931   -0.0329
    0.0037    2.7931   -0.0408    0.0012    2.7931   -0.0488
    0.0045    2.7931   -0.0565    0.0136    2.7931   -0.0635
    0.0284    2.7931   -0.0697    0.0487    2.7931   -0.0751
    0.0744    2.7931   -0.0796    0.1049    2.7931   -0.0831
    0.1401    2.7931   -0.0854    0.1796    2.7931   -0.0866
    0.2227    2.7931   -0.0867    0.2691    2.7931   -0.0855
    0.3182    2.7931   -0.0833    0.3694    2.7931   -0.0801
    0.4221    2.7931   -0.0760    0.4758    2.7931   -0.0711
    0.5297    2.7931   -0.0656    0.5833    2.7931   -0.0596
    0.6359    2.7931   -0.0533    0.6870    2.7931   -0.0468
    0.7359    2.7931   -0.0403    0.7820    2.7931   -0.0339
    0.8248    2.7931   -0.0277    0.8639    2.7931   -0.0219
    0.8987    2.7931   -0.0165    0.9289    2.7931   -0.0118
    0.9541    2.7931   -0.0077    0.9740    2.7931   -0.0044
    0.9884    2.7931   -0.0020    0.9971    2.7931   -0.0005
    1.0000    2.7931    0.0000
    1.0000    2.8966    0.0000    0.9971    2.8966    0.0002
    0.9883    2.8966    0.0008    0.9737    2.8966    0.0018
    0.9536    2.8966    0.0031    0.9281    2.8966    0.0047
    0.8976    2.8966    0.0064    0.8624    2.8966    0.0083
    0.8230    2.8966    0.0103    0.7797    2.8966    0.0122
    0.7332    2.8966    0.0140    0.6839    2.8966    0.0156
    0.6324    2.8966    0.0170    0.5794    2.8966    0.0181
    0.5255    2.8966    0.0187    0.4713    2.8966    0.0188
    0.4174    2.8966    0.0184    0.3646    2.8966    0.0173
    0.3133    2.8966    0.0154    0.2642    2.8966    0.0128
    0.2179    2.8966    0.0093    0.1750    2.8966    0.0050
    0.1359    2.8966   -0.0001    0.1011    2.8966   -0.0059
    0.0710    2.8966   -0.0124    0.0460    2.8966   -0.0194
    0.0263    2.8966   -0.0268    0.0122    2.8966   -0.0345
    0.0038    2.8966   -0.0423    0.0013    2.8966   -0.0503
    0.0046    2.8966   -0.0580    0.0137    2.8966   -0.0650
    0.0285    2.8966   -0.0712    0.0489    2.8966   -0.0766
    0.0745    2.8966   -0.0810    0.1051    2.8966   -0.0844
    0.1403    2.8966   -0.0867    0.1797    2.8966   -0.0879
    0.2228    2.8966   -0.0878    0.2692    2.8966   -0.0867
    0.3183    2.8966   -0.0844    0.3695    2.8966   -0.0811
    0.4222    2.8966   -0.0769    0.4759    2.8966   -0.0719
    0.5298    2.8966   -0.0663    0.5834    2.8966   -0.0602
    0.6360    2.8966   -0.0539    0.6871    2.8966   -0.0473
    0.7359    2.8966   -0.0407    0.7820    2.8966   -0.0342
    0.8249    2.8966   -0.0280    0.8639    2.8966   -0.0221
    0.8988    2.8966   -0.0167    0.9289    2.8966   -0.0119
    0.9541    2.8966   -0.0078    0.9740    2.8966   -0.0044
    0.9884    2.8966   -0.0020    0.9971    2.8966   -0.0005
    1.0000    2.8966    0.0000
    1.0000    3.0000    0.0000    0.9971    3.0000    0.0002
    0.9883    3.0000    0.0008    0.9737    3.0000    0.0018
    0.9536    3.0000    0.0030    0.9281    3.0000    0.0046
    0.8976    3.0000    0.0063    0.8624    3.0000    0.0081
    0.8229    3.0000    0.0100    0.7797    3.0000    0.0118
    0.7331    3.0000    0.0135    0.6839    3.0000    0.0151
    0.6324    3.0000    0.0164    0.5794    3.0000    0.0173
    0.5255    3.0000    0.0179    0.4713    3.0000    0.0179
    0.4174    3.0000    0.0174    0.3645    3.0000    0.0162
    0.3133    3.0000    0.0143    0.2642    3.0000    0.0115
    0.2179    3.0000    0.0080    0.1750    3.0000    0.0036
    0.1359    3.0000   -0.0016    0.1011    3.0000   -0.0075
    0.0710    3.0000   -0.0140    0.0460    3.0000   -0.0210
    0.0263    3.0000   -0.0284    0.0122    3.0000   -0.0361
    0.0039    3.0000   -0.0440    0.0014    3.0000   -0.0520
    0.0047    3.0000   -0.0597    0.0138    3.0000   -0.0667
    0.0286    3.0000   -0.0729    0.0490    3.0000   -0.0782
    0.0746    3.0000   -0.0826    0.1052    3.0000   -0.0859
    0.1404    3.0000   -0.0882    0.1798    3.0000   -0.0893
    0.2230    3.0000   -0.0892    0.2694    3.0000   -0.0879
    0.3185    3.0000   -0.0855    0.3697    3.0000   -0.0821
    0.4224    3.0000   -0.0778    0.4760    3.0000   -0.0728
    0.5299    3.0000   -0.0671    0.5835    3.0000   -0.0609
    0.6361    3.0000   -0.0545    0.6871    3.0000   -0.0478
    0.7360    3.0000   -0.0412    0.7821    3.0000   -0.0346
    0.8249    3.0000   -0.0283    0.8640    3.0000   -0.0223
    0.8988    3.0000   -0.0169    0.9290    3.0000   -0.0120
    0.9541    3.0000   -0.0078    0.9740    3.0000   -0.0045
    0.9884    3.0000   -0.0020    0.9971    3.0000   -0.0005
    1.0000    3.0000    0.0000
$POINTS for network #  2   wingtip                                           
       1.0
       1.0                                     0.0       0.0
      30.0       8.0                                                  wingtip   
    1.0000    3.0000    0.0000    0.9971    3.0000    0.0002
    0.9883    3.0000    0.0008    0.9737    3.0000    0.0018
    0.9536    3.0000    0.0030    0.9281    3.0000    0.0046
    0.8976    3.0000    0.0063    0.8624    3.0000    0.0081
    0.8229    3.0000    0.0100    0.7797    3.0000    0.0118
    0.7331    3.0000    0.0135    0.6839    3.0000    0.0151
    0.6324    3.0000    0.0164    0.5794    3.0000    0.0173
    0.5255    3.0000    0.0179    0.4713    3.0000    0.0179
    0.4174    3.0000    0.0174    0.3645    3.0000    0.0162
    0.3133    3.0000    0.0143    0.2642    3.0000    0.0115
    0.2179    3.0000    0.0080    0.1750    3.0000    0.0036
    0.1359    3.0000   -0.0016    0.1011    3.0000   -0.0075
    0.0710    3.0000   -0.0140    0.0460    3.0000   -0.0210
    0.0263    3.0000   -0.0284    0.0122    3.0000   -0.0361
    0.0039    3.0000   -0.0440    0.0014    3.0000   -0.0520
    1.0000    3.0000    0.0000    0.9971    3.0002    0.0002
    0.9883    3.0006    0.0007    0.9737    3.0014    0.0014
    0.9536    3.0024    0.0025    0.9281    3.0036    0.0037
    0.8976    3.0050    0.0051    0.8625    3.0066    0.0066
    0.8230    3.0083    0.0081    0.7798    3.0101    0.0095
    0.7333    3.0119    0.0108    0.6840    3.0137    0.0120
    0.6326    3.0154    0.0129    0.5796    3.0170    0.0135
    0.5257    3.0185    0.0137    0.4715    3.0197    0.0135
    0.4177    3.0207    0.0127    0.3648    3.0214    0.0113
    0.3135    3.0217    0.0093    0.2645    3.0216    0.0066
    0.2182    3.0211    0.0032    0.1752    3.0202   -0.0010
    0.1361    3.0188   -0.0059    0.1013    3.0170   -0.0113
    0.0712    3.0149   -0.0174    0.0462    3.0124   -0.0238
    0.0264    3.0097   -0.0306    0.0123    3.0066   -0.0376
    0.0039    3.0034   -0.0448    0.0014    3.0000   -0.0520
    1.0000    3.0000    0.0000    0.9971    3.0003    0.0001
    0.9883    3.0011    0.0003    0.9738    3.0024    0.0006
    0.9537    3.0042    0.0010    0.9283    3.0065    0.0014
    0.8978    3.0091    0.0019    0.8627    3.0119    0.0024
    0.8233    3.0150    0.0028    0.7801    3.0182    0.0031
    0.7337    3.0214    0.0032    0.6845    3.0246    0.0032
    0.6331    3.0277    0.0030    0.5802    3.0306    0.0026
    0.5263    3.0333    0.0019    0.4722    3.0355    0.0009
    0.4183    3.0373   -0.0005    0.3655    3.0385   -0.0023
    0.3142    3.0391   -0.0045    0.2652    3.0389   -0.0072
    0.2189    3.0380   -0.0103    0.1759    3.0363   -0.0139
    0.1368    3.0339   -0.0179    0.1019    3.0307   -0.0222
    0.0717    3.0269   -0.0269    0.0466    3.0224   -0.0318
    0.0268    3.0174   -0.0368    0.0125    3.0120   -0.0419
    0.0040    3.0061   -0.0470    0.0014    3.0000   -0.0520
    1.0000    3.0000    0.0000    0.9971    3.0003   -0.0001
    0.9883    3.0014   -0.0003    0.9738    3.0030   -0.0007
    0.9538    3.0053   -0.0012    0.9284    3.0081   -0.0019
    0.8981    3.0113   -0.0027    0.8630    3.0149   -0.0037
    0.8237    3.0187   -0.0049    0.7806    3.0227   -0.0062
    0.7342    3.0267   -0.0077    0.6851    3.0307   -0.0094
    0.6338    3.0346   -0.0112    0.5810    3.0382   -0.0131
    0.5272    3.0415   -0.0151    0.4731    3.0443   -0.0173
    0.4193    3.0465   -0.0196    0.3665    3.0480   -0.0220
    0.3153    3.0487   -0.0245    0.2662    3.0485   -0.0271
    0.2199    3.0474   -0.0298    0.1769    3.0453   -0.0325
    0.1377    3.0423   -0.0352    0.1027    3.0383   -0.0380
    0.0724    3.0335   -0.0406    0.0472    3.0279   -0.0432
    0.0272    3.0217   -0.0457    0.0129    3.0149   -0.0480
    0.0042    3.0077   -0.0501    0.0014    3.0000   -0.0520
    1.0000    3.0000    0.0000    0.9971    3.0003   -0.0002
    0.9883    3.0014   -0.0009    0.9739    3.0030   -0.0021
    0.9539    3.0053   -0.0036    0.9286    3.0081   -0.0056
    0.8983    3.0113   -0.0079    0.8634    3.0149   -0.0105
    0.8242    3.0187   -0.0134    0.7812    3.0227   -0.0166
    0.7349    3.0267   -0.0199    0.6859    3.0307   -0.0234
    0.6347    3.0346   -0.0269    0.5819    3.0382   -0.0305
    0.5282    3.0415   -0.0340    0.4742    3.0443   -0.0375
    0.4204    3.0465   -0.0408    0.3677    3.0480   -0.0439
    0.3164    3.0487   -0.0467    0.2674    3.0485   -0.0492
    0.2210    3.0474   -0.0514    0.1780    3.0453   -0.0532
    0.1387    3.0423   -0.0545    0.1036    3.0383   -0.0554
    0.0732    3.0335   -0.0559    0.0478    3.0279   -0.0560
    0.0277    3.0217   -0.0556    0.0132    3.0149   -0.0548
    0.0044    3.0077   -0.0536    0.0014    3.0000   -0.0520
    1.0000    3.0000    0.0000    0.9971    3.0003   -0.0004
    0.9884    3.0011   -0.0015    0.9740    3.0024   -0.0033
    0.9540    3.0042   -0.0058    0.9288    3.0065   -0.0089
    0.8986    3.0091   -0.0125    0.8637    3.0119   -0.0166
    0.8246    3.0150   -0.0211    0.7816    3.0182   -0.0259
    0.7355    3.0214   -0.0309    0.6865    3.0246   -0.0360
    0.6354    3.0277   -0.0411    0.5827    3.0306   -0.0462
    0.5291    3.0333   -0.0511    0.4751    3.0355   -0.0557
    0.4214    3.0373   -0.0599    0.3687    3.0385   -0.0636
    0.3175    3.0391   -0.0667    0.2684    3.0389   -0.0692
    0.2220    3.0380   -0.0709    0.1789    3.0363   -0.0718
    0.1396    3.0339   -0.0719    0.1044    3.0307   -0.0712
    0.0739    3.0269   -0.0697    0.0484    3.0224   -0.0674
    0.0282    3.0174   -0.0645    0.0135    3.0120   -0.0609
    0.0045    3.0061   -0.0567    0.0014    3.0000   -0.0520
    1.0000    3.0000    0.0000    0.9971    3.0002   -0.0005
    0.9884    3.0006   -0.0019    0.9740    3.0014   -0.0042
    0.9541    3.0024   -0.0073    0.9289    3.0036   -0.0112
    0.8987    3.0050   -0.0157    0.8639    3.0066   -0.0208
    0.8248    3.0083   -0.0264    0.7820    3.0101   -0.0323
    0.7358    3.0119   -0.0385    0.6870    3.0137   -0.0447
    0.6359    3.0154   -0.0510    0.5833    3.0170   -0.0571
    0.5297    3.0185   -0.0629    0.4758    3.0197   -0.0683
    0.4221    3.0207   -0.0731    0.3694    3.0214   -0.0773
    0.3182    3.0217   -0.0806    0.2691    3.0216   -0.0830
    0.2227    3.0211   -0.0844    0.1796    3.0202   -0.0847
    0.1402    3.0188   -0.0839    0.1050    3.0170   -0.0821
    0.0744    3.0149   -0.0792    0.0488    3.0124   -0.0754
    0.0285    3.0097   -0.0707    0.0137    3.0066   -0.0652
    0.0046    3.0034   -0.0589    0.0014    3.0000   -0.0520
    1.0000    3.0000    0.0000    0.9971    3.0000   -0.0005
    0.9884    3.0000   -0.0020    0.9740    3.0000   -0.0045
    0.9541    3.0000   -0.0078    0.9290    3.0000   -0.0120
    0.8988    3.0000   -0.0169    0.8640    3.0000   -0.0223
    0.8249    3.0000   -0.0283    0.7821    3.0000   -0.0346
    0.7360    3.0000   -0.0412    0.6871    3.0000   -0.0478
    0.6361    3.0000   -0.0545    0.5835    3.0000   -0.0609
    0.5299    3.0000   -0.0671    0.4760    3.0000   -0.0728
    0.4224    3.0000   -0.0778    0.3697    3.0000   -0.0821
    0.3185    3.0000   -0.0855    0.2694    3.0000   -0.0879
    0.2230    3.0000   -0.0892    0.1798    3.0000   -0.0893
    0.1404    3.0000   -0.0882    0.1052    3.0000   -0.0859
    0.0746    3.0000   -0.0826    0.0490    3.0000   -0.0782
    0.0286    3.0000   -0.0729    0.0138    3.0000   -0.0667
    0.0047    3.0000   -0.0597    0.0014    3.0000   -0.0520
$POINTS for network #  3   wingwake                                          
       1.0
      18.0                                     0.0       0.0
       2.0      30.0                                                  wingwake  
    1.0000    0.0000    0.0000   50.0000    0.0000    0.0000
    1.0000    0.1034    0.0000   50.0000    0.1034    0.0000
    1.0000    0.2069    0.0000   50.0000    0.2069    0.0000
    1.0000    0.3103    0.0000   50.0000    0.3103    0.0000
    1.0000    0.4138    0.0000   50.0000    0.4138    0.0000
    1.0000    0.5172    0.0000   50.0000    0.5172    0.0000
    1.0000    0.6207    0.0000   50.0000    0.6207    0.0000
    1.0000    0.7241    0.0000   50.0000    0.7241    0.0000
    1.0000    0.8276    0.0000   50.0000    0.8276    0.0000
    1.0000    0.9310    0.0000   50.0000    0.9310    0.0000
    1.0000    1.0345    0.0000   50.0000    1.0345    0.0000
    1.0000    1.1379    0.0000   50.0000    1.1379    0.0000
    1.0000    1.2414    0.0000   50.0000    1.2414    0.0000
    1.0000    1.3448    0.0000   50.0000    1.3448    0.0000
    1.0000    1.4483    0.0000   50.0000    1.4483    0.0000
    1.0000    1.5517    0.0000   50.0000    1.5517    0.0000
    1.0000    1.6552    0.0000   50.0000    1.6552    0.0000
    1.0000    1.7586    0.0000   50.0000    1.7586    0.0000
    1.0000    1.8621    0.0000   50.0000    1.8621    0.0000
    1.0000    1.9655    0.0000   50.0000    1.9655    0.0000
    1.0000    2.0690    0.0000   50.0000    2.0690    0.0000
    1.0000    2.1724    0.0000   50.0000    2.1724    0.0000
    1.0000    2.2759    0.0000   50.0000    2.2759    0.0000
    1.0000    2.3793    0.0000   50.0000    2.3793    0.0000
    1.0000    2.4828    0.0000   50.0000    2.4828    0.0000
    1.0000    2.5862    0.0000   50.0000    2.5862    0.0000
    1.0000    2.6897    0.0000   50.0000    2.6897    0.0000
    1.0000    2.7931    0.0000   50.0000    2.7931    0.0000
    1.0000    2.8966    0.0000   50.0000    2.8966    0.0000
    1.0000    3.0000    0.0000   50.0000    3.0000    0.0000
$END OF INPUT DATA
