$TITLE    Created by panin, version 1.0 (4Jan2000) on                
INPUT FILE FOR PanAir (A502-ht2)                                                
Created by PANIN                                                                
$DATACHECK
    0.0000
$SYM
    1.0000    0.0000
$MACH NUMBER
    0.5000
$CASES
    1.0000
$ANGLES OF ATTACK
    0.0000
    7.4200
$YAW ANGLES
    0.0000
    0.0000
$REFERENCE DATA FOR 3-D FORCES AND MOMENTS
    0.2500    0.0000    0.0000    1.0000
    6.0000    6.0000    1.0000    6.0000
$PRINTOUT CONTROL
       0.0       0.0       0.0       0.0       0.0       0.0
       0.0       0.0       0.0       0.0       0.0       0.0
$EAT
  0.000000       0.0       0.0       0.0       0.0       0.0
$VELOCITY CORRECTION
    0.0000
$POINTS for network #  1   wing                                              
       1.0
       1.0                                     0.0       0.0
      59.0      30.0                                                  wing      
    1.0000    0.0000    0.0000    0.9971    0.0000    0.0004
    0.9883    0.0000    0.0014    0.9738    0.0000    0.0031
    0.9538    0.0000    0.0054    0.9284    0.0000    0.0083
    0.8980    0.0000    0.0116    0.8630    0.0000    0.0152
    0.8237    0.0000    0.0192    0.7806    0.0000    0.0232
    0.7342    0.0000    0.0274    0.6851    0.0000    0.0315
    0.6338    0.0000    0.0355    0.5809    0.0000    0.0392
    0.5271    0.0000    0.0425    0.4729    0.0000    0.0454
    0.4191    0.0000    0.0477    0.3662    0.0000    0.0492
    0.3149    0.0000    0.0500    0.2658    0.0000    0.0498
    0.2194    0.0000    0.0486    0.1763    0.0000    0.0465
    0.1370    0.0000    0.0434    0.1020    0.0000    0.0393
    0.0716    0.0000    0.0344    0.0462    0.0000    0.0286
    0.0262    0.0000    0.0222    0.0117    0.0000    0.0153
    0.0029    0.0000    0.0079    0.0000    0.0000    0.0000
    0.0029    0.0000   -0.0079    0.0117    0.0000   -0.0153
    0.0262    0.0000   -0.0222    0.0462    0.0000   -0.0286
    0.0716    0.0000   -0.0344    0.1020    0.0000   -0.0393
    0.1370    0.0000   -0.0434    0.1763    0.0000   -0.0465
    0.2194    0.0000   -0.0486    0.2658    0.0000   -0.0498
    0.3149    0.0000   -0.0500    0.3662    0.0000   -0.0492
    0.4191    0.0000   -0.0477    0.4729    0.0000   -0.0454
    0.5271    0.0000   -0.0425    0.5809    0.0000   -0.0392
    0.6338    0.0000   -0.0355    0.6851    0.0000   -0.0315
    0.7342    0.0000   -0.0274    0.7806    0.0000   -0.0232
    0.8237    0.0000   -0.0192    0.8630    0.0000   -0.0152
    0.8980    0.0000   -0.0116    0.9284    0.0000   -0.0083
    0.9538    0.0000   -0.0054    0.9738    0.0000   -0.0031
    0.9883    0.0000   -0.0014    0.9971    0.0000   -0.0004
    1.0000    0.0000    0.0000
    1.0000    0.1034    0.0000    0.9971    0.1034    0.0003
    0.9883    0.1034    0.0010    0.9737    0.1034    0.0023
    0.9536    0.1034    0.0040    0.9282    0.1034    0.0060
    0.8977    0.1034    0.0083    0.8626    0.1034    0.0109
    0.8232    0.1034    0.0135    0.7800    0.1034    0.0162
    0.7335    0.1034    0.0189    0.6842    0.1034    0.0214
    0.6328    0.1034    0.0238    0.5799    0.1034    0.0258
    0.5260    0.1034    0.0274    0.4717    0.1034    0.0286
    0.4179    0.1034    0.0291    0.3650    0.1034    0.0290
    0.3137    0.1034    0.0281    0.2646    0.1034    0.0263
    0.2183    0.1034    0.0237    0.1752    0.1034    0.0202
    0.1361    0.1034    0.0158    0.1012    0.1034    0.0106
    0.0709    0.1034    0.0047    0.0458    0.1034   -0.0018
    0.0260    0.1034   -0.0088    0.0117    0.1034   -0.0163
    0.0032    0.1034   -0.0240    0.0005    0.1034   -0.0319
    0.0037    0.1034   -0.0397    0.0127    0.1034   -0.0468
    0.0274    0.1034   -0.0533    0.0476    0.1034   -0.0591
    0.0731    0.1034   -0.0640    0.1037    0.1034   -0.0679
    0.1388    0.1034   -0.0709    0.1782    0.1034   -0.0728
    0.2214    0.1034   -0.0735    0.2678    0.1034   -0.0732
    0.3169    0.1034   -0.0718    0.3681    0.1034   -0.0694
    0.4209    0.1034   -0.0662    0.4746    0.1034   -0.0622
    0.5287    0.1034   -0.0576    0.5824    0.1034   -0.0525
    0.6351    0.1034   -0.0471    0.6862    0.1034   -0.0415
    0.7352    0.1034   -0.0359    0.7814    0.1034   -0.0302
    0.8244    0.1034   -0.0248    0.8636    0.1034   -0.0196
    0.8985    0.1034   -0.0148    0.9287    0.1034   -0.0106
    0.9540    0.1034   -0.0069    0.9739    0.1034   -0.0040
    0.9884    0.1034   -0.0018    0.9971    0.1034   -0.0004
    1.0000    0.1034    0.0000
    1.0000    0.2069    0.0000    0.9971    0.2069    0.0002
    0.9883    0.2069    0.0009    0.9737    0.2069    0.0020
    0.9536    0.2069    0.0035    0.9281    0.2069    0.0053
    0.8977    0.2069    0.0074    0.8625    0.2069    0.0096
    0.8231    0.2069    0.0119    0.7798    0.2069    0.0142
    0.7333    0.2069    0.0165    0.6840    0.2069    0.0186
    0.6326    0.2069    0.0204    0.5796    0.2069    0.0220
    0.5257    0.2069    0.0231    0.4715    0.2069    0.0238
    0.4176    0.2069    0.0239    0.3648    0.2069    0.0232
    0.3135    0.2069    0.0219    0.2644    0.2069    0.0197
    0.2181    0.2069    0.0166    0.1751    0.2069    0.0127
    0.1360    0.2069    0.0080    0.1011    0.2069    0.0025
    0.0709    0.2069   -0.0037    0.0458    0.2069   -0.0104
    0.0261    0.2069   -0.0176    0.0119    0.2069   -0.0252
    0.0034    0.2069   -0.0330    0.0008    0.2069   -0.0409
    0.0041    0.2069   -0.0487    0.0131    0.2069   -0.0557
    0.0279    0.2069   -0.0621    0.0482    0.2069   -0.0677
    0.0738    0.2069   -0.0723    0.1043    0.2069   -0.0760
    0.1395    0.2069   -0.0787    0.1789    0.2069   -0.0802
    0.2221    0.2069   -0.0806    0.2684    0.2069   -0.0798
    0.3176    0.2069   -0.0780    0.3688    0.2069   -0.0751
    0.4215    0.2069   -0.0714    0.4752    0.2069   -0.0670
    0.5292    0.2069   -0.0619    0.5828    0.2069   -0.0563
    0.6355    0.2069   -0.0504    0.6866    0.2069   -0.0444
    0.7355    0.2069   -0.0382    0.7817    0.2069   -0.0322
    0.8246    0.2069   -0.0264    0.8637    0.2069   -0.0208
    0.8986    0.2069   -0.0157    0.9288    0.2069   -0.0112
    0.9540    0.2069   -0.0073    0.9740    0.2069   -0.0042
    0.9884    0.2069   -0.0019    0.9971    0.2069   -0.0005
    1.0000    0.2069    0.0000
    1.0000    0.3103    0.0000    0.9971    0.3103    0.0002
    0.9883    0.3103    0.0009    0.9737    0.3103    0.0019
    0.9536    0.3103    0.0033    0.9281    0.3103    0.0050
    0.8976    0.3103    0.0068    0.8624    0.3103    0.0089
    0.8230    0.3103    0.0110    0.7798    0.3103    0.0130
    0.7332    0.3103    0.0150    0.6839    0.3103    0.0168
    0.6325    0.3103    0.0184    0.5795    0.3103    0.0197
    0.5256    0.3103    0.0205    0.4714    0.3103    0.0209
    0.4175    0.3103    0.0207    0.3646    0.3103    0.0198
    0.3134    0.3103    0.0181    0.2643    0.3103    0.0156
    0.2180    0.3103    0.0123    0.1750    0.3103    0.0082
    0.1359    0.3103    0.0033    0.1011    0.3103   -0.0024
    0.0710    0.3103   -0.0088    0.0459    0.3103   -0.0157
    0.0262    0.3103   -0.0230    0.0120    0.3103   -0.0306
    0.0036    0.3103   -0.0384    0.0011    0.3103   -0.0464
    0.0044    0.3103   -0.0541    0.0135    0.3103   -0.0612
    0.0283    0.3103   -0.0674    0.0486    0.3103   -0.0729
    0.0742    0.3103   -0.0774    0.1047    0.3103   -0.0809
    0.1399    0.3103   -0.0834    0.1794    0.3103   -0.0847
    0.2225    0.3103   -0.0848    0.2689    0.3103   -0.0838
    0.3180    0.3103   -0.0817    0.3692    0.3103   -0.0786
    0.4219    0.3103   -0.0746    0.4756    0.3103   -0.0698
    0.5296    0.3103   -0.0645    0.5832    0.3103   -0.0586
    0.6358    0.3103   -0.0524    0.6869    0.3103   -0.0461
    0.7358    0.3103   -0.0397    0.7819    0.3103   -0.0334
    0.8248    0.3103   -0.0273    0.8639    0.3103   -0.0216
    0.8987    0.3103   -0.0163    0.9289    0.3103   -0.0116
    0.9541    0.3103   -0.0076    0.9740    0.3103   -0.0043
    0.9884    0.3103   -0.0019    0.9971    0.3103   -0.0005
    1.0000    0.3103    0.0000
    1.0000    0.4138    0.0000    0.9971    0.4138    0.0002
    0.9883    0.4138    0.0008    0.9737    0.4138    0.0018
    0.9536    0.4138    0.0031    0.9281    0.4138    0.0047
    0.8976    0.4138    0.0065    0.8624    0.4138    0.0083
    0.8230    0.4138    0.0103    0.7797    0.4138    0.0122
    0.7332    0.4138    0.0140    0.6839    0.4138    0.0157
    0.6324    0.4138    0.0171    0.5795    0.4138    0.0181
    0.5255    0.4138    0.0188    0.4713    0.4138    0.0189
    0.4174    0.4138    0.0185    0.3646    0.4138    0.0174
    0.3133    0.4138    0.0155    0.2642    0.4138    0.0129
    0.2179    0.4138    0.0094    0.1750    0.4138    0.0051
    0.1359    0.4138    0.0000    0.1011    0.4138   -0.0058
    0.0710    0.4138   -0.0123    0.0460    0.4138   -0.0192
    0.0263    0.4138   -0.0266    0.0122    0.4138   -0.0343
    0.0038    0.4138   -0.0422    0.0013    0.4138   -0.0502
    0.0046    0.4138   -0.0579    0.0137    0.4138   -0.0648
    0.0285    0.4138   -0.0711    0.0488    0.4138   -0.0764
    0.0745    0.4138   -0.0809    0.1051    0.4138   -0.0843
    0.1403    0.4138   -0.0866    0.1797    0.4138   -0.0877
    0.2228    0.4138   -0.0877    0.2692    0.4138   -0.0865
    0.3183    0.4138   -0.0843    0.3695    0.4138   -0.0810
    0.4222    0.4138   -0.0768    0.4759    0.4138   -0.0718
    0.5298    0.4138   -0.0662    0.5834    0.4138   -0.0602
    0.6360    0.4138   -0.0538    0.6870    0.4138   -0.0473
    0.7359    0.4138   -0.0407    0.7820    0.4138   -0.0342
    0.8249    0.4138   -0.0280    0.8639    0.4138   -0.0221
    0.8988    0.4138   -0.0167    0.9289    0.4138   -0.0119
    0.9541    0.4138   -0.0077    0.9740    0.4138   -0.0044
    0.9884    0.4138   -0.0020    0.9971    0.4138   -0.0005
    1.0000    0.4138    0.0000
    1.0000    0.5172    0.0000    0.9971    0.5172    0.0002
    0.9883    0.5172    0.0008    0.9737    0.5172    0.0017
    0.9536    0.5172    0.0030    0.9281    0.5172    0.0045
    0.8976    0.5172    0.0062    0.8624    0.5172    0.0080
    0.8229    0.5172    0.0098    0.7797    0.5172    0.0116
    0.7331    0.5172    0.0133    0.6838    0.5172    0.0148
    0.6324    0.5172    0.0161    0.5794    0.5172    0.0170
    0.5255    0.5172    0.0175    0.4713    0.5172    0.0175
    0.4174    0.5172    0.0169    0.3645    0.5172    0.0157
    0.3132    0.5172    0.0137    0.2642    0.5172    0.0109
    0.2179    0.5172    0.0073    0.1750    0.5172    0.0029
    0.1359    0.5172   -0.0023    0.1011    0.5172   -0.0082
    0.0711    0.5172   -0.0148    0.0460    0.5172   -0.0218
    0.0264    0.5172   -0.0292    0.0123    0.5172   -0.0370
    0.0039    0.5172   -0.0449    0.0014    0.5172   -0.0528
    0.0047    0.5172   -0.0605    0.0139    0.5172   -0.0675
    0.0287    0.5172   -0.0737    0.0491    0.5172   -0.0790
    0.0747    0.5172   -0.0834    0.1053    0.5172   -0.0867
    0.1405    0.5172   -0.0889    0.1799    0.5172   -0.0900
    0.2231    0.5172   -0.0898    0.2695    0.5172   -0.0885
    0.3185    0.5172   -0.0861    0.3697    0.5172   -0.0827
    0.4224    0.5172   -0.0783    0.4761    0.5172   -0.0732
    0.5300    0.5172   -0.0675    0.5835    0.5172   -0.0613
    0.6362    0.5172   -0.0548    0.6872    0.5172   -0.0481
    0.7360    0.5172   -0.0414    0.7821    0.5172   -0.0348
    0.8250    0.5172   -0.0284    0.8640    0.5172   -0.0225
    0.8988    0.5172   -0.0170    0.9290    0.5172   -0.0121
    0.9541    0.5172   -0.0079    0.9740    0.5172   -0.0045
    0.9884    0.5172   -0.0020    0.9971    0.5172   -0.0005
    1.0000    0.5172    0.0000
    1.0000    0.6207    0.0000    0.9971    0.6207    0.0002
    0.9883    0.6207    0.0008    0.9737    0.6207    0.0017
    0.9536    0.6207    0.0029    0.9281    0.6207    0.0043
    0.8976    0.6207    0.0060    0.8624    0.6207    0.0077
    0.8229    0.6207    0.0095    0.7796    0.6207    0.0112
    0.7331    0.6207    0.0128    0.6838    0.6207    0.0142
    0.6324    0.6207    0.0153    0.5794    0.6207    0.0161
    0.5254    0.6207    0.0165    0.4712    0.6207    0.0164
    0.4174    0.6207    0.0158    0.3645    0.6207    0.0144
    0.3132    0.6207    0.0123    0.2642    0.6207    0.0094
    0.2179    0.6207    0.0057    0.1750    0.6207    0.0012
    0.1359    0.6207   -0.0040    0.1012    0.6207   -0.0100
    0.0711    0.6207   -0.0166    0.0461    0.6207   -0.0237
    0.0264    0.6207   -0.0312    0.0123    0.6207   -0.0389
    0.0040    0.6207   -0.0468    0.0015    0.6207   -0.0548
    0.0049    0.6207   -0.0625    0.0140    0.6207   -0.0695
    0.0289    0.6207   -0.0756    0.0492    0.6207   -0.0809
    0.0749    0.6207   -0.0852    0.1055    0.6207   -0.0885
    0.1407    0.6207   -0.0906    0.1801    0.6207   -0.0916
    0.2232    0.6207   -0.0914    0.2696    0.6207   -0.0900
    0.3187    0.6207   -0.0875    0.3699    0.6207   -0.0839
    0.4226    0.6207   -0.0795    0.4762    0.6207   -0.0743
    0.5301    0.6207   -0.0684    0.5837    0.6207   -0.0621
    0.6363    0.6207   -0.0555    0.6873    0.6207   -0.0487
    0.7361    0.6207   -0.0419    0.7822    0.6207   -0.0352
    0.8250    0.6207   -0.0288    0.8640    0.6207   -0.0227
    0.8988    0.6207   -0.0172    0.9290    0.6207   -0.0122
    0.9542    0.6207   -0.0080    0.9740    0.6207   -0.0045
    0.9884    0.6207   -0.0020    0.9971    0.6207   -0.0005
    1.0000    0.6207    0.0000
    1.0000    0.7241    0.0000    0.9971    0.7241    0.0002
    0.9882    0.7241    0.0007    0.9737    0.7241    0.0016
    0.9536    0.7241    0.0028    0.9281    0.7241    0.0042
    0.8976    0.7241    0.0058    0.8624    0.7241    0.0075
    0.8229    0.7241    0.0092    0.7796    0.7241    0.0108
    0.7331    0.7241    0.0124    0.6838    0.7241    0.0137
    0.6323    0.7241    0.0148    0.5793    0.7241    0.0155
    0.5254    0.7241    0.0158    0.4712    0.7241    0.0156
    0.4173    0.7241    0.0149    0.3645    0.7241    0.0134
    0.3132    0.7241    0.0113    0.2642    0.7241    0.0083
    0.2179    0.7241    0.0045    0.1750    0.7241   -0.0000
    0.1359    0.7241   -0.0054    0.1012    0.7241   -0.0114
    0.0711    0.7241   -0.0180    0.0461    0.7241   -0.0252
    0.0265    0.7241   -0.0327    0.0124    0.7241   -0.0405
    0.0041    0.7241   -0.0484    0.0016    0.7241   -0.0564
    0.0050    0.7241   -0.0640    0.0141    0.7241   -0.0710
    0.0290    0.7241   -0.0771    0.0493    0.7241   -0.0824
    0.0750    0.7241   -0.0866    0.1056    0.7241   -0.0899
    0.1408    0.7241   -0.0919    0.1802    0.7241   -0.0929
    0.2234    0.7241   -0.0926    0.2698    0.7241   -0.0911
    0.3188    0.7241   -0.0885    0.3700    0.7241   -0.0849
    0.4227    0.7241   -0.0804    0.4763    0.7241   -0.0751
    0.5302    0.7241   -0.0691    0.5838    0.7241   -0.0628
    0.6363    0.7241   -0.0561    0.6873    0.7241   -0.0492
    0.7362    0.7241   -0.0423    0.7823    0.7241   -0.0356
    0.8251    0.7241   -0.0291    0.8641    0.7241   -0.0229
    0.8989    0.7241   -0.0173    0.9290    0.7241   -0.0123
    0.9542    0.7241   -0.0080    0.9740    0.7241   -0.0046
    0.9884    0.7241   -0.0021    0.9971    0.7241   -0.0005
    1.0000    0.7241    0.0000
    1.0000    0.8276    0.0000    0.9971    0.8276    0.0002
    0.9882    0.8276    0.0007    0.9737    0.8276    0.0016
    0.9536    0.8276    0.0028    0.9281    0.8276    0.0042
    0.8975    0.8276    0.0057    0.8623    0.8276    0.0073
    0.8229    0.8276    0.0090    0.7796    0.8276    0.0106
    0.7331    0.8276    0.0120    0.6838    0.8276    0.0133
    0.6323    0.8276    0.0143    0.5793    0.8276    0.0150
    0.5254    0.8276    0.0153    0.4712    0.8276    0.0150
    0.4173    0.8276    0.0142    0.3645    0.8276    0.0127
    0.3132    0.8276    0.0104    0.2641    0.8276    0.0074
    0.2179    0.8276    0.0036    0.1750    0.8276   -0.0010
    0.1359    0.8276   -0.0064    0.1012    0.8276   -0.0125
    0.0711    0.8276   -0.0191    0.0461    0.8276   -0.0263
    0.0265    0.8276   -0.0338    0.0124    0.8276   -0.0416
    0.0041    0.8276   -0.0496    0.0017    0.8276   -0.0576
    0.0050    0.8276   -0.0652    0.0142    0.8276   -0.0722
    0.0291    0.8276   -0.0783    0.0494    0.8276   -0.0835
    0.0751    0.8276   -0.0877    0.1057    0.8276   -0.0909
    0.1409    0.8276   -0.0930    0.1803    0.8276   -0.0938
    0.2235    0.8276   -0.0935    0.2699    0.8276   -0.0920
    0.3189    0.8276   -0.0893    0.3701    0.8276   -0.0856
    0.4228    0.8276   -0.0810    0.4764    0.8276   -0.0757
    0.5303    0.8276   -0.0697    0.5838    0.8276   -0.0633
    0.6364    0.8276   -0.0565    0.6874    0.8276   -0.0496
    0.7362    0.8276   -0.0426    0.7823    0.8276   -0.0358
    0.8251    0.8276   -0.0293    0.8641    0.8276   -0.0231
    0.8989    0.8276   -0.0174    0.9290    0.8276   -0.0124
    0.9542    0.8276   -0.0081    0.9740    0.8276   -0.0046
    0.9884    0.8276   -0.0021    0.9971    0.8276   -0.0005
    1.0000    0.8276    0.0000
    1.0000    0.9310    0.0000    0.9971    0.9310    0.0002
    0.9882    0.9310    0.0007    0.9737    0.9310    0.0016
    0.9535    0.9310    0.0027    0.9281    0.9310    0.0041
    0.8975    0.9310    0.0056    0.8623    0.9310    0.0072
    0.8229    0.9310    0.0088    0.7796    0.9310    0.0104
    0.7331    0.9310    0.0118    0.6838    0.9310    0.0130
    0.6323    0.9310    0.0140    0.5793    0.9310    0.0146
    0.5254    0.9310    0.0148    0.4712    0.9310    0.0145
    0.4173    0.9310    0.0136    0.3644    0.9310    0.0121
    0.3132    0.9310    0.0098    0.2641    0.9310    0.0067
    0.2179    0.9310    0.0029    0.1750    0.9310   -0.0018
    0.1359    0.9310   -0.0072    0.1012    0.9310   -0.0133
    0.0712    0.9310   -0.0200    0.0462    0.9310   -0.0272
    0.0265    0.9310   -0.0348    0.0125    0.9310   -0.0426
    0.0042    0.9310   -0.0505    0.0017    0.9310   -0.0585
    0.0051    0.9310   -0.0662    0.0143    0.9310   -0.0731
    0.0291    0.9310   -0.0792    0.0495    0.9310   -0.0844
    0.0752    0.9310   -0.0886    0.1058    0.9310   -0.0918
    0.1410    0.9310   -0.0938    0.1804    0.9310   -0.0946
    0.2236    0.9310   -0.0942    0.2700    0.9310   -0.0927
    0.3190    0.9310   -0.0900    0.3702    0.9310   -0.0862
    0.4229    0.9310   -0.0816    0.4765    0.9310   -0.0762
    0.5304    0.9310   -0.0701    0.5839    0.9310   -0.0636
    0.6365    0.9310   -0.0568    0.6875    0.9310   -0.0499
    0.7363    0.9310   -0.0429    0.7823    0.9310   -0.0360
    0.8251    0.9310   -0.0294    0.8641    0.9310   -0.0232
    0.8989    0.9310   -0.0175    0.9290    0.9310   -0.0125
    0.9542    0.9310   -0.0081    0.9741    0.9310   -0.0046
    0.9884    0.9310   -0.0021    0.9971    0.9310   -0.0005
    1.0000    0.9310    0.0000
    1.0000    1.0345    0.0000    0.9971    1.0345    0.0002
    0.9882    1.0345    0.0007    0.9737    1.0345    0.0016
    0.9535    1.0345    0.0027    0.9281    1.0345    0.0040
    0.8975    1.0345    0.0055    0.8623    1.0345    0.0071
    0.8229    1.0345    0.0087    0.7796    1.0345    0.0102
    0.7330    1.0345    0.0116    0.6838    1.0345    0.0128
    0.6323    1.0345    0.0137    0.5793    1.0345    0.0143
    0.5254    1.0345    0.0144    0.4712    1.0345    0.0141
    0.4173    1.0345    0.0132    0.3644    1.0345    0.0116
    0.3132    1.0345    0.0093    0.2641    1.0345    0.0062
    0.2179    1.0345    0.0023    0.1750    1.0345   -0.0024
    0.1359    1.0345   -0.0079    0.1012    1.0345   -0.0140
    0.0712    1.0345   -0.0208    0.0462    1.0345   -0.0280
    0.0266    1.0345   -0.0355    0.0125    1.0345   -0.0433
    0.0042    1.0345   -0.0513    0.0018    1.0345   -0.0593
    0.0052    1.0345   -0.0670    0.0143    1.0345   -0.0739
    0.0292    1.0345   -0.0799    0.0496    1.0345   -0.0851
    0.0752    1.0345   -0.0893    0.1059    1.0345   -0.0925
    0.1411    1.0345   -0.0945    0.1805    1.0345   -0.0952
    0.2237    1.0345   -0.0948    0.2700    1.0345   -0.0932
    0.3191    1.0345   -0.0905    0.3703    1.0345   -0.0867
    0.4230    1.0345   -0.0820    0.4766    1.0345   -0.0766
    0.5304    1.0345   -0.0705    0.5840    1.0345   -0.0640
    0.6365    1.0345   -0.0571    0.6875    1.0345   -0.0501
    0.7363    1.0345   -0.0431    0.7824    1.0345   -0.0362
    0.8251    1.0345   -0.0296    0.8641    1.0345   -0.0233
    0.8989    1.0345   -0.0176    0.9290    1.0345   -0.0125
    0.9542    1.0345   -0.0082    0.9741    1.0345   -0.0047
    0.9884    1.0345   -0.0021    0.9971    1.0345   -0.0005
    1.0000    1.0345    0.0000
    1.0000    1.1379    0.0000    0.9971    1.1379    0.0002
    0.9882    1.1379    0.0007    0.9737    1.1379    0.0015
    0.9535    1.1379    0.0027    0.9281    1.1379    0.0040
    0.8975    1.1379    0.0055    0.8623    1.1379    0.0070
    0.8229    1.1379    0.0086    0.7796    1.1379    0.0100
    0.7330    1.1379    0.0114    0.6837    1.1379    0.0126
    0.6323    1.1379    0.0134    0.5793    1.1379    0.0140
    0.5254    1.1379    0.0141    0.4712    1.1379    0.0137
    0.4173    1.1379    0.0128    0.3644    1.1379    0.0112
    0.3132    1.1379    0.0088    0.2641    1.1379    0.0057
    0.2179    1.1379    0.0017    0.1750    1.1379   -0.0030
    0.1360    1.1379   -0.0085    0.1012    1.1379   -0.0146
    0.0712    1.1379   -0.0214    0.0462    1.1379   -0.0286
    0.0266    1.1379   -0.0362    0.0126    1.1379   -0.0440
    0.0043    1.1379   -0.0519    0.0018    1.1379   -0.0600
    0.0052    1.1379   -0.0676    0.0144    1.1379   -0.0745
    0.0293    1.1379   -0.0806    0.0496    1.1379   -0.0858
    0.0753    1.1379   -0.0900    0.1059    1.1379   -0.0931
    0.1412    1.1379   -0.0950    0.1806    1.1379   -0.0958
    0.2237    1.1379   -0.0953    0.2701    1.1379   -0.0937
    0.3192    1.1379   -0.0909    0.3703    1.1379   -0.0871
    0.4230    1.1379   -0.0824    0.4766    1.1379   -0.0769
    0.5305    1.1379   -0.0708    0.5840    1.1379   -0.0642
    0.6365    1.1379   -0.0574    0.6875    1.1379   -0.0503
    0.7363    1.1379   -0.0433    0.7824    1.1379   -0.0364
    0.8252    1.1379   -0.0297    0.8642    1.1379   -0.0234
    0.8989    1.1379   -0.0177    0.9291    1.1379   -0.0126
    0.9542    1.1379   -0.0082    0.9741    1.1379   -0.0047
    0.9884    1.1379   -0.0021    0.9971    1.1379   -0.0005
    1.0000    1.1379    0.0000
    1.0000    1.2414    0.0000    0.9971    1.2414    0.0002
    0.9882    1.2414    0.0007    0.9737    1.2414    0.0015
    0.9535    1.2414    0.0026    0.9281    1.2414    0.0039
    0.8975    1.2414    0.0054    0.8623    1.2414    0.0069
    0.8229    1.2414    0.0084    0.7796    1.2414    0.0099
    0.7330    1.2414    0.0112    0.6837    1.2414    0.0124
    0.6323    1.2414    0.0132    0.5793    1.2414    0.0137
    0.5254    1.2414    0.0138    0.4711    1.2414    0.0134
    0.4173    1.2414    0.0124    0.3644    1.2414    0.0108
    0.3132    1.2414    0.0084    0.2641    1.2414    0.0052
    0.2179    1.2414    0.0013    0.1750    1.2414   -0.0035
    0.1360    1.2414   -0.0090    0.1012    1.2414   -0.0151
    0.0712    1.2414   -0.0219    0.0462    1.2414   -0.0292
    0.0266    1.2414   -0.0367    0.0126    1.2414   -0.0446
    0.0043    1.2414   -0.0525    0.0018    1.2414   -0.0605
    0.0052    1.2414   -0.0682    0.0144    1.2414   -0.0751
    0.0293    1.2414   -0.0812    0.0497    1.2414   -0.0863
    0.0754    1.2414   -0.0905    0.1060    1.2414   -0.0936
    0.1412    1.2414   -0.0955    0.1806    1.2414   -0.0963
    0.2238    1.2414   -0.0958    0.2702    1.2414   -0.0941
    0.3192    1.2414   -0.0913    0.3704    1.2414   -0.0875
    0.4231    1.2414   -0.0828    0.4766    1.2414   -0.0772
    0.5305    1.2414   -0.0711    0.5840    1.2414   -0.0645
    0.6366    1.2414   -0.0576    0.6876    1.2414   -0.0505
    0.7363    1.2414   -0.0434    0.7824    1.2414   -0.0365
    0.8252    1.2414   -0.0298    0.8642    1.2414   -0.0235
    0.8989    1.2414   -0.0177    0.9291    1.2414   -0.0126
    0.9542    1.2414   -0.0082    0.9741    1.2414   -0.0047
    0.9884    1.2414   -0.0021    0.9971    1.2414   -0.0005
    1.0000    1.2414    0.0000
    1.0000    1.3448    0.0000    0.9971    1.3448    0.0002
    0.9882    1.3448    0.0007    0.9737    1.3448    0.0015
    0.9535    1.3448    0.0026    0.9281    1.3448    0.0039
    0.8975    1.3448    0.0053    0.8623    1.3448    0.0068
    0.8229    1.3448    0.0084    0.7796    1.3448    0.0098
    0.7330    1.3448    0.0111    0.6837    1.3448    0.0122
    0.6323    1.3448    0.0130    0.5793    1.3448    0.0135
    0.5254    1.3448    0.0136    0.4711    1.3448    0.0131
    0.4173    1.3448    0.0121    0.3644    1.3448    0.0104
    0.3132    1.3448    0.0080    0.2641    1.3448    0.0048
    0.2179    1.3448    0.0009    0.1750    1.3448   -0.0039
    0.1360    1.3448   -0.0094    0.1012    1.3448   -0.0156
    0.0712    1.3448   -0.0224    0.0462    1.3448   -0.0297
    0.0266    1.3448   -0.0373    0.0126    1.3448   -0.0451
    0.0043    1.3448   -0.0531    0.0019    1.3448   -0.0611
    0.0053    1.3448   -0.0687    0.0145    1.3448   -0.0756
    0.0294    1.3448   -0.0817    0.0497    1.3448   -0.0869
    0.0754    1.3448   -0.0910    0.1060    1.3448   -0.0941
    0.1413    1.3448   -0.0960    0.1807    1.3448   -0.0967
    0.2238    1.3448   -0.0962    0.2702    1.3448   -0.0945
    0.3193    1.3448   -0.0917    0.3704    1.3448   -0.0879
    0.4231    1.3448   -0.0831    0.4767    1.3448   -0.0775
    0.5306    1.3448   -0.0714    0.5841    1.3448   -0.0647
    0.6366    1.3448   -0.0578    0.6876    1.3448   -0.0507
    0.7364    1.3448   -0.0436    0.7824    1.3448   -0.0366
    0.8252    1.3448   -0.0299    0.8642    1.3448   -0.0236
    0.8989    1.3448   -0.0178    0.9291    1.3448   -0.0126
    0.9542    1.3448   -0.0082    0.9741    1.3448   -0.0047
    0.9884    1.3448   -0.0021    0.9971    1.3448   -0.0005
    1.0000    1.3448    0.0000
    1.0000    1.4483    0.0000    0.9971    1.4483    0.0002
    0.9882    1.4483    0.0007    0.9737    1.4483    0.0015
    0.9535    1.4483    0.0026    0.9281    1.4483    0.0039
    0.8975    1.4483    0.0053    0.8623    1.4483    0.0068
    0.8228    1.4483    0.0083    0.7796    1.4483    0.0097
    0.7330    1.4483    0.0110    0.6837    1.4483    0.0120
    0.6323    1.4483    0.0128    0.5793    1.4483    0.0133
    0.5253    1.4483    0.0133    0.4711    1.4483    0.0128
    0.4173    1.4483    0.0118    0.3644    1.4483    0.0101
    0.3132    1.4483    0.0076    0.2641    1.4483    0.0044
    0.2179    1.4483    0.0004    0.1750    1.4483   -0.0044
    0.1360    1.4483   -0.0099    0.1012    1.4483   -0.0161
    0.0712    1.4483   -0.0229    0.0463    1.4483   -0.0302
    0.0267    1.4483   -0.0378    0.0126    1.4483   -0.0457
    0.0043    1.4483   -0.0536    0.0019    1.4483   -0.0616
    0.0053    1.4483   -0.0693    0.0145    1.4483   -0.0762
    0.0294    1.4483   -0.0822    0.0498    1.4483   -0.0874
    0.0755    1.4483   -0.0915    0.1061    1.4483   -0.0946
    0.1413    1.4483   -0.0965    0.1807    1.4483   -0.0972
    0.2239    1.4483   -0.0967    0.2703    1.4483   -0.0949
    0.3193    1.4483   -0.0921    0.3705    1.4483   -0.0882
    0.4232    1.4483   -0.0834    0.4767    1.4483   -0.0778
    0.5306    1.4483   -0.0716    0.5841    1.4483   -0.0649
    0.6366    1.4483   -0.0580    0.6876    1.4483   -0.0509
    0.7364    1.4483   -0.0437    0.7824    1.4483   -0.0367
    0.8252    1.4483   -0.0300    0.8642    1.4483   -0.0237
    0.8990    1.4483   -0.0178    0.9291    1.4483   -0.0127
    0.9542    1.4483   -0.0083    0.9741    1.4483   -0.0047
    0.9884    1.4483   -0.0021    0.9971    1.4483   -0.0005
    1.0000    1.4483    0.0000
    1.0000    1.5517    0.0000    0.9971    1.5517    0.0002
    0.9882    1.5517    0.0007    0.9737    1.5517    0.0015
    0.9535    1.5517    0.0025    0.9281    1.5517    0.0038
    0.8975    1.5517    0.0052    0.8623    1.5517    0.0067
    0.8228    1.5517    0.0082    0.7796    1.5517    0.0095
    0.7330    1.5517    0.0108    0.6837    1.5517    0.0118
    0.6323    1.5517    0.0126    0.5793    1.5517    0.0130
    0.5253    1.5517    0.0130    0.4711    1.5517    0.0125
    0.4173    1.5517    0.0115    0.3644    1.5517    0.0097
    0.3131    1.5517    0.0073    0.2641    1.5517    0.0040
    0.2179    1.5517   -0.0000    0.1750    1.5517   -0.0048
    0.1360    1.5517   -0.0104    0.1012    1.5517   -0.0166
    0.0712    1.5517   -0.0235    0.0463    1.5517   -0.0307
    0.0267    1.5517   -0.0384    0.0127    1.5517   -0.0462
    0.0044    1.5517   -0.0542    0.0019    1.5517   -0.0622
    0.0054    1.5517   -0.0699    0.0146    1.5517   -0.0767
    0.0294    1.5517   -0.0828    0.0498    1.5517   -0.0879
    0.0755    1.5517   -0.0920    0.1061    1.5517   -0.0951
    0.1414    1.5517   -0.0970    0.1808    1.5517   -0.0976
    0.2239    1.5517   -0.0971    0.2703    1.5517   -0.0954
    0.3194    1.5517   -0.0925    0.3705    1.5517   -0.0886
    0.4232    1.5517   -0.0837    0.4768    1.5517   -0.0781
    0.5306    1.5517   -0.0719    0.5841    1.5517   -0.0652
    0.6367    1.5517   -0.0582    0.6876    1.5517   -0.0510
    0.7364    1.5517   -0.0439    0.7825    1.5517   -0.0368
    0.8252    1.5517   -0.0301    0.8642    1.5517   -0.0237
    0.8990    1.5517   -0.0179    0.9291    1.5517   -0.0127
    0.9542    1.5517   -0.0083    0.9741    1.5517   -0.0047
    0.9884    1.5517   -0.0021    0.9971    1.5517   -0.0005
    1.0000    1.5517    0.0000
    1.0000    1.6552    0.0000    0.9971    1.6552    0.0002
    0.9882    1.6552    0.0007    0.9737    1.6552    0.0015
    0.9535    1.6552    0.0025    0.9280    1.6552    0.0038
    0.8975    1.6552    0.0052    0.8623    1.6552    0.0066
    0.8228    1.6552    0.0080    0.7796    1.6552    0.0094
    0.7330    1.6552    0.0106    0.6837    1.6552    0.0117
    0.6323    1.6552    0.0124    0.5793    1.6552    0.0128
    0.5253    1.6552    0.0128    0.4711    1.6552    0.0122
    0.4173    1.6552    0.0111    0.3644    1.6552    0.0093
    0.3131    1.6552    0.0068    0.2641    1.6552    0.0036
    0.2179    1.6552   -0.0005    0.1750    1.6552   -0.0053
    0.1360    1.6552   -0.0109    0.1013    1.6552   -0.0172
    0.0712    1.6552   -0.0240    0.0463    1.6552   -0.0313
    0.0267    1.6552   -0.0390    0.0127    1.6552   -0.0468
    0.0044    1.6552   -0.0548    0.0020    1.6552   -0.0628
    0.0054    1.6552   -0.0705    0.0146    1.6552   -0.0773
    0.0295    1.6552   -0.0834    0.0499    1.6552   -0.0885
    0.0756    1.6552   -0.0926    0.1062    1.6552   -0.0956
    0.1414    1.6552   -0.0975    0.1809    1.6552   -0.0981
    0.2240    1.6552   -0.0976    0.2704    1.6552   -0.0958
    0.3194    1.6552   -0.0929    0.3706    1.6552   -0.0889
    0.4233    1.6552   -0.0841    0.4768    1.6552   -0.0784
    0.5307    1.6552   -0.0722    0.5842    1.6552   -0.0654
    0.6367    1.6552   -0.0584    0.6877    1.6552   -0.0512
    0.7364    1.6552   -0.0440    0.7825    1.6552   -0.0370
    0.8252    1.6552   -0.0302    0.8642    1.6552   -0.0238
    0.8990    1.6552   -0.0180    0.9291    1.6552   -0.0128
    0.9542    1.6552   -0.0083    0.9741    1.6552   -0.0048
    0.9884    1.6552   -0.0021    0.9971    1.6552   -0.0005
    1.0000    1.6552    0.0000
    1.0000    1.7586    0.0000    0.9971    1.7586    0.0002
    0.9882    1.7586    0.0007    0.9737    1.7586    0.0014
    0.9535    1.7586    0.0025    0.9280    1.7586    0.0037
    0.8975    1.7586    0.0051    0.8623    1.7586    0.0065
    0.8228    1.7586    0.0079    0.7796    1.7586    0.0093
    0.7330    1.7586    0.0105    0.6837    1.7586    0.0114
    0.6323    1.7586    0.0122    0.5792    1.7586    0.0125
    0.5253    1.7586    0.0124    0.4711    1.7586    0.0119
    0.4173    1.7586    0.0107    0.3644    1.7586    0.0089
    0.3131    1.7586    0.0064    0.2641    1.7586    0.0031
    0.2179    1.7586   -0.0010    0.1750    1.7586   -0.0059
    0.1360    1.7586   -0.0115    0.1013    1.7586   -0.0178
    0.0713    1.7586   -0.0246    0.0463    1.7586   -0.0320
    0.0267    1.7586   -0.0396    0.0127    1.7586   -0.0475
    0.0044    1.7586   -0.0555    0.0020    1.7586   -0.0635
    0.0054    1.7586   -0.0711    0.0147    1.7586   -0.0780
    0.0295    1.7586   -0.0840    0.0500    1.7586   -0.0891
    0.0756    1.7586   -0.0932    0.1063    1.7586   -0.0962
    0.1415    1.7586   -0.0981    0.1809    1.7586   -0.0987
    0.2241    1.7586   -0.0981    0.2704    1.7586   -0.0963
    0.3195    1.7586   -0.0933    0.3706    1.7586   -0.0894
    0.4233    1.7586   -0.0845    0.4769    1.7586   -0.0788
    0.5307    1.7586   -0.0725    0.5842    1.7586   -0.0657
    0.6368    1.7586   -0.0586    0.6877    1.7586   -0.0514
    0.7365    1.7586   -0.0442    0.7825    1.7586   -0.0371
    0.8253    1.7586   -0.0303    0.8642    1.7586   -0.0239
    0.8990    1.7586   -0.0180    0.9291    1.7586   -0.0128
    0.9542    1.7586   -0.0084    0.9741    1.7586   -0.0048
    0.9884    1.7586   -0.0021    0.9971    1.7586   -0.0005
    1.0000    1.7586    0.0000
    1.0000    1.8621    0.0000    0.9971    1.8621    0.0002
    0.9882    1.8621    0.0007    0.9737    1.8621    0.0014
    0.9535    1.8621    0.0025    0.9280    1.8621    0.0037
    0.8975    1.8621    0.0050    0.8623    1.8621    0.0064
    0.8228    1.8621    0.0078    0.7796    1.8621    0.0091
    0.7330    1.8621    0.0103    0.6837    1.8621    0.0112
    0.6322    1.8621    0.0119    0.5792    1.8621    0.0122
    0.5253    1.8621    0.0121    0.4711    1.8621    0.0115
    0.4172    1.8621    0.0103    0.3644    1.8621    0.0084
    0.3131    1.8621    0.0059    0.2641    1.8621    0.0025
    0.2179    1.8621   -0.0016    0.1750    1.8621   -0.0065
    0.1360    1.8621   -0.0121    0.1013    1.8621   -0.0185
    0.0713    1.8621   -0.0253    0.0463    1.8621   -0.0327
    0.0268    1.8621   -0.0403    0.0127    1.8621   -0.0482
    0.0045    1.8621   -0.0562    0.0021    1.8621   -0.0642
    0.0055    1.8621   -0.0719    0.0147    1.8621   -0.0787
    0.0296    1.8621   -0.0847    0.0500    1.8621   -0.0898
    0.0757    1.8621   -0.0939    0.1063    1.8621   -0.0969
    0.1416    1.8621   -0.0987    0.1810    1.8621   -0.0993
    0.2241    1.8621   -0.0987    0.2705    1.8621   -0.0968
    0.3196    1.8621   -0.0939    0.3707    1.8621   -0.0898
    0.4234    1.8621   -0.0849    0.4769    1.8621   -0.0792
    0.5308    1.8621   -0.0728    0.5843    1.8621   -0.0660
    0.6368    1.8621   -0.0589    0.6877    1.8621   -0.0517
    0.7365    1.8621   -0.0444    0.7825    1.8621   -0.0373
    0.8253    1.8621   -0.0304    0.8643    1.8621   -0.0240
    0.8990    1.8621   -0.0181    0.9291    1.8621   -0.0129
    0.9542    1.8621   -0.0084    0.9741    1.8621   -0.0048
    0.9884    1.8621   -0.0022    0.9971    1.8621   -0.0005
    1.0000    1.8621    0.0000
    1.0000    1.9655    0.0000    0.9971    1.9655    0.0002
    0.9882    1.9655    0.0006    0.9737    1.9655    0.0014
    0.9535    1.9655    0.0024    0.9280    1.9655    0.0036
    0.8975    1.9655    0.0049    0.8623    1.9655    0.0063
    0.8228    1.9655    0.0076    0.7795    1.9655    0.0089
    0.7330    1.9655    0.0100    0.6837    1.9655    0.0109
    0.6322    1.9655    0.0116    0.5792    1.9655    0.0118
    0.5253    1.9655    0.0117    0.4711    1.9655    0.0110
    0.4172    1.9655    0.0098    0.3644    1.9655    0.0079
    0.3131    1.9655    0.0053    0.2641    1.9655    0.0019
    0.2179    1.9655   -0.0023    0.1750    1.9655   -0.0072
    0.1360    1.9655   -0.0129    0.1013    1.9655   -0.0192
    0.0713    1.9655   -0.0261    0.0464    1.9655   -0.0335
    0.0268    1.9655   -0.0412    0.0128    1.9655   -0.0490
    0.0045    1.9655   -0.0570    0.0021    1.9655   -0.0651
    0.0056    1.9655   -0.0727    0.0148    1.9655   -0.0796
    0.0297    1.9655   -0.0856    0.0501    1.9655   -0.0906
    0.0758    1.9655   -0.0947    0.1064    1.9655   -0.0976
    0.1417    1.9655   -0.0994    0.1811    1.9655   -0.1000
    0.2242    1.9655   -0.0993    0.2706    1.9655   -0.0974
    0.3196    1.9655   -0.0944    0.3708    1.9655   -0.0904
    0.4234    1.9655   -0.0854    0.4770    1.9655   -0.0796
    0.5308    1.9655   -0.0732    0.5843    1.9655   -0.0664
    0.6368    1.9655   -0.0592    0.6878    1.9655   -0.0519
    0.7365    1.9655   -0.0446    0.7826    1.9655   -0.0375
    0.8253    1.9655   -0.0306    0.8643    1.9655   -0.0241
    0.8990    1.9655   -0.0182    0.9291    1.9655   -0.0129
    0.9542    1.9655   -0.0084    0.9741    1.9655   -0.0048
    0.9884    1.9655   -0.0022    0.9971    1.9655   -0.0005
    1.0000    1.9655    0.0000
    1.0000    2.0690    0.0000    0.9971    2.0690    0.0002
    0.9882    2.0690    0.0006    0.9737    2.0690    0.0014
    0.9535    2.0690    0.0024    0.9280    2.0690    0.0035
    0.8975    2.0690    0.0048    0.8623    2.0690    0.0062
    0.8228    2.0690    0.0075    0.7795    2.0690    0.0087
    0.7330    2.0690    0.0098    0.6837    2.0690    0.0106
    0.6322    2.0690    0.0112    0.5792    2.0690    0.0114
    0.5253    2.0690    0.0112    0.4711    2.0690    0.0105
    0.4172    2.0690    0.0092    0.3644    2.0690    0.0073
    0.3131    2.0690    0.0046    0.2641    2.0690    0.0012
    0.2179    2.0690   -0.0030    0.1750    2.0690   -0.0080
    0.1360    2.0690   -0.0137    0.1013    2.0690   -0.0201
    0.0713    2.0690   -0.0270    0.0464    2.0690   -0.0344
    0.0268    2.0690   -0.0421    0.0128    2.0690   -0.0500
    0.0046    2.0690   -0.0580    0.0022    2.0690   -0.0660
    0.0056    2.0690   -0.0737    0.0149    2.0690   -0.0805
    0.0298    2.0690   -0.0865    0.0502    2.0690   -0.0915
    0.0759    2.0690   -0.0956    0.1065    2.0690   -0.0985
    0.1417    2.0690   -0.1002    0.1812    2.0690   -0.1008
    0.2243    2.0690   -0.1001    0.2707    2.0690   -0.0981
    0.3197    2.0690   -0.0951    0.3709    2.0690   -0.0910
    0.4235    2.0690   -0.0859    0.4771    2.0690   -0.0801
    0.5309    2.0690   -0.0737    0.5844    2.0690   -0.0668
    0.6369    2.0690   -0.0596    0.6878    2.0690   -0.0522
    0.7366    2.0690   -0.0449    0.7826    2.0690   -0.0377
    0.8253    2.0690   -0.0308    0.8643    2.0690   -0.0243
    0.8990    2.0690   -0.0183    0.9291    2.0690   -0.0130
    0.9542    2.0690   -0.0085    0.9741    2.0690   -0.0048
    0.9884    2.0690   -0.0022    0.9971    2.0690   -0.0005
    1.0000    2.0690    0.0000
    1.0000    2.1724    0.0000    0.9971    2.1724    0.0002
    0.9882    2.1724    0.0006    0.9737    2.1724    0.0014
    0.9535    2.1724    0.0023    0.9280    2.1724    0.0035
    0.8975    2.1724    0.0047    0.8623    2.1724    0.0060
    0.8228    2.1724    0.0073    0.7795    2.1724    0.0085
    0.7330    2.1724    0.0095    0.6837    2.1724    0.0103
    0.6322    2.1724    0.0108    0.5792    2.1724    0.0110
    0.5253    2.1724    0.0107    0.4711    2.1724    0.0099
    0.4172    2.1724    0.0086    0.3644    2.1724    0.0066
    0.3131    2.1724    0.0039    0.2641    2.1724    0.0004
    0.2179    2.1724   -0.0039    0.1750    2.1724   -0.0089
    0.1360    2.1724   -0.0147    0.1013    2.1724   -0.0211
    0.0714    2.1724   -0.0280    0.0464    2.1724   -0.0354
    0.0269    2.1724   -0.0432    0.0129    2.1724   -0.0511
    0.0047    2.1724   -0.0591    0.0023    2.1724   -0.0671
    0.0057    2.1724   -0.0747    0.0149    2.1724   -0.0816
    0.0299    2.1724   -0.0876    0.0503    2.1724   -0.0926
    0.0760    2.1724   -0.0966    0.1066    2.1724   -0.0995
    0.1419    2.1724   -0.1012    0.1813    2.1724   -0.1017
    0.2244    2.1724   -0.1009    0.2708    2.1724   -0.0989
    0.3198    2.1724   -0.0958    0.3710    2.1724   -0.0917
    0.4236    2.1724   -0.0866    0.4772    2.1724   -0.0807
    0.5310    2.1724   -0.0742    0.5845    2.1724   -0.0672
    0.6370    2.1724   -0.0600    0.6879    2.1724   -0.0526
    0.7366    2.1724   -0.0452    0.7826    2.1724   -0.0379
    0.8254    2.1724   -0.0309    0.8643    2.1724   -0.0244
    0.8991    2.1724   -0.0184    0.9291    2.1724   -0.0131
    0.9543    2.1724   -0.0085    0.9741    2.1724   -0.0049
    0.9884    2.1724   -0.0022    0.9971    2.1724   -0.0006
    1.0000    2.1724    0.0000
    1.0000    2.2759    0.0000    0.9971    2.2759    0.0002
    0.9882    2.2759    0.0006    0.9737    2.2759    0.0013
    0.9535    2.2759    0.0023    0.9280    2.2759    0.0034
    0.8975    2.2759    0.0046    0.8623    2.2759    0.0058
    0.8228    2.2759    0.0071    0.7795    2.2759    0.0082
    0.7330    2.2759    0.0092    0.6837    2.2759    0.0099
    0.6322    2.2759    0.0104    0.5792    2.2759    0.0105
    0.5253    2.2759    0.0101    0.4711    2.2759    0.0093
    0.4172    2.2759    0.0079    0.3644    2.2759    0.0058
    0.3131    2.2759    0.0030    0.2641    2.2759   -0.0005
    0.2179    2.2759   -0.0048    0.1751    2.2759   -0.0099
    0.1361    2.2759   -0.0157    0.1014    2.2759   -0.0222
    0.0714    2.2759   -0.0292    0.0465    2.2759   -0.0366
    0.0269    2.2759   -0.0444    0.0130    2.2759   -0.0523
    0.0047    2.2759   -0.0603    0.0023    2.2759   -0.0683
    0.0058    2.2759   -0.0760    0.0150    2.2759   -0.0828
    0.0300    2.2759   -0.0888    0.0504    2.2759   -0.0938
    0.0761    2.2759   -0.0977    0.1067    2.2759   -0.1006
    0.1420    2.2759   -0.1022    0.1814    2.2759   -0.1027
    0.2246    2.2759   -0.1019    0.2709    2.2759   -0.0998
    0.3199    2.2759   -0.0967    0.3711    2.2759   -0.0924
    0.4237    2.2759   -0.0873    0.4773    2.2759   -0.0813
    0.5311    2.2759   -0.0748    0.5845    2.2759   -0.0677
    0.6370    2.2759   -0.0604    0.6880    2.2759   -0.0529
    0.7367    2.2759   -0.0455    0.7827    2.2759   -0.0382
    0.8254    2.2759   -0.0312    0.8644    2.2759   -0.0246
    0.8991    2.2759   -0.0185    0.9292    2.2759   -0.0132
    0.9543    2.2759   -0.0086    0.9741    2.2759   -0.0049
    0.9884    2.2759   -0.0022    0.9971    2.2759   -0.0006
    1.0000    2.2759    0.0000
    1.0000    2.3793    0.0000    0.9971    2.3793    0.0001
    0.9882    2.3793    0.0006    0.9737    2.3793    0.0013
    0.9535    2.3793    0.0022    0.9280    2.3793    0.0033
    0.8975    2.3793    0.0044    0.8623    2.3793    0.0056
    0.8228    2.3793    0.0068    0.7795    2.3793    0.0079
    0.7329    2.3793    0.0088    0.6836    2.3793    0.0095
    0.6322    2.3793    0.0098    0.5792    2.3793    0.0099
    0.5253    2.3793    0.0095    0.4710    2.3793    0.0086
    0.4172    2.3793    0.0071    0.3643    2.3793    0.0049
    0.3131    2.3793    0.0021    0.2641    2.3793   -0.0015
    0.2179    2.3793   -0.0059    0.1751    2.3793   -0.0111
    0.1361    2.3793   -0.0169    0.1014    2.3793   -0.0234
    0.0714    2.3793   -0.0305    0.0465    2.3793   -0.0379
    0.0270    2.3793   -0.0457    0.0130    2.3793   -0.0537
    0.0048    2.3793   -0.0617    0.0024    2.3793   -0.0697
    0.0059    2.3793   -0.0774    0.0152    2.3793   -0.0842
    0.0301    2.3793   -0.0901    0.0505    2.3793   -0.0951
    0.0762    2.3793   -0.0990    0.1069    2.3793   -0.1018
    0.1421    2.3793   -0.1034    0.1816    2.3793   -0.1038
    0.2247    2.3793   -0.1029    0.2711    2.3793   -0.1009
    0.3201    2.3793   -0.0976    0.3712    2.3793   -0.0933
    0.4238    2.3793   -0.0881    0.4774    2.3793   -0.0821
    0.5312    2.3793   -0.0754    0.5846    2.3793   -0.0683
    0.6371    2.3793   -0.0609    0.6880    2.3793   -0.0534
    0.7368    2.3793   -0.0459    0.7827    2.3793   -0.0385
    0.8255    2.3793   -0.0314    0.8644    2.3793   -0.0248
    0.8991    2.3793   -0.0187    0.9292    2.3793   -0.0133
    0.9543    2.3793   -0.0086    0.9741    2.3793   -0.0049
    0.9884    2.3793   -0.0022    0.9971    2.3793   -0.0006
    1.0000    2.3793    0.0000
    1.0000    2.4828    0.0000    0.9971    2.4828    0.0001
    0.9882    2.4828    0.0006    0.9737    2.4828    0.0012
    0.9535    2.4828    0.0021    0.9280    2.4828    0.0032
    0.8975    2.4828    0.0043    0.8623    2.4828    0.0054
    0.8228    2.4828    0.0065    0.7795    2.4828    0.0075
    0.7329    2.4828    0.0084    0.6836    2.4828    0.0090
    0.6322    2.4828    0.0093    0.5792    2.4828    0.0092
    0.5252    2.4828    0.0087    0.4710    2.4828    0.0077
    0.4172    2.4828    0.0061    0.3643    2.4828    0.0039
    0.3131    2.4828    0.0010    0.2641    2.4828   -0.0027
    0.2179    2.4828   -0.0071    0.1751    2.4828   -0.0124
    0.1361    2.4828   -0.0183    0.1014    2.4828   -0.0248
    0.0715    2.4828   -0.0319    0.0466    2.4828   -0.0394
    0.0271    2.4828   -0.0472    0.0131    2.4828   -0.0552
    0.0049    2.4828   -0.0633    0.0025    2.4828   -0.0713
    0.0060    2.4828   -0.0789    0.0153    2.4828   -0.0857
    0.0302    2.4828   -0.0916    0.0507    2.4828   -0.0966
    0.0764    2.4828   -0.1005    0.1070    2.4828   -0.1032
    0.1423    2.4828   -0.1048    0.1817    2.4828   -0.1051
    0.2249    2.4828   -0.1042    0.2712    2.4828   -0.1020
    0.3202    2.4828   -0.0987    0.3714    2.4828   -0.0943
    0.4240    2.4828   -0.0890    0.4775    2.4828   -0.0829
    0.5313    2.4828   -0.0762    0.5848    2.4828   -0.0690
    0.6372    2.4828   -0.0615    0.6881    2.4828   -0.0539
    0.7368    2.4828   -0.0463    0.7828    2.4828   -0.0388
    0.8255    2.4828   -0.0317    0.8644    2.4828   -0.0250
    0.8991    2.4828   -0.0188    0.9292    2.4828   -0.0134
    0.9543    2.4828   -0.0087    0.9741    2.4828   -0.0050
    0.9884    2.4828   -0.0022    0.9971    2.4828   -0.0006
    1.0000    2.4828    0.0000
    1.0000    2.5862    0.0000    0.9971    2.5862    0.0001
    0.9882    2.5862    0.0005    0.9737    2.5862    0.0012
    0.9535    2.5862    0.0020    0.9280    2.5862    0.0030
    0.8975    2.5862    0.0041    0.8623    2.5862    0.0052
    0.8228    2.5862    0.0062    0.7795    2.5862    0.0071
    0.7329    2.5862    0.0079    0.6836    2.5862    0.0084
    0.6322    2.5862    0.0086    0.5791    2.5862    0.0085
    0.5252    2.5862    0.0079    0.4710    2.5862    0.0068
    0.4172    2.5862    0.0051    0.3643    2.5862    0.0028
    0.3131    2.5862   -0.0002    0.2641    2.5862   -0.0040
    0.2179    2.5862   -0.0085    0.1751    2.5862   -0.0138
    0.1361    2.5862   -0.0198    0.1015    2.5862   -0.0264
    0.0715    2.5862   -0.0336    0.0467    2.5862   -0.0411
    0.0272    2.5862   -0.0490    0.0132    2.5862   -0.0570
    0.0050    2.5862   -0.0650    0.0027    2.5862   -0.0731
    0.0062    2.5862   -0.0807    0.0154    2.5862   -0.0874
    0.0304    2.5862   -0.0933    0.0509    2.5862   -0.0982
    0.0766    2.5862   -0.1021    0.1072    2.5862   -0.1048
    0.1425    2.5862   -0.1063    0.1819    2.5862   -0.1065
    0.2250    2.5862   -0.1055    0.2714    2.5862   -0.1033
    0.3204    2.5862   -0.0999    0.3715    2.5862   -0.0954
    0.4241    2.5862   -0.0900    0.4777    2.5862   -0.0838
    0.5314    2.5862   -0.0770    0.5849    2.5862   -0.0697
    0.6373    2.5862   -0.0621    0.6882    2.5862   -0.0544
    0.7369    2.5862   -0.0467    0.7829    2.5862   -0.0392
    0.8256    2.5862   -0.0320    0.8645    2.5862   -0.0252
    0.8992    2.5862   -0.0190    0.9292    2.5862   -0.0135
    0.9543    2.5862   -0.0088    0.9741    2.5862   -0.0050
    0.9884    2.5862   -0.0023    0.9971    2.5862   -0.0006
    1.0000    2.5862    0.0000
    1.0000    2.6897    0.0000    0.9971    2.6897    0.0001
    0.9882    2.6897    0.0005    0.9737    2.6897    0.0011
    0.9535    2.6897    0.0020    0.9280    2.6897    0.0029
    0.8975    2.6897    0.0039    0.8622    2.6897    0.0049
    0.8228    2.6897    0.0059    0.7795    2.6897    0.0067
    0.7329    2.6897    0.0074    0.6836    2.6897    0.0078
    0.6321    2.6897    0.0079    0.5791    2.6897    0.0076
    0.5252    2.6897    0.0070    0.4710    2.6897    0.0058
    0.4172    2.6897    0.0040    0.3643    2.6897    0.0016
    0.3131    2.6897   -0.0016    0.2641    2.6897   -0.0054
    0.2180    2.6897   -0.0101    0.1751    2.6897   -0.0154
    0.1362    2.6897   -0.0215    0.1015    2.6897   -0.0282
    0.0716    2.6897   -0.0354    0.0468    2.6897   -0.0430
    0.0272    2.6897   -0.0509    0.0133    2.6897   -0.0589
    0.0052    2.6897   -0.0670    0.0028    2.6897   -0.0750
    0.0063    2.6897   -0.0826    0.0156    2.6897   -0.0894
    0.0306    2.6897   -0.0952    0.0510    2.6897   -0.1001
    0.0768    2.6897   -0.1039    0.1074    2.6897   -0.1066
    0.1427    2.6897   -0.1080    0.1821    2.6897   -0.1081
    0.2253    2.6897   -0.1070    0.2716    2.6897   -0.1047
    0.3206    2.6897   -0.1012    0.3717    2.6897   -0.0966
    0.4243    2.6897   -0.0911    0.4778    2.6897   -0.0848
    0.5316    2.6897   -0.0779    0.5850    2.6897   -0.0705
    0.6375    2.6897   -0.0628    0.6883    2.6897   -0.0550
    0.7370    2.6897   -0.0472    0.7830    2.6897   -0.0396
    0.8256    2.6897   -0.0323    0.8645    2.6897   -0.0255
    0.8992    2.6897   -0.0192    0.9293    2.6897   -0.0136
    0.9543    2.6897   -0.0089    0.9741    2.6897   -0.0051
    0.9884    2.6897   -0.0023    0.9971    2.6897   -0.0006
    1.0000    2.6897    0.0000
    1.0000    2.7931    0.0000    0.9971    2.7931    0.0001
    0.9882    2.7931    0.0005    0.9737    2.7931    0.0011
    0.9535    2.7931    0.0019    0.9280    2.7931    0.0027
    0.8975    2.7931    0.0037    0.8622    2.7931    0.0046
    0.8227    2.7931    0.0055    0.7795    2.7931    0.0062
    0.7329    2.7931    0.0068    0.6836    2.7931    0.0071
    0.6321    2.7931    0.0071    0.5791    2.7931    0.0067
    0.5252    2.7931    0.0059    0.4710    2.7931    0.0046
    0.4172    2.7931    0.0027    0.3643    2.7931    0.0002
    0.3131    2.7931   -0.0031    0.2641    2.7931   -0.0070
    0.2180    2.7931   -0.0118    0.1752    2.7931   -0.0172
    0.1362    2.7931   -0.0234    0.1016    2.7931   -0.0301
    0.0717    2.7931   -0.0374    0.0468    2.7931   -0.0451
    0.0274    2.7931   -0.0530    0.0135    2.7931   -0.0610
    0.0053    2.7931   -0.0691    0.0030    2.7931   -0.0772
    0.0065    2.7931   -0.0848    0.0158    2.7931   -0.0915
    0.0308    2.7931   -0.0974    0.0513    2.7931   -0.1022
    0.0770    2.7931   -0.1059    0.1077    2.7931   -0.1085
    0.1429    2.7931   -0.1099    0.1824    2.7931   -0.1099
    0.2255    2.7931   -0.1087    0.2718    2.7931   -0.1063
    0.3208    2.7931   -0.1027    0.3719    2.7931   -0.0980
    0.4245    2.7931   -0.0924    0.4780    2.7931   -0.0860
    0.5318    2.7931   -0.0789    0.5852    2.7931   -0.0714
    0.6376    2.7931   -0.0636    0.6884    2.7931   -0.0557
    0.7371    2.7931   -0.0478    0.7830    2.7931   -0.0401
    0.8257    2.7931   -0.0327    0.8646    2.7931   -0.0258
    0.8992    2.7931   -0.0194    0.9293    2.7931   -0.0138
    0.9543    2.7931   -0.0090    0.9741    2.7931   -0.0051
    0.9885    2.7931   -0.0023    0.9971    2.7931   -0.0006
    1.0000    2.7931    0.0000
    1.0000    2.8966    0.0000    0.9971    2.8966    0.0001
    0.9882    2.8966    0.0005    0.9737    2.8966    0.0010
    0.9535    2.8966    0.0017    0.9280    2.8966    0.0026
    0.8974    2.8966    0.0034    0.8622    2.8966    0.0043
    0.8227    2.8966    0.0051    0.7794    2.8966    0.0057
    0.7329    2.8966    0.0061    0.6836    2.8966    0.0063
    0.6321    2.8966    0.0062    0.5791    2.8966    0.0057
    0.5252    2.8966    0.0048    0.4710    2.8966    0.0033
    0.4172    2.8966    0.0013    0.3643    2.8966   -0.0014
    0.3131    2.8966   -0.0047    0.2642    2.8966   -0.0088
    0.2180    2.8966   -0.0137    0.1752    2.8966   -0.0192
    0.1363    2.8966   -0.0255    0.1017    2.8966   -0.0323
    0.0718    2.8966   -0.0397    0.0470    2.8966   -0.0474
    0.0275    2.8966   -0.0554    0.0136    2.8966   -0.0634
    0.0055    2.8966   -0.0716    0.0032    2.8966   -0.0796
    0.0067    2.8966   -0.0872    0.0160    2.8966   -0.0939
    0.0310    2.8966   -0.0997    0.0515    2.8966   -0.1045
    0.0773    2.8966   -0.1082    0.1079    2.8966   -0.1107
    0.1432    2.8966   -0.1119    0.1826    2.8966   -0.1119
    0.2258    2.8966   -0.1106    0.2721    2.8966   -0.1081
    0.3211    2.8966   -0.1043    0.3722    2.8966   -0.0995
    0.4247    2.8966   -0.0938    0.4782    2.8966   -0.0872
    0.5320    2.8966   -0.0801    0.5853    2.8966   -0.0724
    0.6378    2.8966   -0.0645    0.6886    2.8966   -0.0565
    0.7372    2.8966   -0.0485    0.7831    2.8966   -0.0406
    0.8258    2.8966   -0.0331    0.8646    2.8966   -0.0261
    0.8993    2.8966   -0.0197    0.9293    2.8966   -0.0140
    0.9544    2.8966   -0.0091    0.9742    2.8966   -0.0052
    0.9885    2.8966   -0.0023    0.9971    2.8966   -0.0006
    1.0000    2.8966    0.0000
    1.0000    3.0000    0.0000    0.9970    3.0000    0.0001
    0.9882    3.0000    0.0004    0.9737    3.0000    0.0010
    0.9535    3.0000    0.0016    0.9280    3.0000    0.0024
    0.8974    3.0000    0.0032    0.8622    3.0000    0.0039
    0.8227    3.0000    0.0046    0.7794    3.0000    0.0051
    0.7329    3.0000    0.0054    0.6835    3.0000    0.0055
    0.6321    3.0000    0.0052    0.5791    3.0000    0.0046
    0.5252    3.0000    0.0035    0.4710    3.0000    0.0019
    0.4172    3.0000   -0.0003    0.3643    3.0000   -0.0031
    0.3131    3.0000   -0.0066    0.2642    3.0000   -0.0108
    0.2181    3.0000   -0.0158    0.1753    3.0000   -0.0214
    0.1364    3.0000   -0.0278    0.1018    3.0000   -0.0347
    0.0719    3.0000   -0.0422    0.0471    3.0000   -0.0499
    0.0276    3.0000   -0.0580    0.0138    3.0000   -0.0661
    0.0057    3.0000   -0.0742    0.0034    3.0000   -0.0823
    0.0070    3.0000   -0.0899    0.0163    3.0000   -0.0966
    0.0313    3.0000   -0.1023    0.0518    3.0000   -0.1070
    0.0775    3.0000   -0.1106    0.1082    3.0000   -0.1131
    0.1435    3.0000   -0.1142    0.1829    3.0000   -0.1141
    0.2261    3.0000   -0.1127    0.2724    3.0000   -0.1100
    0.3214    3.0000   -0.1062    0.3724    3.0000   -0.1012
    0.4250    3.0000   -0.0953    0.4785    3.0000   -0.0886
    0.5322    3.0000   -0.0813    0.5855    3.0000   -0.0735
    0.6379    3.0000   -0.0655    0.6887    3.0000   -0.0573
    0.7374    3.0000   -0.0492    0.7832    3.0000   -0.0412
    0.8259    3.0000   -0.0336    0.8647    3.0000   -0.0265
    0.8993    3.0000   -0.0199    0.9294    3.0000   -0.0141
    0.9544    3.0000   -0.0092    0.9742    3.0000   -0.0053
    0.9885    3.0000   -0.0024    0.9971    3.0000   -0.0006
    1.0000    3.0000    0.0000
$POINTS for network #  2   wingtip                                           
       1.0
       1.0                                     0.0       0.0
      30.0       8.0                                                  wingtip   
    1.0000    3.0000    0.0000    0.9970    3.0000    0.0001
    0.9882    3.0000    0.0004    0.9737    3.0000    0.0010
    0.9535    3.0000    0.0016    0.9280    3.0000    0.0024
    0.8974    3.0000    0.0032    0.8622    3.0000    0.0039
    0.8227    3.0000    0.0046    0.7794    3.0000    0.0051
    0.7329    3.0000    0.0054    0.6835    3.0000    0.0055
    0.6321    3.0000    0.0052    0.5791    3.0000    0.0046
    0.5252    3.0000    0.0035    0.4710    3.0000    0.0019
    0.4172    3.0000   -0.0003    0.3643    3.0000   -0.0031
    0.3131    3.0000   -0.0066    0.2642    3.0000   -0.0108
    0.2181    3.0000   -0.0158    0.1753    3.0000   -0.0214
    0.1364    3.0000   -0.0278    0.1018    3.0000   -0.0347
    0.0719    3.0000   -0.0422    0.0471    3.0000   -0.0499
    0.0276    3.0000   -0.0580    0.0138    3.0000   -0.0661
    0.0057    3.0000   -0.0742    0.0034    3.0000   -0.0823
    1.0000    3.0000    0.0000    0.9971    3.0002    0.0001
    0.9882    3.0006    0.0003    0.9737    3.0014    0.0006
    0.9535    3.0024    0.0011    0.9281    3.0036    0.0015
    0.8975    3.0050    0.0020    0.8623    3.0066    0.0024
    0.8229    3.0083    0.0027    0.7796    3.0101    0.0028
    0.7331    3.0119    0.0027    0.6838    3.0137    0.0024
    0.6324    3.0154    0.0017    0.5794    3.0170    0.0007
    0.5255    3.0185   -0.0007    0.4714    3.0197   -0.0026
    0.4175    3.0207   -0.0050    0.3647    3.0214   -0.0079
    0.3136    3.0217   -0.0115    0.2646    3.0216   -0.0157
    0.2184    3.0211   -0.0206    0.1757    3.0202   -0.0260
    0.1367    3.0188   -0.0321    0.1021    3.0170   -0.0386
    0.0722    3.0149   -0.0455    0.0473    3.0124   -0.0528
    0.0278    3.0097   -0.0602    0.0139    3.0066   -0.0676
    0.0057    3.0034   -0.0750    0.0034    3.0000   -0.0823
    1.0000    3.0000    0.0000    0.9971    3.0003   -0.0000
    0.9883    3.0011   -0.0001    0.9738    3.0024   -0.0002
    0.9537    3.0042   -0.0004    0.9282    3.0065   -0.0007
    0.8978    3.0091   -0.0012    0.8627    3.0119   -0.0018
    0.8233    3.0150   -0.0026    0.7801    3.0182   -0.0036
    0.7337    3.0214   -0.0049    0.6845    3.0246   -0.0063
    0.6332    3.0277   -0.0081    0.5803    3.0306   -0.0101
    0.5265    3.0333   -0.0125    0.4724    3.0355   -0.0151
    0.4186    3.0373   -0.0182    0.3659    3.0385   -0.0216
    0.3147    3.0391   -0.0253    0.2657    3.0389   -0.0295
    0.2196    3.0380   -0.0340    0.1767    3.0363   -0.0389
    0.1377    3.0339   -0.0441    0.1030    3.0307   -0.0495
    0.0730    3.0269   -0.0550    0.0480    3.0224   -0.0607
    0.0283    3.0174   -0.0663    0.0143    3.0120   -0.0718
    0.0059    3.0061   -0.0772    0.0034    3.0000   -0.0823
    1.0000    3.0000    0.0000    0.9971    3.0003   -0.0002
    0.9883    3.0014   -0.0007    0.9739    3.0030   -0.0015
    0.9538    3.0053   -0.0026    0.9285    3.0081   -0.0041
    0.8982    3.0113   -0.0058    0.8632    3.0149   -0.0079
    0.8239    3.0187   -0.0103    0.7809    3.0227   -0.0129
    0.7346    3.0267   -0.0158    0.6856    3.0307   -0.0189
    0.6344    3.0346   -0.0223    0.5816    3.0382   -0.0258
    0.5279    3.0415   -0.0295    0.4739    3.0443   -0.0333
    0.4202    3.0465   -0.0372    0.3675    3.0480   -0.0412
    0.3163    3.0487   -0.0453    0.2674    3.0485   -0.0494
    0.2212    3.0474   -0.0534    0.1782    3.0453   -0.0575
    0.1391    3.0423   -0.0614    0.1043    3.0383   -0.0652
    0.0741    3.0335   -0.0688    0.0489    3.0279   -0.0721
    0.0291    3.0217   -0.0752    0.0148    3.0149   -0.0779
    0.0062    3.0077   -0.0803    0.0034    3.0000   -0.0823
    1.0000    3.0000    0.0000    0.9971    3.0003   -0.0003
    0.9884    3.0014   -0.0013    0.9740    3.0030   -0.0028
    0.9540    3.0053   -0.0050    0.9288    3.0081   -0.0077
    0.8986    3.0113   -0.0110    0.8637    3.0149   -0.0147
    0.8246    3.0187   -0.0188    0.7818    3.0227   -0.0232
    0.7356    3.0267   -0.0279    0.6867    3.0307   -0.0329
    0.6357    3.0346   -0.0380    0.5830    3.0382   -0.0432
    0.5295    3.0415   -0.0484    0.4755    3.0443   -0.0534
    0.4220    3.0465   -0.0584    0.3693    3.0480   -0.0631
    0.3182    3.0487   -0.0675    0.2692    3.0485   -0.0715
    0.2229    3.0474   -0.0750    0.1800    3.0453   -0.0781
    0.1407    3.0423   -0.0806    0.1057    3.0383   -0.0826
    0.0753    3.0335   -0.0840    0.0500    3.0279   -0.0848
    0.0299    3.0217   -0.0851    0.0153    3.0149   -0.0847
    0.0065    3.0077   -0.0838    0.0034    3.0000   -0.0823
    1.0000    3.0000    0.0000    0.9971    3.0003   -0.0005
    0.9884    3.0011   -0.0018    0.9741    3.0024   -0.0041
    0.9542    3.0042   -0.0072    0.9291    3.0065   -0.0110
    0.8990    3.0091   -0.0156    0.8642    3.0119   -0.0207
    0.8253    3.0150   -0.0264    0.7825    3.0182   -0.0325
    0.7365    3.0214   -0.0389    0.6878    3.0246   -0.0455
    0.6368    3.0277   -0.0522    0.5843    3.0306   -0.0588
    0.5309    3.0333   -0.0654    0.4770    3.0355   -0.0716
    0.4235    3.0373   -0.0774    0.3709    3.0385   -0.0827
    0.3198    3.0391   -0.0874    0.2708    3.0389   -0.0913
    0.2245    3.0380   -0.0945    0.1815    3.0363   -0.0967
    0.1422    3.0339   -0.0980    0.1070    3.0307   -0.0983
    0.0765    3.0269   -0.0977    0.0509    3.0224   -0.0963
    0.0306    3.0174   -0.0940    0.0158    3.0120   -0.0908
    0.0067    3.0061   -0.0869    0.0034    3.0000   -0.0823
    1.0000    3.0000    0.0000    0.9971    3.0002   -0.0006
    0.9885    3.0006   -0.0022    0.9741    3.0014   -0.0050
    0.9543    3.0024   -0.0087    0.9293    3.0036   -0.0133
    0.8993    3.0050   -0.0188    0.8646    3.0066   -0.0250
    0.8257    3.0083   -0.0317    0.7831    3.0101   -0.0389
    0.7371    3.0119   -0.0465    0.6885    3.0137   -0.0542
    0.6376    3.0154   -0.0620    0.5852    3.0170   -0.0697
    0.5318    3.0185   -0.0771    0.4781    3.0197   -0.0842
    0.4246    3.0207   -0.0906    0.3720    3.0214   -0.0964
    0.3210    3.0217   -0.1012    0.2720    3.0216   -0.1051
    0.2257    3.0211   -0.1079    0.1825    3.0202   -0.1095
    0.1431    3.0188   -0.1099    0.1079    3.0170   -0.1092
    0.0773    3.0149   -0.1072    0.0516    3.0124   -0.1042
    0.0311    3.0097   -0.1001    0.0162    3.0066   -0.0951
    0.0069    3.0034   -0.0891    0.0034    3.0000   -0.0823
    1.0000    3.0000    0.0000    0.9971    3.0000   -0.0006
    0.9885    3.0000   -0.0024    0.9742    3.0000   -0.0053
    0.9544    3.0000   -0.0092    0.9294    3.0000   -0.0141
    0.8993    3.0000   -0.0199    0.8647    3.0000   -0.0265
    0.8259    3.0000   -0.0336    0.7832    3.0000   -0.0412
    0.7374    3.0000   -0.0492    0.6887    3.0000   -0.0573
    0.6379    3.0000   -0.0655    0.5855    3.0000   -0.0735
    0.5322    3.0000   -0.0813    0.4785    3.0000   -0.0886
    0.4250    3.0000   -0.0953    0.3724    3.0000   -0.1012
    0.3214    3.0000   -0.1062    0.2724    3.0000   -0.1100
    0.2261    3.0000   -0.1127    0.1829    3.0000   -0.1141
    0.1435    3.0000   -0.1142    0.1082    3.0000   -0.1131
    0.0775    3.0000   -0.1106    0.0518    3.0000   -0.1070
    0.0313    3.0000   -0.1023    0.0163    3.0000   -0.0966
    0.0070    3.0000   -0.0899    0.0034    3.0000   -0.0823
$POINTS for network #  3   wingwake                                          
       1.0
      18.0                                     0.0       0.0
       2.0      30.0                                                  wingwake  
    1.0000    0.0000    0.0000   50.0000    0.0000    0.0000
    1.0000    0.1034    0.0000   50.0000    0.1034    0.0000
    1.0000    0.2069    0.0000   50.0000    0.2069    0.0000
    1.0000    0.3103    0.0000   50.0000    0.3103    0.0000
    1.0000    0.4138    0.0000   50.0000    0.4138    0.0000
    1.0000    0.5172    0.0000   50.0000    0.5172    0.0000
    1.0000    0.6207    0.0000   50.0000    0.6207    0.0000
    1.0000    0.7241    0.0000   50.0000    0.7241    0.0000
    1.0000    0.8276    0.0000   50.0000    0.8276    0.0000
    1.0000    0.9310    0.0000   50.0000    0.9310    0.0000
    1.0000    1.0345    0.0000   50.0000    1.0345    0.0000
    1.0000    1.1379    0.0000   50.0000    1.1379    0.0000
    1.0000    1.2414    0.0000   50.0000    1.2414    0.0000
    1.0000    1.3448    0.0000   50.0000    1.3448    0.0000
    1.0000    1.4483    0.0000   50.0000    1.4483    0.0000
    1.0000    1.5517    0.0000   50.0000    1.5517    0.0000
    1.0000    1.6552    0.0000   50.0000    1.6552    0.0000
    1.0000    1.7586    0.0000   50.0000    1.7586    0.0000
    1.0000    1.8621    0.0000   50.0000    1.8621    0.0000
    1.0000    1.9655    0.0000   50.0000    1.9655    0.0000
    1.0000    2.0690    0.0000   50.0000    2.0690    0.0000
    1.0000    2.1724    0.0000   50.0000    2.1724    0.0000
    1.0000    2.2759    0.0000   50.0000    2.2759    0.0000
    1.0000    2.3793    0.0000   50.0000    2.3793    0.0000
    1.0000    2.4828    0.0000   50.0000    2.4828    0.0000
    1.0000    2.5862    0.0000   50.0000    2.5862    0.0000
    1.0000    2.6897    0.0000   50.0000    2.6897    0.0000
    1.0000    2.7931    0.0000   50.0000    2.7931    0.0000
    1.0000    2.8966    0.0000   50.0000    2.8966    0.0000
    1.0000    3.0000    0.0000   50.0000    3.0000    0.0000
$END OF INPUT DATA
