$TITLE    Created by panin, version 1.0 (4Jan2000) on                
INPUT FILE FOR PanAir (A502-ht2)                                                
Created by PANIN                                                                
$DATACHECK
    0.0000
$SYM
    1.0000    0.0000
$MACH NUMBER
    0.5000
$CASES
    1.0000
$ANGLES OF ATTACK
    0.0000
    7.4200
$YAW ANGLES
    0.0000
    0.0000
$REFERENCE DATA FOR 3-D FORCES AND MOMENTS
    0.2500    0.0000    0.0000    1.0000
    6.0000    6.0000    1.0000    6.0000
$PRINTOUT CONTROL
       0.0       0.0       0.0       0.0       0.0       0.0
       0.0       0.0       0.0       0.0       0.0       0.0
$EAT
  0.000000       0.0       0.0       0.0       0.0       0.0
$VELOCITY CORRECTION
    0.0000
$POINTS for network #  1   wing                                              
       1.0
       1.0                                     0.0       0.0
      59.0      30.0                                                  wing      
    1.0000    0.0000    0.0000    0.9971    0.0000    0.0004
    0.9883    0.0000    0.0014    0.9738    0.0000    0.0031
    0.9538    0.0000    0.0054    0.9284    0.0000    0.0083
    0.8980    0.0000    0.0116    0.8630    0.0000    0.0152
    0.8237    0.0000    0.0192    0.7806    0.0000    0.0232
    0.7342    0.0000    0.0274    0.6851    0.0000    0.0315
    0.6338    0.0000    0.0355    0.5809    0.0000    0.0392
    0.5271    0.0000    0.0425    0.4729    0.0000    0.0454
    0.4191    0.0000    0.0477    0.3662    0.0000    0.0492
    0.3149    0.0000    0.0500    0.2658    0.0000    0.0498
    0.2194    0.0000    0.0486    0.1763    0.0000    0.0465
    0.1370    0.0000    0.0434    0.1020    0.0000    0.0393
    0.0716    0.0000    0.0344    0.0462    0.0000    0.0286
    0.0262    0.0000    0.0222    0.0117    0.0000    0.0153
    0.0029    0.0000    0.0079    0.0000    0.0000    0.0000
    0.0029    0.0000   -0.0079    0.0117    0.0000   -0.0153
    0.0262    0.0000   -0.0222    0.0462    0.0000   -0.0286
    0.0716    0.0000   -0.0344    0.1020    0.0000   -0.0393
    0.1370    0.0000   -0.0434    0.1763    0.0000   -0.0465
    0.2194    0.0000   -0.0486    0.2658    0.0000   -0.0498
    0.3149    0.0000   -0.0500    0.3662    0.0000   -0.0492
    0.4191    0.0000   -0.0477    0.4729    0.0000   -0.0454
    0.5271    0.0000   -0.0425    0.5809    0.0000   -0.0392
    0.6338    0.0000   -0.0355    0.6851    0.0000   -0.0315
    0.7342    0.0000   -0.0274    0.7806    0.0000   -0.0232
    0.8237    0.0000   -0.0192    0.8630    0.0000   -0.0152
    0.8980    0.0000   -0.0116    0.9284    0.0000   -0.0083
    0.9538    0.0000   -0.0054    0.9738    0.0000   -0.0031
    0.9883    0.0000   -0.0014    0.9971    0.0000   -0.0004
    1.0000    0.0000    0.0000
    1.0000    0.1034    0.0000    0.9971    0.1034    0.0003
    0.9883    0.1034    0.0012    0.9738    0.1034    0.0028
    0.9537    0.1034    0.0048    0.9283    0.1034    0.0073
    0.8979    0.1034    0.0102    0.8628    0.1034    0.0134
    0.8235    0.1034    0.0168    0.7803    0.1034    0.0203
    0.7339    0.1034    0.0238    0.6847    0.1034    0.0273
    0.6333    0.1034    0.0305    0.5804    0.1034    0.0336
    0.5265    0.1034    0.0362    0.4724    0.1034    0.0383
    0.4185    0.1034    0.0399    0.3656    0.1034    0.0407
    0.3143    0.1034    0.0408    0.2652    0.1034    0.0399
    0.2188    0.1034    0.0381    0.1758    0.1034    0.0354
    0.1365    0.1034    0.0318    0.1015    0.1034    0.0272
    0.0712    0.1034    0.0219    0.0459    0.1034    0.0158
    0.0260    0.1034    0.0092    0.0116    0.1034    0.0020
    0.0029    0.1034   -0.0055    0.0001    0.1034   -0.0134
    0.0031    0.1034   -0.0212    0.0120    0.1034   -0.0286
    0.0266    0.1034   -0.0353    0.0467    0.1034   -0.0415
    0.0721    0.1034   -0.0468    0.1026    0.1034   -0.0514
    0.1377    0.1034   -0.0550    0.1770    0.1034   -0.0576
    0.2201    0.1034   -0.0591    0.2665    0.1034   -0.0596
    0.3157    0.1034   -0.0592    0.3670    0.1034   -0.0577
    0.4198    0.1034   -0.0555    0.4736    0.1034   -0.0525
    0.5277    0.1034   -0.0489    0.5815    0.1034   -0.0448
    0.6343    0.1034   -0.0404    0.6855    0.1034   -0.0357
    0.7346    0.1034   -0.0310    0.7809    0.1034   -0.0262
    0.8240    0.1034   -0.0215    0.8632    0.1034   -0.0171
    0.8982    0.1034   -0.0130    0.9285    0.1034   -0.0092
    0.9539    0.1034   -0.0061    0.9739    0.1034   -0.0035
    0.9883    0.1034   -0.0016    0.9971    0.1034   -0.0004
    1.0000    0.1034    0.0000
    1.0000    0.2069    0.0000    0.9971    0.2069    0.0003
    0.9883    0.2069    0.0012    0.9738    0.2069    0.0027
    0.9537    0.2069    0.0046    0.9283    0.2069    0.0070
    0.8979    0.2069    0.0098    0.8628    0.2069    0.0129
    0.8234    0.2069    0.0161    0.7802    0.2069    0.0195
    0.7338    0.2069    0.0228    0.6846    0.2069    0.0261
    0.6332    0.2069    0.0291    0.5803    0.2069    0.0320
    0.5264    0.2069    0.0344    0.4722    0.2069    0.0363
    0.4184    0.2069    0.0377    0.3655    0.2069    0.0383
    0.3142    0.2069    0.0381    0.2650    0.2069    0.0371
    0.2187    0.2069    0.0352    0.1756    0.2069    0.0323
    0.1364    0.2069    0.0285    0.1014    0.2069    0.0238
    0.0711    0.2069    0.0183    0.0459    0.2069    0.0122
    0.0259    0.2069    0.0055    0.0116    0.2069   -0.0018
    0.0029    0.2069   -0.0093    0.0001    0.2069   -0.0172
    0.0032    0.2069   -0.0250    0.0121    0.2069   -0.0323
    0.0267    0.2069   -0.0390    0.0468    0.2069   -0.0451
    0.0723    0.2069   -0.0504    0.1028    0.2069   -0.0548
    0.1379    0.2069   -0.0582    0.1772    0.2069   -0.0607
    0.2204    0.2069   -0.0621    0.2668    0.2069   -0.0624
    0.3159    0.2069   -0.0618    0.3672    0.2069   -0.0602
    0.4200    0.2069   -0.0577    0.4738    0.2069   -0.0545
    0.5279    0.2069   -0.0507    0.5816    0.2069   -0.0464
    0.6344    0.2069   -0.0418    0.6857    0.2069   -0.0369
    0.7347    0.2069   -0.0320    0.7810    0.2069   -0.0270
    0.8240    0.2069   -0.0222    0.8633    0.2069   -0.0176
    0.8983    0.2069   -0.0133    0.9286    0.2069   -0.0095
    0.9539    0.2069   -0.0062    0.9739    0.2069   -0.0036
    0.9883    0.2069   -0.0016    0.9971    0.2069   -0.0004
    1.0000    0.2069    0.0000
    1.0000    0.3103    0.0000    0.9971    0.3103    0.0003
    0.9883    0.3103    0.0012    0.9738    0.3103    0.0026
    0.9537    0.3103    0.0045    0.9283    0.3103    0.0069
    0.8978    0.3103    0.0096    0.8627    0.3103    0.0126
    0.8234    0.3103    0.0157    0.7802    0.3103    0.0189
    0.7337    0.3103    0.0222    0.6845    0.3103    0.0253
    0.6331    0.3103    0.0283    0.5802    0.3103    0.0310
    0.5263    0.3103    0.0333    0.4721    0.3103    0.0351
    0.4183    0.3103    0.0363    0.3654    0.3103    0.0368
    0.3141    0.3103    0.0366    0.2650    0.3103    0.0354
    0.2186    0.3103    0.0334    0.1756    0.3103    0.0304
    0.1363    0.3103    0.0265    0.1014    0.3103    0.0217
    0.0711    0.3103    0.0162    0.0458    0.3103    0.0100
    0.0259    0.3103    0.0032    0.0116    0.3103   -0.0040
    0.0030    0.3103   -0.0116    0.0002    0.3103   -0.0196
    0.0033    0.3103   -0.0273    0.0122    0.3103   -0.0346
    0.0268    0.3103   -0.0413    0.0470    0.3103   -0.0473
    0.0724    0.3103   -0.0525    0.1029    0.3103   -0.0568
    0.1380    0.3103   -0.0602    0.1774    0.3103   -0.0626
    0.2205    0.3103   -0.0639    0.2669    0.3103   -0.0641
    0.3160    0.3103   -0.0633    0.3673    0.3103   -0.0616
    0.4202    0.3103   -0.0590    0.4739    0.3103   -0.0557
    0.5280    0.3103   -0.0518    0.5817    0.3103   -0.0474
    0.6345    0.3103   -0.0426    0.6857    0.3103   -0.0377
    0.7348    0.3103   -0.0326    0.7811    0.3103   -0.0275
    0.8241    0.3103   -0.0226    0.8633    0.3103   -0.0179
    0.8983    0.3103   -0.0136    0.9286    0.3103   -0.0097
    0.9539    0.3103   -0.0063    0.9739    0.3103   -0.0036
    0.9883    0.3103   -0.0016    0.9971    0.3103   -0.0004
    1.0000    0.3103    0.0000
    1.0000    0.4138    0.0000    0.9971    0.4138    0.0003
    0.9883    0.4138    0.0012    0.9738    0.4138    0.0026
    0.9537    0.4138    0.0045    0.9283    0.4138    0.0068
    0.8978    0.4138    0.0094    0.8627    0.4138    0.0123
    0.8233    0.4138    0.0154    0.7802    0.4138    0.0186
    0.7337    0.4138    0.0218    0.6845    0.4138    0.0248
    0.6331    0.4138    0.0277    0.5802    0.4138    0.0303
    0.5263    0.4138    0.0325    0.4721    0.4138    0.0343
    0.4182    0.4138    0.0354    0.3653    0.4138    0.0358
    0.3140    0.4138    0.0355    0.2649    0.4138    0.0343
    0.2186    0.4138    0.0321    0.1755    0.4138    0.0291
    0.1363    0.4138    0.0251    0.1013    0.4138    0.0203
    0.0711    0.4138    0.0147    0.0458    0.4138    0.0085
    0.0259    0.4138    0.0017    0.0116    0.4138   -0.0056
    0.0030    0.4138   -0.0132    0.0002    0.4138   -0.0211
    0.0033    0.4138   -0.0289    0.0122    0.4138   -0.0362
    0.0269    0.4138   -0.0428    0.0470    0.4138   -0.0488
    0.0725    0.4138   -0.0540    0.1030    0.4138   -0.0583
    0.1381    0.4138   -0.0616    0.1775    0.4138   -0.0639
    0.2206    0.4138   -0.0651    0.2670    0.4138   -0.0653
    0.3161    0.4138   -0.0644    0.3674    0.4138   -0.0626
    0.4202    0.4138   -0.0599    0.4740    0.4138   -0.0565
    0.5281    0.4138   -0.0525    0.5818    0.4138   -0.0480
    0.6346    0.4138   -0.0432    0.6858    0.4138   -0.0381
    0.7348    0.4138   -0.0330    0.7811    0.4138   -0.0279
    0.8241    0.4138   -0.0229    0.8634    0.4138   -0.0181
    0.8983    0.4138   -0.0137    0.9286    0.4138   -0.0098
    0.9539    0.4138   -0.0064    0.9739    0.4138   -0.0037
    0.9883    0.4138   -0.0017    0.9971    0.4138   -0.0004
    1.0000    0.4138    0.0000
    1.0000    0.5172    0.0000    0.9971    0.5172    0.0003
    0.9883    0.5172    0.0011    0.9738    0.5172    0.0025
    0.9537    0.5172    0.0044    0.9283    0.5172    0.0067
    0.8978    0.5172    0.0093    0.8627    0.5172    0.0122
    0.8233    0.5172    0.0152    0.7801    0.5172    0.0184
    0.7337    0.5172    0.0215    0.6844    0.5172    0.0245
    0.6331    0.5172    0.0273    0.5801    0.5172    0.0299
    0.5262    0.5172    0.0320    0.4721    0.5172    0.0337
    0.4182    0.5172    0.0347    0.3653    0.5172    0.0351
    0.3140    0.5172    0.0347    0.2649    0.5172    0.0334
    0.2185    0.5172    0.0312    0.1755    0.5172    0.0281
    0.1363    0.5172    0.0241    0.1013    0.5172    0.0193
    0.0710    0.5172    0.0137    0.0458    0.5172    0.0074
    0.0259    0.5172    0.0006    0.0116    0.5172   -0.0067
    0.0030    0.5172   -0.0143    0.0002    0.5172   -0.0223
    0.0034    0.5172   -0.0300    0.0123    0.5172   -0.0373
    0.0269    0.5172   -0.0439    0.0471    0.5172   -0.0499
    0.0726    0.5172   -0.0550    0.1031    0.5172   -0.0593
    0.1382    0.5172   -0.0626    0.1775    0.5172   -0.0648
    0.2207    0.5172   -0.0660    0.2671    0.5172   -0.0661
    0.3162    0.5172   -0.0652    0.3675    0.5172   -0.0633
    0.4203    0.5172   -0.0606    0.4741    0.5172   -0.0571
    0.5281    0.5172   -0.0531    0.5819    0.5172   -0.0485
    0.6346    0.5172   -0.0436    0.6858    0.5172   -0.0385
    0.7349    0.5172   -0.0333    0.7812    0.5172   -0.0281
    0.8242    0.5172   -0.0231    0.8634    0.5172   -0.0183
    0.8983    0.5172   -0.0139    0.9286    0.5172   -0.0099
    0.9539    0.5172   -0.0065    0.9739    0.5172   -0.0037
    0.9883    0.5172   -0.0017    0.9971    0.5172   -0.0004
    1.0000    0.5172    0.0000
    1.0000    0.6207    0.0000    0.9971    0.6207    0.0003
    0.9883    0.6207    0.0011    0.9738    0.6207    0.0025
    0.9537    0.6207    0.0044    0.9283    0.6207    0.0066
    0.8978    0.6207    0.0092    0.8627    0.6207    0.0121
    0.8233    0.6207    0.0151    0.7801    0.6207    0.0182
    0.7336    0.6207    0.0212    0.6844    0.6207    0.0242
    0.6330    0.6207    0.0270    0.5801    0.6207    0.0295
    0.5262    0.6207    0.0316    0.4720    0.6207    0.0332
    0.4182    0.6207    0.0343    0.3653    0.6207    0.0346
    0.3140    0.6207    0.0341    0.2648    0.6207    0.0328
    0.2185    0.6207    0.0306    0.1755    0.6207    0.0274
    0.1362    0.6207    0.0234    0.1013    0.6207    0.0185
    0.0710    0.6207    0.0129    0.0458    0.6207    0.0066
    0.0259    0.6207   -0.0003    0.0116    0.6207   -0.0075
    0.0030    0.6207   -0.0152    0.0003    0.6207   -0.0231
    0.0034    0.6207   -0.0309    0.0123    0.6207   -0.0381
    0.0269    0.6207   -0.0447    0.0471    0.6207   -0.0507
    0.0726    0.6207   -0.0558    0.1031    0.6207   -0.0600
    0.1382    0.6207   -0.0633    0.1776    0.6207   -0.0655
    0.2207    0.6207   -0.0667    0.2671    0.6207   -0.0667
    0.3163    0.6207   -0.0658    0.3675    0.6207   -0.0639
    0.4204    0.6207   -0.0611    0.4741    0.6207   -0.0576
    0.5282    0.6207   -0.0535    0.5819    0.6207   -0.0489
    0.6347    0.6207   -0.0439    0.6859    0.6207   -0.0388
    0.7349    0.6207   -0.0335    0.7812    0.6207   -0.0283
    0.8242    0.6207   -0.0232    0.8634    0.6207   -0.0184
    0.8983    0.6207   -0.0139    0.9286    0.6207   -0.0099
    0.9539    0.6207   -0.0065    0.9739    0.6207   -0.0037
    0.9883    0.6207   -0.0017    0.9971    0.6207   -0.0004
    1.0000    0.6207    0.0000
    1.0000    0.7241    0.0000    0.9971    0.7241    0.0003
    0.9883    0.7241    0.0011    0.9738    0.7241    0.0025
    0.9537    0.7241    0.0043    0.9283    0.7241    0.0066
    0.8978    0.7241    0.0092    0.8627    0.7241    0.0120
    0.8233    0.7241    0.0150    0.7801    0.7241    0.0180
    0.7336    0.7241    0.0211    0.6844    0.7241    0.0240
    0.6330    0.7241    0.0268    0.5801    0.7241    0.0292
    0.5262    0.7241    0.0313    0.4720    0.7241    0.0329
    0.4181    0.7241    0.0339    0.3652    0.7241    0.0342
    0.3139    0.7241    0.0337    0.2648    0.7241    0.0323
    0.2185    0.7241    0.0301    0.1754    0.7241    0.0269
    0.1362    0.7241    0.0229    0.1013    0.7241    0.0180
    0.0710    0.7241    0.0123    0.0458    0.7241    0.0060
    0.0259    0.7241   -0.0009    0.0116    0.7241   -0.0082
    0.0030    0.7241   -0.0158    0.0003    0.7241   -0.0237
    0.0034    0.7241   -0.0315    0.0123    0.7241   -0.0388
    0.0270    0.7241   -0.0454    0.0472    0.7241   -0.0513
    0.0726    0.7241   -0.0564    0.1031    0.7241   -0.0606
    0.1383    0.7241   -0.0638    0.1776    0.7241   -0.0660
    0.2208    0.7241   -0.0672    0.2672    0.7241   -0.0672
    0.3163    0.7241   -0.0662    0.3676    0.7241   -0.0643
    0.4204    0.7241   -0.0615    0.4742    0.7241   -0.0579
    0.5282    0.7241   -0.0538    0.5819    0.7241   -0.0491
    0.6347    0.7241   -0.0442    0.6859    0.7241   -0.0390
    0.7349    0.7241   -0.0337    0.7812    0.7241   -0.0284
    0.8242    0.7241   -0.0233    0.8634    0.7241   -0.0185
    0.8984    0.7241   -0.0140    0.9286    0.7241   -0.0100
    0.9539    0.7241   -0.0065    0.9739    0.7241   -0.0037
    0.9883    0.7241   -0.0017    0.9971    0.7241   -0.0004
    1.0000    0.7241    0.0000
    1.0000    0.8276    0.0000    0.9971    0.8276    0.0003
    0.9883    0.8276    0.0011    0.9738    0.8276    0.0025
    0.9537    0.8276    0.0043    0.9282    0.8276    0.0065
    0.8978    0.8276    0.0091    0.8627    0.8276    0.0119
    0.8233    0.8276    0.0149    0.7801    0.8276    0.0179
    0.7336    0.8276    0.0209    0.6844    0.8276    0.0239
    0.6330    0.8276    0.0266    0.5801    0.8276    0.0290
    0.5262    0.8276    0.0311    0.4720    0.8276    0.0326
    0.4181    0.8276    0.0336    0.3652    0.8276    0.0339
    0.3139    0.8276    0.0333    0.2648    0.8276    0.0320
    0.2185    0.8276    0.0297    0.1754    0.8276    0.0265
    0.1362    0.8276    0.0224    0.1013    0.8276    0.0175
    0.0710    0.8276    0.0118    0.0458    0.8276    0.0055
    0.0259    0.8276   -0.0014    0.0116    0.8276   -0.0087
    0.0030    0.8276   -0.0163    0.0003    0.8276   -0.0242
    0.0034    0.8276   -0.0320    0.0124    0.8276   -0.0393
    0.0270    0.8276   -0.0459    0.0472    0.8276   -0.0518
    0.0727    0.8276   -0.0569    0.1032    0.8276   -0.0611
    0.1383    0.8276   -0.0643    0.1777    0.8276   -0.0664
    0.2208    0.8276   -0.0675    0.2672    0.8276   -0.0676
    0.3163    0.8276   -0.0666    0.3676    0.8276   -0.0646
    0.4204    0.8276   -0.0618    0.4742    0.8276   -0.0582
    0.5282    0.8276   -0.0540    0.5820    0.8276   -0.0493
    0.6347    0.8276   -0.0443    0.6859    0.8276   -0.0391
    0.7349    0.8276   -0.0338    0.7812    0.8276   -0.0286
    0.8242    0.8276   -0.0234    0.8634    0.8276   -0.0186
    0.8984    0.8276   -0.0141    0.9287    0.8276   -0.0100
    0.9539    0.8276   -0.0066    0.9739    0.8276   -0.0038
    0.9883    0.8276   -0.0017    0.9971    0.8276   -0.0004
    1.0000    0.8276    0.0000
    1.0000    0.9310    0.0000    0.9971    0.9310    0.0003
    0.9883    0.9310    0.0011    0.9738    0.9310    0.0025
    0.9537    0.9310    0.0043    0.9282    0.9310    0.0065
    0.8978    0.9310    0.0091    0.8627    0.9310    0.0119
    0.8233    0.9310    0.0148    0.7801    0.9310    0.0178
    0.7336    0.9310    0.0208    0.6844    0.9310    0.0237
    0.6330    0.9310    0.0264    0.5801    0.9310    0.0288
    0.5262    0.9310    0.0309    0.4720    0.9310    0.0324
    0.4181    0.9310    0.0334    0.3652    0.9310    0.0336
    0.3139    0.9310    0.0331    0.2648    0.9310    0.0317
    0.2184    0.9310    0.0294    0.1754    0.9310    0.0262
    0.1362    0.9310    0.0221    0.1013    0.9310    0.0171
    0.0710    0.9310    0.0115    0.0458    0.9310    0.0051
    0.0259    0.9310   -0.0018    0.0116    0.9310   -0.0091
    0.0030    0.9310   -0.0167    0.0003    0.9310   -0.0246
    0.0034    0.9310   -0.0324    0.0124    0.9310   -0.0396
    0.0270    0.9310   -0.0462    0.0472    0.9310   -0.0521
    0.0727    0.9310   -0.0572    0.1032    0.9310   -0.0614
    0.1383    0.9310   -0.0646    0.1777    0.9310   -0.0668
    0.2208    0.9310   -0.0679    0.2672    0.9310   -0.0679
    0.3164    0.9310   -0.0668    0.3676    0.9310   -0.0648
    0.4205    0.9310   -0.0620    0.4742    0.9310   -0.0584
    0.5283    0.9310   -0.0542    0.5820    0.9310   -0.0495
    0.6347    0.9310   -0.0445    0.6859    0.9310   -0.0393
    0.7350    0.9310   -0.0339    0.7812    0.9310   -0.0286
    0.8242    0.9310   -0.0235    0.8634    0.9310   -0.0186
    0.8984    0.9310   -0.0141    0.9287    0.9310   -0.0100
    0.9539    0.9310   -0.0066    0.9739    0.9310   -0.0038
    0.9883    0.9310   -0.0017    0.9971    0.9310   -0.0004
    1.0000    0.9310    0.0000
    1.0000    1.0345    0.0000    0.9971    1.0345    0.0003
    0.9883    1.0345    0.0011    0.9738    1.0345    0.0025
    0.9537    1.0345    0.0043    0.9282    1.0345    0.0065
    0.8978    1.0345    0.0090    0.8627    1.0345    0.0118
    0.8233    1.0345    0.0147    0.7801    1.0345    0.0178
    0.7336    1.0345    0.0207    0.6844    1.0345    0.0236
    0.6330    1.0345    0.0263    0.5800    1.0345    0.0287
    0.5262    1.0345    0.0307    0.4720    1.0345    0.0322
    0.4181    1.0345    0.0332    0.3652    1.0345    0.0334
    0.3139    1.0345    0.0328    0.2648    1.0345    0.0314
    0.2184    1.0345    0.0291    0.1754    1.0345    0.0259
    0.1362    1.0345    0.0218    0.1013    1.0345    0.0169
    0.0710    1.0345    0.0112    0.0458    1.0345    0.0048
    0.0259    1.0345   -0.0021    0.0116    1.0345   -0.0094
    0.0030    1.0345   -0.0171    0.0003    1.0345   -0.0250
    0.0034    1.0345   -0.0328    0.0124    1.0345   -0.0400
    0.0270    1.0345   -0.0466    0.0472    1.0345   -0.0525
    0.0727    1.0345   -0.0575    0.1032    1.0345   -0.0617
    0.1384    1.0345   -0.0649    0.1777    1.0345   -0.0670
    0.2209    1.0345   -0.0681    0.2673    1.0345   -0.0681
    0.3164    1.0345   -0.0671    0.3677    1.0345   -0.0650
    0.4205    1.0345   -0.0622    0.4742    1.0345   -0.0586
    0.5283    1.0345   -0.0543    0.5820    1.0345   -0.0496
    0.6348    1.0345   -0.0446    0.6860    1.0345   -0.0394
    0.7350    1.0345   -0.0340    0.7812    1.0345   -0.0287
    0.8242    1.0345   -0.0236    0.8634    1.0345   -0.0187
    0.8984    1.0345   -0.0141    0.9287    1.0345   -0.0101
    0.9539    1.0345   -0.0066    0.9739    1.0345   -0.0038
    0.9883    1.0345   -0.0017    0.9971    1.0345   -0.0004
    1.0000    1.0345    0.0000
    1.0000    1.1379    0.0000    0.9971    1.1379    0.0003
    0.9883    1.1379    0.0011    0.9738    1.1379    0.0025
    0.9537    1.1379    0.0043    0.9282    1.1379    0.0065
    0.8978    1.1379    0.0090    0.8627    1.1379    0.0118
    0.8233    1.1379    0.0147    0.7801    1.1379    0.0177
    0.7336    1.1379    0.0207    0.6844    1.1379    0.0235
    0.6330    1.1379    0.0262    0.5800    1.1379    0.0286
    0.5261    1.1379    0.0306    0.4720    1.1379    0.0321
    0.4181    1.1379    0.0330    0.3652    1.1379    0.0332
    0.3139    1.1379    0.0326    0.2648    1.1379    0.0312
    0.2184    1.1379    0.0289    0.1754    1.1379    0.0257
    0.1362    1.1379    0.0216    0.1012    1.1379    0.0166
    0.0710    1.1379    0.0109    0.0458    1.1379    0.0045
    0.0259    1.1379   -0.0024    0.0116    1.1379   -0.0097
    0.0031    1.1379   -0.0173    0.0003    1.1379   -0.0253
    0.0034    1.1379   -0.0330    0.0124    1.1379   -0.0402
    0.0270    1.1379   -0.0468    0.0472    1.1379   -0.0527
    0.0727    1.1379   -0.0578    0.1032    1.1379   -0.0620
    0.1384    1.1379   -0.0651    0.1777    1.1379   -0.0673
    0.2209    1.1379   -0.0683    0.2673    1.1379   -0.0683
    0.3164    1.1379   -0.0672    0.3677    1.1379   -0.0652
    0.4205    1.1379   -0.0623    0.4742    1.1379   -0.0587
    0.5283    1.1379   -0.0545    0.5820    1.1379   -0.0498
    0.6348    1.1379   -0.0447    0.6860    1.1379   -0.0394
    0.7350    1.1379   -0.0341    0.7813    1.1379   -0.0288
    0.8242    1.1379   -0.0236    0.8634    1.1379   -0.0187
    0.8984    1.1379   -0.0142    0.9287    1.1379   -0.0101
    0.9539    1.1379   -0.0066    0.9739    1.1379   -0.0038
    0.9883    1.1379   -0.0017    0.9971    1.1379   -0.0004
    1.0000    1.1379    0.0000
    1.0000    1.2414    0.0000    0.9971    1.2414    0.0003
    0.9883    1.2414    0.0011    0.9738    1.2414    0.0024
    0.9537    1.2414    0.0043    0.9282    1.2414    0.0065
    0.8978    1.2414    0.0090    0.8627    1.2414    0.0117
    0.8233    1.2414    0.0147    0.7801    1.2414    0.0176
    0.7336    1.2414    0.0206    0.6844    1.2414    0.0235
    0.6330    1.2414    0.0261    0.5800    1.2414    0.0285
    0.5261    1.2414    0.0305    0.4719    1.2414    0.0320
    0.4181    1.2414    0.0329    0.3652    1.2414    0.0331
    0.3139    1.2414    0.0325    0.2648    1.2414    0.0310
    0.2184    1.2414    0.0287    0.1754    1.2414    0.0255
    0.1362    1.2414    0.0213    0.1012    1.2414    0.0164
    0.0710    1.2414    0.0107    0.0458    1.2414    0.0043
    0.0259    1.2414   -0.0026    0.0116    1.2414   -0.0099
    0.0031    1.2414   -0.0176    0.0003    1.2414   -0.0255
    0.0035    1.2414   -0.0333    0.0124    1.2414   -0.0405
    0.0271    1.2414   -0.0471    0.0473    1.2414   -0.0530
    0.0727    1.2414   -0.0580    0.1032    1.2414   -0.0622
    0.1384    1.2414   -0.0654    0.1778    1.2414   -0.0675
    0.2209    1.2414   -0.0685    0.2673    1.2414   -0.0685
    0.3164    1.2414   -0.0674    0.3677    1.2414   -0.0654
    0.4205    1.2414   -0.0625    0.4743    1.2414   -0.0588
    0.5283    1.2414   -0.0546    0.5820    1.2414   -0.0499
    0.6348    1.2414   -0.0448    0.6860    1.2414   -0.0395
    0.7350    1.2414   -0.0342    0.7813    1.2414   -0.0288
    0.8242    1.2414   -0.0236    0.8634    1.2414   -0.0187
    0.8984    1.2414   -0.0142    0.9287    1.2414   -0.0101
    0.9539    1.2414   -0.0066    0.9739    1.2414   -0.0038
    0.9883    1.2414   -0.0017    0.9971    1.2414   -0.0004
    1.0000    1.2414    0.0000
    1.0000    1.3448    0.0000    0.9971    1.3448    0.0003
    0.9883    1.3448    0.0011    0.9738    1.3448    0.0024
    0.9537    1.3448    0.0042    0.9282    1.3448    0.0064
    0.8978    1.3448    0.0090    0.8627    1.3448    0.0117
    0.8233    1.3448    0.0146    0.7801    1.3448    0.0176
    0.7336    1.3448    0.0205    0.6844    1.3448    0.0234
    0.6330    1.3448    0.0260    0.5800    1.3448    0.0284
    0.5261    1.3448    0.0304    0.4719    1.3448    0.0318
    0.4181    1.3448    0.0327    0.3652    1.3448    0.0329
    0.3139    1.3448    0.0323    0.2648    1.3448    0.0309
    0.2184    1.3448    0.0285    0.1754    1.3448    0.0253
    0.1362    1.3448    0.0211    0.1012    1.3448    0.0162
    0.0710    1.3448    0.0105    0.0458    1.3448    0.0041
    0.0259    1.3448   -0.0028    0.0116    1.3448   -0.0102
    0.0031    1.3448   -0.0178    0.0003    1.3448   -0.0257
    0.0035    1.3448   -0.0335    0.0124    1.3448   -0.0407
    0.0271    1.3448   -0.0473    0.0473    1.3448   -0.0532
    0.0728    1.3448   -0.0582    0.1033    1.3448   -0.0624
    0.1384    1.3448   -0.0656    0.1778    1.3448   -0.0677
    0.2209    1.3448   -0.0687    0.2673    1.3448   -0.0687
    0.3164    1.3448   -0.0676    0.3677    1.3448   -0.0655
    0.4205    1.3448   -0.0626    0.4743    1.3448   -0.0590
    0.5283    1.3448   -0.0547    0.5820    1.3448   -0.0500
    0.6348    1.3448   -0.0449    0.6860    1.3448   -0.0396
    0.7350    1.3448   -0.0342    0.7813    1.3448   -0.0289
    0.8242    1.3448   -0.0237    0.8634    1.3448   -0.0188
    0.8984    1.3448   -0.0142    0.9287    1.3448   -0.0101
    0.9539    1.3448   -0.0066    0.9739    1.3448   -0.0038
    0.9884    1.3448   -0.0017    0.9971    1.3448   -0.0004
    1.0000    1.3448    0.0000
    1.0000    1.4483    0.0000    0.9971    1.4483    0.0003
    0.9883    1.4483    0.0011    0.9738    1.4483    0.0024
    0.9537    1.4483    0.0042    0.9282    1.4483    0.0064
    0.8978    1.4483    0.0089    0.8626    1.4483    0.0117
    0.8233    1.4483    0.0146    0.7801    1.4483    0.0175
    0.7336    1.4483    0.0205    0.6844    1.4483    0.0233
    0.6330    1.4483    0.0259    0.5800    1.4483    0.0283
    0.5261    1.4483    0.0303    0.4719    1.4483    0.0317
    0.4181    1.4483    0.0326    0.3652    1.4483    0.0328
    0.3139    1.4483    0.0322    0.2648    1.4483    0.0307
    0.2184    1.4483    0.0283    0.1754    1.4483    0.0251
    0.1362    1.4483    0.0209    0.1012    1.4483    0.0160
    0.0710    1.4483    0.0102    0.0458    1.4483    0.0039
    0.0259    1.4483   -0.0030    0.0116    1.4483   -0.0104
    0.0031    1.4483   -0.0180    0.0003    1.4483   -0.0260
    0.0035    1.4483   -0.0337    0.0124    1.4483   -0.0409
    0.0271    1.4483   -0.0475    0.0473    1.4483   -0.0534
    0.0728    1.4483   -0.0585    0.1033    1.4483   -0.0626
    0.1384    1.4483   -0.0658    0.1778    1.4483   -0.0679
    0.2209    1.4483   -0.0689    0.2673    1.4483   -0.0688
    0.3165    1.4483   -0.0677    0.3677    1.4483   -0.0657
    0.4205    1.4483   -0.0628    0.4743    1.4483   -0.0591
    0.5283    1.4483   -0.0548    0.5820    1.4483   -0.0501
    0.6348    1.4483   -0.0450    0.6860    1.4483   -0.0397
    0.7350    1.4483   -0.0343    0.7813    1.4483   -0.0289
    0.8243    1.4483   -0.0237    0.8634    1.4483   -0.0188
    0.8984    1.4483   -0.0142    0.9287    1.4483   -0.0101
    0.9539    1.4483   -0.0066    0.9739    1.4483   -0.0038
    0.9884    1.4483   -0.0017    0.9971    1.4483   -0.0004
    1.0000    1.4483    0.0000
    1.0000    1.5517    0.0000    0.9971    1.5517    0.0003
    0.9883    1.5517    0.0011    0.9738    1.5517    0.0024
    0.9537    1.5517    0.0042    0.9282    1.5517    0.0064
    0.8978    1.5517    0.0089    0.8626    1.5517    0.0116
    0.8233    1.5517    0.0145    0.7801    1.5517    0.0175
    0.7336    1.5517    0.0204    0.6844    1.5517    0.0232
    0.6330    1.5517    0.0259    0.5800    1.5517    0.0282
    0.5261    1.5517    0.0301    0.4719    1.5517    0.0316
    0.4181    1.5517    0.0324    0.3652    1.5517    0.0326
    0.3139    1.5517    0.0320    0.2647    1.5517    0.0305
    0.2184    1.5517    0.0282    0.1754    1.5517    0.0249
    0.1362    1.5517    0.0207    0.1012    1.5517    0.0157
    0.0710    1.5517    0.0100    0.0458    1.5517    0.0036
    0.0259    1.5517   -0.0033    0.0116    1.5517   -0.0106
    0.0031    1.5517   -0.0183    0.0003    1.5517   -0.0262
    0.0035    1.5517   -0.0340    0.0124    1.5517   -0.0412
    0.0271    1.5517   -0.0478    0.0473    1.5517   -0.0536
    0.0728    1.5517   -0.0587    0.1033    1.5517   -0.0628
    0.1384    1.5517   -0.0660    0.1778    1.5517   -0.0681
    0.2209    1.5517   -0.0691    0.2674    1.5517   -0.0690
    0.3165    1.5517   -0.0679    0.3677    1.5517   -0.0658
    0.4206    1.5517   -0.0629    0.4743    1.5517   -0.0592
    0.5283    1.5517   -0.0549    0.5821    1.5517   -0.0502
    0.6348    1.5517   -0.0451    0.6860    1.5517   -0.0397
    0.7350    1.5517   -0.0343    0.7813    1.5517   -0.0290
    0.8243    1.5517   -0.0238    0.8634    1.5517   -0.0188
    0.8984    1.5517   -0.0143    0.9287    1.5517   -0.0102
    0.9539    1.5517   -0.0066    0.9739    1.5517   -0.0038
    0.9884    1.5517   -0.0017    0.9971    1.5517   -0.0004
    1.0000    1.5517    0.0000
    1.0000    1.6552    0.0000    0.9971    1.6552    0.0003
    0.9883    1.6552    0.0011    0.9738    1.6552    0.0024
    0.9537    1.6552    0.0042    0.9282    1.6552    0.0064
    0.8978    1.6552    0.0089    0.8626    1.6552    0.0116
    0.8232    1.6552    0.0145    0.7801    1.6552    0.0174
    0.7336    1.6552    0.0203    0.6843    1.6552    0.0232
    0.6330    1.6552    0.0258    0.5800    1.6552    0.0281
    0.5261    1.6552    0.0300    0.4719    1.6552    0.0315
    0.4181    1.6552    0.0323    0.3652    1.6552    0.0325
    0.3138    1.6552    0.0318    0.2647    1.6552    0.0303
    0.2184    1.6552    0.0280    0.1754    1.6552    0.0247
    0.1362    1.6552    0.0205    0.1012    1.6552    0.0155
    0.0710    1.6552    0.0098    0.0458    1.6552    0.0034
    0.0259    1.6552   -0.0035    0.0116    1.6552   -0.0109
    0.0031    1.6552   -0.0185    0.0004    1.6552   -0.0265
    0.0035    1.6552   -0.0342    0.0124    1.6552   -0.0414
    0.0271    1.6552   -0.0480    0.0473    1.6552   -0.0539
    0.0728    1.6552   -0.0589    0.1033    1.6552   -0.0630
    0.1385    1.6552   -0.0662    0.1778    1.6552   -0.0683
    0.2210    1.6552   -0.0693    0.2674    1.6552   -0.0692
    0.3165    1.6552   -0.0681    0.3678    1.6552   -0.0660
    0.4206    1.6552   -0.0630    0.4743    1.6552   -0.0593
    0.5284    1.6552   -0.0550    0.5821    1.6552   -0.0503
    0.6348    1.6552   -0.0451    0.6860    1.6552   -0.0398
    0.7350    1.6552   -0.0344    0.7813    1.6552   -0.0290
    0.8243    1.6552   -0.0238    0.8634    1.6552   -0.0189
    0.8984    1.6552   -0.0143    0.9287    1.6552   -0.0102
    0.9539    1.6552   -0.0067    0.9739    1.6552   -0.0038
    0.9884    1.6552   -0.0017    0.9971    1.6552   -0.0004
    1.0000    1.6552    0.0000
    1.0000    1.7586    0.0000    0.9971    1.7586    0.0003
    0.9883    1.7586    0.0011    0.9738    1.7586    0.0024
    0.9537    1.7586    0.0042    0.9282    1.7586    0.0064
    0.8978    1.7586    0.0089    0.8626    1.7586    0.0116
    0.8232    1.7586    0.0144    0.7801    1.7586    0.0174
    0.7336    1.7586    0.0203    0.6843    1.7586    0.0231
    0.6329    1.7586    0.0257    0.5800    1.7586    0.0280
    0.5261    1.7586    0.0299    0.4719    1.7586    0.0313
    0.4180    1.7586    0.0321    0.3651    1.7586    0.0323
    0.3138    1.7586    0.0316    0.2647    1.7586    0.0301
    0.2184    1.7586    0.0277    0.1754    1.7586    0.0244
    0.1362    1.7586    0.0203    0.1012    1.7586    0.0153
    0.0710    1.7586    0.0095    0.0458    1.7586    0.0031
    0.0259    1.7586   -0.0038    0.0116    1.7586   -0.0111
    0.0031    1.7586   -0.0188    0.0004    1.7586   -0.0267
    0.0035    1.7586   -0.0345    0.0125    1.7586   -0.0417
    0.0271    1.7586   -0.0483    0.0473    1.7586   -0.0541
    0.0728    1.7586   -0.0592    0.1033    1.7586   -0.0633
    0.1385    1.7586   -0.0664    0.1778    1.7586   -0.0685
    0.2210    1.7586   -0.0695    0.2674    1.7586   -0.0694
    0.3165    1.7586   -0.0683    0.3678    1.7586   -0.0662
    0.4206    1.7586   -0.0632    0.4743    1.7586   -0.0595
    0.5284    1.7586   -0.0552    0.5821    1.7586   -0.0504
    0.6348    1.7586   -0.0453    0.6860    1.7586   -0.0399
    0.7350    1.7586   -0.0345    0.7813    1.7586   -0.0291
    0.8243    1.7586   -0.0239    0.8635    1.7586   -0.0189
    0.8984    1.7586   -0.0143    0.9287    1.7586   -0.0102
    0.9539    1.7586   -0.0067    0.9739    1.7586   -0.0038
    0.9884    1.7586   -0.0017    0.9971    1.7586   -0.0004
    1.0000    1.7586    0.0000
    1.0000    1.8621    0.0000    0.9971    1.8621    0.0003
    0.9883    1.8621    0.0011    0.9738    1.8621    0.0024
    0.9537    1.8621    0.0042    0.9282    1.8621    0.0063
    0.8978    1.8621    0.0088    0.8626    1.8621    0.0115
    0.8232    1.8621    0.0144    0.7800    1.8621    0.0173
    0.7336    1.8621    0.0202    0.6843    1.8621    0.0230
    0.6329    1.8621    0.0255    0.5800    1.8621    0.0278
    0.5261    1.8621    0.0297    0.4719    1.8621    0.0311
    0.4180    1.8621    0.0320    0.3651    1.8621    0.0321
    0.3138    1.8621    0.0314    0.2647    1.8621    0.0299
    0.2184    1.8621    0.0275    0.1754    1.8621    0.0242
    0.1361    1.8621    0.0200    0.1012    1.8621    0.0150
    0.0710    1.8621    0.0092    0.0458    1.8621    0.0028
    0.0259    1.8621   -0.0041    0.0116    1.8621   -0.0115
    0.0031    1.8621   -0.0191    0.0004    1.8621   -0.0271
    0.0035    1.8621   -0.0348    0.0125    1.8621   -0.0420
    0.0271    1.8621   -0.0486    0.0473    1.8621   -0.0544
    0.0728    1.8621   -0.0595    0.1033    1.8621   -0.0636
    0.1385    1.8621   -0.0667    0.1779    1.8621   -0.0688
    0.2210    1.8621   -0.0697    0.2674    1.8621   -0.0696
    0.3165    1.8621   -0.0685    0.3678    1.8621   -0.0664
    0.4206    1.8621   -0.0634    0.4744    1.8621   -0.0597
    0.5284    1.8621   -0.0553    0.5821    1.8621   -0.0505
    0.6349    1.8621   -0.0454    0.6860    1.8621   -0.0400
    0.7350    1.8621   -0.0346    0.7813    1.8621   -0.0292
    0.8243    1.8621   -0.0239    0.8635    1.8621   -0.0189
    0.8984    1.8621   -0.0143    0.9287    1.8621   -0.0102
    0.9540    1.8621   -0.0067    0.9739    1.8621   -0.0038
    0.9884    1.8621   -0.0017    0.9971    1.8621   -0.0004
    1.0000    1.8621    0.0000
    1.0000    1.9655    0.0000    0.9971    1.9655    0.0003
    0.9883    1.9655    0.0011    0.9738    1.9655    0.0024
    0.9537    1.9655    0.0042    0.9282    1.9655    0.0063
    0.8978    1.9655    0.0088    0.8626    1.9655    0.0115
    0.8232    1.9655    0.0143    0.7800    1.9655    0.0172
    0.7336    1.9655    0.0201    0.6843    1.9655    0.0229
    0.6329    1.9655    0.0254    0.5800    1.9655    0.0277
    0.5261    1.9655    0.0296    0.4719    1.9655    0.0310
    0.4180    1.9655    0.0317    0.3651    1.9655    0.0318
    0.3138    1.9655    0.0312    0.2647    1.9655    0.0296
    0.2184    1.9655    0.0272    0.1753    1.9655    0.0239
    0.1361    1.9655    0.0197    0.1012    1.9655    0.0147
    0.0710    1.9655    0.0089    0.0458    1.9655    0.0025
    0.0259    1.9655   -0.0045    0.0116    1.9655   -0.0118
    0.0031    1.9655   -0.0195    0.0004    1.9655   -0.0274
    0.0035    1.9655   -0.0352    0.0125    1.9655   -0.0424
    0.0271    1.9655   -0.0489    0.0474    1.9655   -0.0548
    0.0729    1.9655   -0.0598    0.1034    1.9655   -0.0639
    0.1385    1.9655   -0.0670    0.1779    1.9655   -0.0691
    0.2210    1.9655   -0.0700    0.2674    1.9655   -0.0699
    0.3166    1.9655   -0.0687    0.3678    1.9655   -0.0666
    0.4206    1.9655   -0.0636    0.4744    1.9655   -0.0599
    0.5284    1.9655   -0.0555    0.5821    1.9655   -0.0507
    0.6349    1.9655   -0.0455    0.6861    1.9655   -0.0401
    0.7351    1.9655   -0.0347    0.7813    1.9655   -0.0292
    0.8243    1.9655   -0.0240    0.8635    1.9655   -0.0190
    0.8984    1.9655   -0.0144    0.9287    1.9655   -0.0102
    0.9540    1.9655   -0.0067    0.9739    1.9655   -0.0038
    0.9884    1.9655   -0.0017    0.9971    1.9655   -0.0004
    1.0000    1.9655    0.0000
    1.0000    2.0690    0.0000    0.9971    2.0690    0.0003
    0.9883    2.0690    0.0011    0.9737    2.0690    0.0024
    0.9537    2.0690    0.0041    0.9282    2.0690    0.0063
    0.8978    2.0690    0.0087    0.8626    2.0690    0.0114
    0.8232    2.0690    0.0142    0.7800    2.0690    0.0171
    0.7335    2.0690    0.0200    0.6843    2.0690    0.0227
    0.6329    2.0690    0.0253    0.5800    2.0690    0.0275
    0.5261    2.0690    0.0294    0.4719    2.0690    0.0307
    0.4180    2.0690    0.0315    0.3651    2.0690    0.0316
    0.3138    2.0690    0.0309    0.2647    2.0690    0.0293
    0.2184    2.0690    0.0269    0.1753    2.0690    0.0236
    0.1361    2.0690    0.0193    0.1012    2.0690    0.0143
    0.0710    2.0690    0.0085    0.0458    2.0690    0.0021
    0.0259    2.0690   -0.0048    0.0116    2.0690   -0.0122
    0.0031    2.0690   -0.0199    0.0004    2.0690   -0.0278
    0.0035    2.0690   -0.0356    0.0125    2.0690   -0.0428
    0.0272    2.0690   -0.0493    0.0474    2.0690   -0.0552
    0.0729    2.0690   -0.0602    0.1034    2.0690   -0.0643
    0.1385    2.0690   -0.0674    0.1779    2.0690   -0.0694
    0.2211    2.0690   -0.0703    0.2675    2.0690   -0.0702
    0.3166    2.0690   -0.0690    0.3679    2.0690   -0.0668
    0.4207    2.0690   -0.0638    0.4744    2.0690   -0.0601
    0.5284    2.0690   -0.0557    0.5821    2.0690   -0.0508
    0.6349    2.0690   -0.0456    0.6861    2.0690   -0.0402
    0.7351    2.0690   -0.0348    0.7813    2.0690   -0.0293
    0.8243    2.0690   -0.0241    0.8635    2.0690   -0.0190
    0.8984    2.0690   -0.0144    0.9287    2.0690   -0.0103
    0.9540    2.0690   -0.0067    0.9739    2.0690   -0.0038
    0.9884    2.0690   -0.0017    0.9971    2.0690   -0.0004
    1.0000    2.0690    0.0000
    1.0000    2.1724    0.0000    0.9971    2.1724    0.0003
    0.9883    2.1724    0.0011    0.9737    2.1724    0.0024
    0.9537    2.1724    0.0041    0.9282    2.1724    0.0063
    0.8978    2.1724    0.0087    0.8626    2.1724    0.0114
    0.8232    2.1724    0.0142    0.7800    2.1724    0.0170
    0.7335    2.1724    0.0199    0.6843    2.1724    0.0226
    0.6329    2.1724    0.0251    0.5800    2.1724    0.0273
    0.5261    2.1724    0.0292    0.4719    2.1724    0.0305
    0.4180    2.1724    0.0312    0.3651    2.1724    0.0313
    0.3138    2.1724    0.0306    0.2647    2.1724    0.0290
    0.2183    2.1724    0.0265    0.1753    2.1724    0.0232
    0.1361    2.1724    0.0189    0.1012    2.1724    0.0139
    0.0710    2.1724    0.0081    0.0458    2.1724    0.0017
    0.0259    2.1724   -0.0053    0.0117    2.1724   -0.0127
    0.0031    2.1724   -0.0203    0.0004    2.1724   -0.0283
    0.0036    2.1724   -0.0360    0.0125    2.1724   -0.0432
    0.0272    2.1724   -0.0498    0.0474    2.1724   -0.0556
    0.0729    2.1724   -0.0606    0.1034    2.1724   -0.0647
    0.1386    2.1724   -0.0677    0.1780    2.1724   -0.0698
    0.2211    2.1724   -0.0707    0.2675    2.1724   -0.0705
    0.3166    2.1724   -0.0693    0.3679    2.1724   -0.0671
    0.4207    2.1724   -0.0641    0.4744    2.1724   -0.0603
    0.5285    2.1724   -0.0559    0.5822    2.1724   -0.0510
    0.6349    2.1724   -0.0458    0.6861    2.1724   -0.0404
    0.7351    2.1724   -0.0349    0.7813    2.1724   -0.0294
    0.8243    2.1724   -0.0241    0.8635    2.1724   -0.0191
    0.8984    2.1724   -0.0145    0.9287    2.1724   -0.0103
    0.9540    2.1724   -0.0067    0.9739    2.1724   -0.0039
    0.9884    2.1724   -0.0017    0.9971    2.1724   -0.0004
    1.0000    2.1724    0.0000
    1.0000    2.2759    0.0000    0.9971    2.2759    0.0003
    0.9883    2.2759    0.0011    0.9737    2.2759    0.0024
    0.9537    2.2759    0.0041    0.9282    2.2759    0.0062
    0.8978    2.2759    0.0086    0.8626    2.2759    0.0113
    0.8232    2.2759    0.0141    0.7800    2.2759    0.0169
    0.7335    2.2759    0.0197    0.6843    2.2759    0.0224
    0.6329    2.2759    0.0249    0.5799    2.2759    0.0271
    0.5260    2.2759    0.0289    0.4718    2.2759    0.0302
    0.4180    2.2759    0.0309    0.3651    2.2759    0.0310
    0.3138    2.2759    0.0302    0.2647    2.2759    0.0286
    0.2183    2.2759    0.0261    0.1753    2.2759    0.0228
    0.1361    2.2759    0.0185    0.1012    2.2759    0.0134
    0.0710    2.2759    0.0076    0.0458    2.2759    0.0012
    0.0259    2.2759   -0.0058    0.0117    2.2759   -0.0132
    0.0031    2.2759   -0.0209    0.0004    2.2759   -0.0288
    0.0036    2.2759   -0.0366    0.0125    2.2759   -0.0437
    0.0272    2.2759   -0.0503    0.0474    2.2759   -0.0561
    0.0729    2.2759   -0.0611    0.1035    2.2759   -0.0651
    0.1386    2.2759   -0.0682    0.1780    2.2759   -0.0702
    0.2211    2.2759   -0.0711    0.2675    2.2759   -0.0709
    0.3167    2.2759   -0.0697    0.3679    2.2759   -0.0675
    0.4207    2.2759   -0.0644    0.4745    2.2759   -0.0606
    0.5285    2.2759   -0.0561    0.5822    2.2759   -0.0512
    0.6349    2.2759   -0.0460    0.6861    2.2759   -0.0406
    0.7351    2.2759   -0.0350    0.7814    2.2759   -0.0295
    0.8243    2.2759   -0.0242    0.8635    2.2759   -0.0192
    0.8984    2.2759   -0.0145    0.9287    2.2759   -0.0103
    0.9540    2.2759   -0.0068    0.9739    2.2759   -0.0039
    0.9884    2.2759   -0.0017    0.9971    2.2759   -0.0004
    1.0000    2.2759    0.0000
    1.0000    2.3793    0.0000    0.9971    2.3793    0.0003
    0.9883    2.3793    0.0011    0.9737    2.3793    0.0023
    0.9536    2.3793    0.0041    0.9282    2.3793    0.0062
    0.8978    2.3793    0.0086    0.8626    2.3793    0.0112
    0.8232    2.3793    0.0140    0.7800    2.3793    0.0168
    0.7335    2.3793    0.0196    0.6843    2.3793    0.0222
    0.6329    2.3793    0.0247    0.5799    2.3793    0.0269
    0.5260    2.3793    0.0286    0.4718    2.3793    0.0299
    0.4180    2.3793    0.0306    0.3651    2.3793    0.0306
    0.3138    2.3793    0.0298    0.2647    2.3793    0.0282
    0.2183    2.3793    0.0257    0.1753    2.3793    0.0223
    0.1361    2.3793    0.0180    0.1012    2.3793    0.0129
    0.0710    2.3793    0.0071    0.0458    2.3793    0.0006
    0.0259    2.3793   -0.0064    0.0117    2.3793   -0.0138
    0.0031    2.3793   -0.0214    0.0004    2.3793   -0.0294
    0.0036    2.3793   -0.0371    0.0126    2.3793   -0.0443
    0.0272    2.3793   -0.0509    0.0475    2.3793   -0.0567
    0.0730    2.3793   -0.0616    0.1035    2.3793   -0.0657
    0.1386    2.3793   -0.0687    0.1780    2.3793   -0.0707
    0.2212    2.3793   -0.0715    0.2676    2.3793   -0.0713
    0.3167    2.3793   -0.0701    0.3680    2.3793   -0.0678
    0.4208    2.3793   -0.0647    0.4745    2.3793   -0.0609
    0.5285    2.3793   -0.0564    0.5822    2.3793   -0.0515
    0.6350    2.3793   -0.0462    0.6861    2.3793   -0.0407
    0.7351    2.3793   -0.0352    0.7814    2.3793   -0.0297
    0.8243    2.3793   -0.0243    0.8635    2.3793   -0.0193
    0.8984    2.3793   -0.0146    0.9287    2.3793   -0.0104
    0.9540    2.3793   -0.0068    0.9739    2.3793   -0.0039
    0.9884    2.3793   -0.0017    0.9971    2.3793   -0.0004
    1.0000    2.3793    0.0000
    1.0000    2.4828    0.0000    0.9971    2.4828    0.0003
    0.9883    2.4828    0.0011    0.9737    2.4828    0.0023
    0.9536    2.4828    0.0040    0.9282    2.4828    0.0061
    0.8977    2.4828    0.0085    0.8626    2.4828    0.0111
    0.8232    2.4828    0.0139    0.7800    2.4828    0.0166
    0.7335    2.4828    0.0194    0.6843    2.4828    0.0220
    0.6329    2.4828    0.0245    0.5799    2.4828    0.0266
    0.5260    2.4828    0.0283    0.4718    2.4828    0.0296
    0.4179    2.4828    0.0302    0.3650    2.4828    0.0302
    0.3137    2.4828    0.0294    0.2646    2.4828    0.0277
    0.2183    2.4828    0.0252    0.1753    2.4828    0.0217
    0.1361    2.4828    0.0174    0.1012    2.4828    0.0123
    0.0710    2.4828    0.0064    0.0458    2.4828   -0.0000
    0.0259    2.4828   -0.0070    0.0117    2.4828   -0.0144
    0.0031    2.4828   -0.0221    0.0005    2.4828   -0.0300
    0.0036    2.4828   -0.0378    0.0126    2.4828   -0.0450
    0.0273    2.4828   -0.0515    0.0475    2.4828   -0.0573
    0.0730    2.4828   -0.0622    0.1035    2.4828   -0.0663
    0.1387    2.4828   -0.0693    0.1781    2.4828   -0.0712
    0.2212    2.4828   -0.0721    0.2676    2.4828   -0.0718
    0.3167    2.4828   -0.0705    0.3680    2.4828   -0.0683
    0.4208    2.4828   -0.0651    0.4745    2.4828   -0.0612
    0.5286    2.4828   -0.0567    0.5823    2.4828   -0.0518
    0.6350    2.4828   -0.0465    0.6862    2.4828   -0.0409
    0.7351    2.4828   -0.0354    0.7814    2.4828   -0.0298
    0.8243    2.4828   -0.0244    0.8635    2.4828   -0.0193
    0.8984    2.4828   -0.0146    0.9287    2.4828   -0.0104
    0.9540    2.4828   -0.0068    0.9739    2.4828   -0.0039
    0.9884    2.4828   -0.0018    0.9971    2.4828   -0.0004
    1.0000    2.4828    0.0000
    1.0000    2.5862    0.0000    0.9971    2.5862    0.0003
    0.9883    2.5862    0.0010    0.9737    2.5862    0.0023
    0.9536    2.5862    0.0040    0.9282    2.5862    0.0061
    0.8977    2.5862    0.0084    0.8626    2.5862    0.0110
    0.8232    2.5862    0.0137    0.7800    2.5862    0.0165
    0.7335    2.5862    0.0192    0.6842    2.5862    0.0218
    0.6328    2.5862    0.0242    0.5799    2.5862    0.0263
    0.5260    2.5862    0.0280    0.4718    2.5862    0.0292
    0.4179    2.5862    0.0298    0.3650    2.5862    0.0297
    0.3137    2.5862    0.0289    0.2646    2.5862    0.0272
    0.2183    2.5862    0.0246    0.1753    2.5862    0.0211
    0.1361    2.5862    0.0168    0.1012    2.5862    0.0116
    0.0710    2.5862    0.0058    0.0458    2.5862   -0.0007
    0.0259    2.5862   -0.0077    0.0117    2.5862   -0.0151
    0.0032    2.5862   -0.0228    0.0005    2.5862   -0.0308
    0.0036    2.5862   -0.0385    0.0126    2.5862   -0.0457
    0.0273    2.5862   -0.0522    0.0475    2.5862   -0.0580
    0.0731    2.5862   -0.0629    0.1036    2.5862   -0.0669
    0.1387    2.5862   -0.0699    0.1781    2.5862   -0.0718
    0.2213    2.5862   -0.0726    0.2677    2.5862   -0.0724
    0.3168    2.5862   -0.0710    0.3681    2.5862   -0.0687
    0.4209    2.5862   -0.0655    0.4746    2.5862   -0.0616
    0.5286    2.5862   -0.0571    0.5823    2.5862   -0.0521
    0.6350    2.5862   -0.0467    0.6862    2.5862   -0.0412
    0.7352    2.5862   -0.0356    0.7814    2.5862   -0.0300
    0.8244    2.5862   -0.0246    0.8635    2.5862   -0.0195
    0.8985    2.5862   -0.0147    0.9287    2.5862   -0.0105
    0.9540    2.5862   -0.0069    0.9739    2.5862   -0.0039
    0.9884    2.5862   -0.0018    0.9971    2.5862   -0.0004
    1.0000    2.5862    0.0000
    1.0000    2.6897    0.0000    0.9971    2.6897    0.0003
    0.9883    2.6897    0.0010    0.9737    2.6897    0.0023
    0.9536    2.6897    0.0040    0.9282    2.6897    0.0060
    0.8977    2.6897    0.0084    0.8626    2.6897    0.0109
    0.8232    2.6897    0.0136    0.7800    2.6897    0.0163
    0.7335    2.6897    0.0190    0.6842    2.6897    0.0215
    0.6328    2.6897    0.0239    0.5799    2.6897    0.0259
    0.5260    2.6897    0.0276    0.4718    2.6897    0.0287
    0.4179    2.6897    0.0293    0.3650    2.6897    0.0292
    0.3137    2.6897    0.0283    0.2646    2.6897    0.0265
    0.2183    2.6897    0.0239    0.1752    2.6897    0.0204
    0.1361    2.6897    0.0161    0.1012    2.6897    0.0109
    0.0709    2.6897    0.0050    0.0458    2.6897   -0.0015
    0.0260    2.6897   -0.0085    0.0117    2.6897   -0.0160
    0.0032    2.6897   -0.0237    0.0005    2.6897   -0.0316
    0.0037    2.6897   -0.0394    0.0127    2.6897   -0.0465
    0.0274    2.6897   -0.0530    0.0476    2.6897   -0.0588
    0.0731    2.6897   -0.0637    0.1036    2.6897   -0.0677
    0.1388    2.6897   -0.0706    0.1782    2.6897   -0.0725
    0.2213    2.6897   -0.0733    0.2677    2.6897   -0.0730
    0.3169    2.6897   -0.0716    0.3681    2.6897   -0.0692
    0.4209    2.6897   -0.0660    0.4746    2.6897   -0.0621
    0.5287    2.6897   -0.0575    0.5823    2.6897   -0.0524
    0.6351    2.6897   -0.0470    0.6862    2.6897   -0.0414
    0.7352    2.6897   -0.0358    0.7814    2.6897   -0.0302
    0.8244    2.6897   -0.0247    0.8635    2.6897   -0.0196
    0.8985    2.6897   -0.0148    0.9287    2.6897   -0.0105
    0.9540    2.6897   -0.0069    0.9739    2.6897   -0.0039
    0.9884    2.6897   -0.0018    0.9971    2.6897   -0.0004
    1.0000    2.6897    0.0000
    1.0000    2.7931    0.0000    0.9971    2.7931    0.0003
    0.9883    2.7931    0.0010    0.9737    2.7931    0.0023
    0.9536    2.7931    0.0039    0.9282    2.7931    0.0060
    0.8977    2.7931    0.0083    0.8626    2.7931    0.0108
    0.8232    2.7931    0.0134    0.7800    2.7931    0.0161
    0.7335    2.7931    0.0187    0.6842    2.7931    0.0212
    0.6328    2.7931    0.0235    0.5798    2.7931    0.0255
    0.5259    2.7931    0.0271    0.4717    2.7931    0.0282
    0.4179    2.7931    0.0288    0.3650    2.7931    0.0286
    0.3137    2.7931    0.0277    0.2646    2.7931    0.0259
    0.2182    2.7931    0.0232    0.1752    2.7931    0.0197
    0.1360    2.7931    0.0153    0.1012    2.7931    0.0101
    0.0709    2.7931    0.0041    0.0458    2.7931   -0.0024
    0.0260    2.7931   -0.0094    0.0117    2.7931   -0.0169
    0.0032    2.7931   -0.0246    0.0005    2.7931   -0.0325
    0.0037    2.7931   -0.0403    0.0127    2.7931   -0.0474
    0.0274    2.7931   -0.0539    0.0476    2.7931   -0.0597
    0.0732    2.7931   -0.0645    0.1037    2.7931   -0.0685
    0.1389    2.7931   -0.0714    0.1783    2.7931   -0.0733
    0.2214    2.7931   -0.0740    0.2678    2.7931   -0.0736
    0.3169    2.7931   -0.0722    0.3682    2.7931   -0.0698
    0.4210    2.7931   -0.0666    0.4747    2.7931   -0.0625
    0.5287    2.7931   -0.0579    0.5824    2.7931   -0.0528
    0.6351    2.7931   -0.0474    0.6863    2.7931   -0.0417
    0.7352    2.7931   -0.0360    0.7815    2.7931   -0.0304
    0.8244    2.7931   -0.0249    0.8636    2.7931   -0.0197
    0.8985    2.7931   -0.0149    0.9287    2.7931   -0.0106
    0.9540    2.7931   -0.0069    0.9739    2.7931   -0.0040
    0.9884    2.7931   -0.0018    0.9971    2.7931   -0.0004
    1.0000    2.7931    0.0000
    1.0000    2.8966    0.0000    0.9971    2.8966    0.0003
    0.9883    2.8966    0.0010    0.9737    2.8966    0.0022
    0.9536    2.8966    0.0039    0.9282    2.8966    0.0059
    0.8977    2.8966    0.0082    0.8626    2.8966    0.0106
    0.8231    2.8966    0.0132    0.7799    2.8966    0.0159
    0.7334    2.8966    0.0185    0.6842    2.8966    0.0209
    0.6328    2.8966    0.0232    0.5798    2.8966    0.0251
    0.5259    2.8966    0.0267    0.4717    2.8966    0.0277
    0.4178    2.8966    0.0282    0.3649    2.8966    0.0279
    0.3136    2.8966    0.0269    0.2645    2.8966    0.0251
    0.2182    2.8966    0.0224    0.1752    2.8966    0.0188
    0.1360    2.8966    0.0144    0.1011    2.8966    0.0091
    0.0709    2.8966    0.0032    0.0458    2.8966   -0.0034
    0.0260    2.8966   -0.0104    0.0117    2.8966   -0.0179
    0.0032    2.8966   -0.0256    0.0006    2.8966   -0.0336
    0.0038    2.8966   -0.0413    0.0128    2.8966   -0.0484
    0.0275    2.8966   -0.0549    0.0477    2.8966   -0.0606
    0.0732    2.8966   -0.0655    0.1038    2.8966   -0.0694
    0.1389    2.8966   -0.0723    0.1783    2.8966   -0.0741
    0.2215    2.8966   -0.0748    0.2679    2.8966   -0.0744
    0.3170    2.8966   -0.0729    0.3682    2.8966   -0.0705
    0.4210    2.8966   -0.0672    0.4748    2.8966   -0.0631
    0.5288    2.8966   -0.0584    0.5824    2.8966   -0.0532
    0.6352    2.8966   -0.0477    0.6863    2.8966   -0.0420
    0.7353    2.8966   -0.0363    0.7815    2.8966   -0.0306
    0.8244    2.8966   -0.0251    0.8636    2.8966   -0.0198
    0.8985    2.8966   -0.0150    0.9287    2.8966   -0.0107
    0.9540    2.8966   -0.0070    0.9739    2.8966   -0.0040
    0.9884    2.8966   -0.0018    0.9971    2.8966   -0.0005
    1.0000    2.8966    0.0000
    1.0000    3.0000    0.0000    0.9971    3.0000    0.0003
    0.9883    3.0000    0.0010    0.9737    3.0000    0.0022
    0.9536    3.0000    0.0038    0.9282    3.0000    0.0058
    0.8977    3.0000    0.0080    0.8626    3.0000    0.0105
    0.8231    3.0000    0.0130    0.7799    3.0000    0.0156
    0.7334    3.0000    0.0182    0.6842    3.0000    0.0206
    0.6328    3.0000    0.0227    0.5798    3.0000    0.0246
    0.5259    3.0000    0.0261    0.4717    3.0000    0.0271
    0.4178    3.0000    0.0275    0.3649    3.0000    0.0272
    0.3136    3.0000    0.0262    0.2645    3.0000    0.0243
    0.2182    3.0000    0.0215    0.1752    3.0000    0.0179
    0.1360    3.0000    0.0134    0.1011    3.0000    0.0081
    0.0709    3.0000    0.0021    0.0458    3.0000   -0.0045
    0.0260    3.0000   -0.0115    0.0118    3.0000   -0.0190
    0.0033    3.0000   -0.0267    0.0006    3.0000   -0.0347
    0.0038    3.0000   -0.0424    0.0128    3.0000   -0.0496
    0.0275    3.0000   -0.0560    0.0478    3.0000   -0.0617
    0.0733    3.0000   -0.0665    0.1039    3.0000   -0.0704
    0.1390    3.0000   -0.0733    0.1784    3.0000   -0.0750
    0.2216    3.0000   -0.0757    0.2680    3.0000   -0.0752
    0.3171    3.0000   -0.0737    0.3683    3.0000   -0.0712
    0.4211    3.0000   -0.0678    0.4748    3.0000   -0.0637
    0.5288    3.0000   -0.0589    0.5825    3.0000   -0.0537
    0.6352    3.0000   -0.0481    0.6864    3.0000   -0.0424
    0.7353    3.0000   -0.0366    0.7815    3.0000   -0.0308
    0.8245    3.0000   -0.0253    0.8636    3.0000   -0.0200
    0.8985    3.0000   -0.0151    0.9288    3.0000   -0.0108
    0.9540    3.0000   -0.0070    0.9740    3.0000   -0.0040
    0.9884    3.0000   -0.0018    0.9971    3.0000   -0.0005
    1.0000    3.0000    0.0000
$POINTS for network #  2   wingtip                                           
       1.0
       1.0                                     0.0       0.0
      30.0       8.0                                                  wingtip   
    1.0000    3.0000    0.0000    0.9971    3.0000    0.0003
    0.9883    3.0000    0.0010    0.9737    3.0000    0.0022
    0.9536    3.0000    0.0038    0.9282    3.0000    0.0058
    0.8977    3.0000    0.0080    0.8626    3.0000    0.0105
    0.8231    3.0000    0.0130    0.7799    3.0000    0.0156
    0.7334    3.0000    0.0182    0.6842    3.0000    0.0206
    0.6328    3.0000    0.0227    0.5798    3.0000    0.0246
    0.5259    3.0000    0.0261    0.4717    3.0000    0.0271
    0.4178    3.0000    0.0275    0.3649    3.0000    0.0272
    0.3136    3.0000    0.0262    0.2645    3.0000    0.0243
    0.2182    3.0000    0.0215    0.1752    3.0000    0.0179
    0.1360    3.0000    0.0134    0.1011    3.0000    0.0081
    0.0709    3.0000    0.0021    0.0458    3.0000   -0.0045
    0.0260    3.0000   -0.0115    0.0118    3.0000   -0.0190
    0.0033    3.0000   -0.0267    0.0006    3.0000   -0.0347
    1.0000    3.0000    0.0000    0.9971    3.0002    0.0002
    0.9883    3.0006    0.0009    0.9737    3.0014    0.0019
    0.9536    3.0024    0.0033    0.9282    3.0036    0.0050
    0.8977    3.0050    0.0069    0.8626    3.0066    0.0090
    0.8232    3.0083    0.0111    0.7800    3.0101    0.0133
    0.7335    3.0119    0.0154    0.6843    3.0137    0.0174
    0.6329    3.0154    0.0192    0.5799    3.0170    0.0208
    0.5260    3.0185    0.0219    0.4718    3.0197    0.0226
    0.4180    3.0207    0.0228    0.3651    3.0214    0.0224
    0.3138    3.0217    0.0212    0.2647    3.0216    0.0194
    0.2184    3.0211    0.0167    0.1753    3.0202    0.0133
    0.1362    3.0188    0.0091    0.1013    3.0170    0.0042
    0.0711    3.0149   -0.0013    0.0459    3.0124   -0.0073
    0.0261    3.0097   -0.0137    0.0118    3.0066   -0.0205
    0.0033    3.0034   -0.0275    0.0006    3.0000   -0.0347
    1.0000    3.0000    0.0000    0.9971    3.0003    0.0001
    0.9883    3.0011    0.0005    0.9738    3.0024    0.0010
    0.9537    3.0042    0.0018    0.9283    3.0065    0.0027
    0.8979    3.0091    0.0037    0.8628    3.0119    0.0047
    0.8234    3.0150    0.0058    0.7802    3.0182    0.0069
    0.7338    3.0214    0.0078    0.6846    3.0246    0.0087
    0.6332    3.0277    0.0094    0.5803    3.0306    0.0099
    0.5264    3.0333    0.0101    0.4723    3.0355    0.0100
    0.4184    3.0373    0.0096    0.3656    3.0385    0.0087
    0.3143    3.0391    0.0074    0.2652    3.0389    0.0056
    0.2188    3.0380    0.0032    0.1758    3.0363    0.0004
    0.1366    3.0339   -0.0029    0.1016    3.0307   -0.0067
    0.0714    3.0269   -0.0108    0.0462    3.0224   -0.0152
    0.0263    3.0174   -0.0199    0.0120    3.0120   -0.0247
    0.0034    3.0061   -0.0297    0.0006    3.0000   -0.0347
    1.0000    3.0000    0.0000    0.9971    3.0003   -0.0000
    0.9883    3.0014   -0.0001    0.9738    3.0030   -0.0002
    0.9538    3.0053   -0.0004    0.9284    3.0081   -0.0006
    0.8980    3.0113   -0.0010    0.8630    3.0149   -0.0014
    0.8237    3.0187   -0.0019    0.7805    3.0227   -0.0024
    0.7342    3.0267   -0.0031    0.6850    3.0307   -0.0039
    0.6337    3.0346   -0.0048    0.5808    3.0382   -0.0058
    0.5270    3.0415   -0.0069    0.4729    3.0443   -0.0082
    0.4191    3.0465   -0.0095    0.3662    3.0480   -0.0110
    0.3150    3.0487   -0.0126    0.2659    3.0485   -0.0144
    0.2195    3.0474   -0.0163    0.1764    3.0453   -0.0182
    0.1372    3.0423   -0.0203    0.1022    3.0383   -0.0224
    0.0719    3.0335   -0.0246    0.0466    3.0279   -0.0267
    0.0266    3.0217   -0.0288    0.0122    3.0149   -0.0309
    0.0035    3.0077   -0.0328    0.0006    3.0000   -0.0347
    1.0000    3.0000    0.0000    0.9971    3.0003   -0.0002
    0.9883    3.0014   -0.0007    0.9739    3.0030   -0.0016
    0.9539    3.0053   -0.0028    0.9285    3.0081   -0.0043
    0.8982    3.0113   -0.0061    0.8632    3.0149   -0.0081
    0.8239    3.0187   -0.0104    0.7809    3.0227   -0.0128
    0.7346    3.0267   -0.0153    0.6855    3.0307   -0.0179
    0.6343    3.0346   -0.0206    0.5814    3.0382   -0.0232
    0.5277    3.0415   -0.0259    0.4736    3.0443   -0.0284
    0.4198    3.0465   -0.0307    0.3670    3.0480   -0.0329
    0.3157    3.0487   -0.0349    0.2666    3.0485   -0.0365
    0.2203    3.0474   -0.0379    0.1772    3.0453   -0.0389
    0.1379    3.0423   -0.0396    0.1028    3.0383   -0.0399
    0.0724    3.0335   -0.0398    0.0470    3.0279   -0.0394
    0.0269    3.0217   -0.0387    0.0124    3.0149   -0.0377
    0.0036    3.0077   -0.0363    0.0006    3.0000   -0.0347
    1.0000    3.0000    0.0000    0.9971    3.0003   -0.0003
    0.9883    3.0011   -0.0013    0.9739    3.0024   -0.0029
    0.9539    3.0042   -0.0050    0.9287    3.0065   -0.0076
    0.8984    3.0091   -0.0108    0.8634    3.0119   -0.0142
    0.8242    3.0150   -0.0181    0.7812    3.0182   -0.0221
    0.7350    3.0214   -0.0263    0.6859    3.0246   -0.0305
    0.6348    3.0277   -0.0348    0.5820    3.0306   -0.0390
    0.5283    3.0333   -0.0429    0.4742    3.0355   -0.0466
    0.4205    3.0373   -0.0499    0.3677    3.0385   -0.0527
    0.3164    3.0391   -0.0549    0.2673    3.0389   -0.0565
    0.2209    3.0380   -0.0574    0.1778    3.0363   -0.0575
    0.1385    3.0339   -0.0569    0.1033    3.0307   -0.0556
    0.0729    3.0269   -0.0536    0.0474    3.0224   -0.0509
    0.0272    3.0174   -0.0476    0.0126    3.0120   -0.0438
    0.0037    3.0061   -0.0395    0.0006    3.0000   -0.0347
    1.0000    3.0000    0.0000    0.9971    3.0002   -0.0004
    0.9884    3.0006   -0.0017    0.9739    3.0014   -0.0037
    0.9540    3.0024   -0.0065    0.9287    3.0036   -0.0099
    0.8985    3.0050   -0.0140    0.8636    3.0066   -0.0185
    0.8244    3.0083   -0.0234    0.7815    3.0101   -0.0285
    0.7352    3.0119   -0.0339    0.6862    3.0137   -0.0393
    0.6351    3.0154   -0.0446    0.5824    3.0170   -0.0498
    0.5287    3.0185   -0.0547    0.4747    3.0197   -0.0592
    0.4209    3.0207   -0.0631    0.3682    3.0214   -0.0663
    0.3169    3.0217   -0.0687    0.2678    3.0216   -0.0703
    0.2214    3.0211   -0.0709    0.1783    3.0202   -0.0704
    0.1389    3.0188   -0.0690    0.1037    3.0170   -0.0665
    0.0732    3.0149   -0.0631    0.0477    3.0124   -0.0589
    0.0275    3.0097   -0.0538    0.0128    3.0066   -0.0480
    0.0038    3.0034   -0.0416    0.0006    3.0000   -0.0347
    1.0000    3.0000    0.0000    0.9971    3.0000   -0.0005
    0.9884    3.0000   -0.0018    0.9740    3.0000   -0.0040
    0.9540    3.0000   -0.0070    0.9288    3.0000   -0.0108
    0.8985    3.0000   -0.0151    0.8636    3.0000   -0.0200
    0.8245    3.0000   -0.0253    0.7815    3.0000   -0.0308
    0.7353    3.0000   -0.0366    0.6864    3.0000   -0.0424
    0.6352    3.0000   -0.0481    0.5825    3.0000   -0.0537
    0.5288    3.0000   -0.0589    0.4748    3.0000   -0.0637
    0.4211    3.0000   -0.0678    0.3683    3.0000   -0.0712
    0.3171    3.0000   -0.0737    0.2680    3.0000   -0.0752
    0.2216    3.0000   -0.0757    0.1784    3.0000   -0.0750
    0.1390    3.0000   -0.0733    0.1039    3.0000   -0.0704
    0.0733    3.0000   -0.0665    0.0478    3.0000   -0.0617
    0.0275    3.0000   -0.0560    0.0128    3.0000   -0.0496
    0.0038    3.0000   -0.0424    0.0006    3.0000   -0.0347
$POINTS for network #  3   wingwake                                          
       1.0
      18.0                                     0.0       0.0
       2.0      30.0                                                  wingwake  
    1.0000    0.0000    0.0000   50.0000    0.0000    0.0000
    1.0000    0.1034    0.0000   50.0000    0.1034    0.0000
    1.0000    0.2069    0.0000   50.0000    0.2069    0.0000
    1.0000    0.3103    0.0000   50.0000    0.3103    0.0000
    1.0000    0.4138    0.0000   50.0000    0.4138    0.0000
    1.0000    0.5172    0.0000   50.0000    0.5172    0.0000
    1.0000    0.6207    0.0000   50.0000    0.6207    0.0000
    1.0000    0.7241    0.0000   50.0000    0.7241    0.0000
    1.0000    0.8276    0.0000   50.0000    0.8276    0.0000
    1.0000    0.9310    0.0000   50.0000    0.9310    0.0000
    1.0000    1.0345    0.0000   50.0000    1.0345    0.0000
    1.0000    1.1379    0.0000   50.0000    1.1379    0.0000
    1.0000    1.2414    0.0000   50.0000    1.2414    0.0000
    1.0000    1.3448    0.0000   50.0000    1.3448    0.0000
    1.0000    1.4483    0.0000   50.0000    1.4483    0.0000
    1.0000    1.5517    0.0000   50.0000    1.5517    0.0000
    1.0000    1.6552    0.0000   50.0000    1.6552    0.0000
    1.0000    1.7586    0.0000   50.0000    1.7586    0.0000
    1.0000    1.8621    0.0000   50.0000    1.8621    0.0000
    1.0000    1.9655    0.0000   50.0000    1.9655    0.0000
    1.0000    2.0690    0.0000   50.0000    2.0690    0.0000
    1.0000    2.1724    0.0000   50.0000    2.1724    0.0000
    1.0000    2.2759    0.0000   50.0000    2.2759    0.0000
    1.0000    2.3793    0.0000   50.0000    2.3793    0.0000
    1.0000    2.4828    0.0000   50.0000    2.4828    0.0000
    1.0000    2.5862    0.0000   50.0000    2.5862    0.0000
    1.0000    2.6897    0.0000   50.0000    2.6897    0.0000
    1.0000    2.7931    0.0000   50.0000    2.7931    0.0000
    1.0000    2.8966    0.0000   50.0000    2.8966    0.0000
    1.0000    3.0000    0.0000   50.0000    3.0000    0.0000
$END OF INPUT DATA
