$TITLE    Created by panin, version 1.0 (4Jan2000) on                
INPUT FILE FOR PanAir (A502-ht2)                                                
Created by PANIN                                                                
$DATACHECK
    0.0000
$SYM
    1.0000    0.0000
$MACH NUMBER
    0.5000
$CASES
    1.0000
$ANGLES OF ATTACK
    0.0000
    7.4200
$YAW ANGLES
    0.0000
    0.0000
$REFERENCE DATA FOR 3-D FORCES AND MOMENTS
    0.2500    0.0000    0.0000    1.0000
    6.0000    6.0000    1.0000    6.0000
$PRINTOUT CONTROL
       0.0       0.0       0.0       0.0       0.0       0.0
       0.0       0.0       0.0       0.0       0.0       0.0
$EAT
  0.000000       0.0       0.0       0.0       0.0       0.0
$VELOCITY CORRECTION
    0.0000
$POINTS for network #  1   wing                                              
       1.0
       1.0                                     0.0       0.0
      59.0      30.0                                                  wing      
    1.0000    0.0000    0.0000    0.9971    0.0000    0.0004
    0.9883    0.0000    0.0014    0.9738    0.0000    0.0031
    0.9538    0.0000    0.0054    0.9284    0.0000    0.0083
    0.8980    0.0000    0.0116    0.8630    0.0000    0.0152
    0.8237    0.0000    0.0192    0.7806    0.0000    0.0232
    0.7342    0.0000    0.0274    0.6851    0.0000    0.0315
    0.6338    0.0000    0.0355    0.5809    0.0000    0.0392
    0.5271    0.0000    0.0425    0.4729    0.0000    0.0454
    0.4191    0.0000    0.0477    0.3662    0.0000    0.0492
    0.3149    0.0000    0.0500    0.2658    0.0000    0.0498
    0.2194    0.0000    0.0486    0.1763    0.0000    0.0465
    0.1370    0.0000    0.0434    0.1020    0.0000    0.0393
    0.0716    0.0000    0.0344    0.0462    0.0000    0.0286
    0.0262    0.0000    0.0222    0.0117    0.0000    0.0153
    0.0029    0.0000    0.0079    0.0000    0.0000    0.0000
    0.0029    0.0000   -0.0079    0.0117    0.0000   -0.0153
    0.0262    0.0000   -0.0222    0.0462    0.0000   -0.0286
    0.0716    0.0000   -0.0344    0.1020    0.0000   -0.0393
    0.1370    0.0000   -0.0434    0.1763    0.0000   -0.0465
    0.2194    0.0000   -0.0486    0.2658    0.0000   -0.0498
    0.3149    0.0000   -0.0500    0.3662    0.0000   -0.0492
    0.4191    0.0000   -0.0477    0.4729    0.0000   -0.0454
    0.5271    0.0000   -0.0425    0.5809    0.0000   -0.0392
    0.6338    0.0000   -0.0355    0.6851    0.0000   -0.0315
    0.7342    0.0000   -0.0274    0.7806    0.0000   -0.0232
    0.8237    0.0000   -0.0192    0.8630    0.0000   -0.0152
    0.8980    0.0000   -0.0116    0.9284    0.0000   -0.0083
    0.9538    0.0000   -0.0054    0.9738    0.0000   -0.0031
    0.9883    0.0000   -0.0014    0.9971    0.0000   -0.0004
    1.0000    0.0000    0.0000
    1.0000    0.1034    0.0000    0.9971    0.1034    0.0003
    0.9883    0.1034    0.0014    0.9738    0.1034    0.0031
    0.9538    0.1034    0.0054    0.9284    0.1034    0.0082
    0.8980    0.1034    0.0114    0.8630    0.1034    0.0150
    0.8237    0.1034    0.0189    0.7806    0.1034    0.0229
    0.7342    0.1034    0.0269    0.6850    0.1034    0.0310
    0.6337    0.1034    0.0349    0.5808    0.1034    0.0385
    0.5270    0.1034    0.0418    0.4729    0.1034    0.0445
    0.4190    0.1034    0.0467    0.3662    0.1034    0.0482
    0.3148    0.1034    0.0488    0.2657    0.1034    0.0485
    0.2193    0.1034    0.0473    0.1762    0.1034    0.0451
    0.1369    0.1034    0.0419    0.1019    0.1034    0.0378
    0.0715    0.1034    0.0328    0.0462    0.1034    0.0270
    0.0261    0.1034    0.0206    0.0117    0.1034    0.0136
    0.0029    0.1034    0.0062    0.0000    0.1034   -0.0017
    0.0029    0.1034   -0.0095    0.0117    0.1034   -0.0170
    0.0262    0.1034   -0.0239    0.0463    0.1034   -0.0302
    0.0716    0.1034   -0.0359    0.1020    0.1034   -0.0408
    0.1371    0.1034   -0.0448    0.1764    0.1034   -0.0479
    0.2195    0.1034   -0.0499    0.2659    0.1034   -0.0510
    0.3150    0.1034   -0.0511    0.3663    0.1034   -0.0503
    0.4192    0.1034   -0.0487    0.4730    0.1034   -0.0463
    0.5271    0.1034   -0.0433    0.5810    0.1034   -0.0399
    0.6338    0.1034   -0.0361    0.6851    0.1034   -0.0320
    0.7343    0.1034   -0.0278    0.7806    0.1034   -0.0236
    0.8237    0.1034   -0.0195    0.8630    0.1034   -0.0155
    0.8981    0.1034   -0.0118    0.9284    0.1034   -0.0084
    0.9538    0.1034   -0.0055    0.9738    0.1034   -0.0032
    0.9883    0.1034   -0.0014    0.9971    0.1034   -0.0004
    1.0000    0.1034    0.0000
    1.0000    0.2069    0.0000    0.9971    0.2069    0.0003
    0.9883    0.2069    0.0014    0.9738    0.2069    0.0031
    0.9538    0.2069    0.0053    0.9284    0.2069    0.0081
    0.8980    0.2069    0.0114    0.8630    0.2069    0.0149
    0.8237    0.2069    0.0188    0.7805    0.2069    0.0228
    0.7341    0.2069    0.0268    0.6850    0.2069    0.0308
    0.6337    0.2069    0.0347    0.5808    0.2069    0.0383
    0.5270    0.2069    0.0415    0.4728    0.2069    0.0443
    0.4190    0.2069    0.0464    0.3661    0.2069    0.0479
    0.3148    0.2069    0.0485    0.2657    0.2069    0.0482
    0.2193    0.2069    0.0469    0.1762    0.2069    0.0447
    0.1369    0.2069    0.0415    0.1019    0.2069    0.0374
    0.0715    0.2069    0.0324    0.0462    0.2069    0.0266
    0.0261    0.2069    0.0202    0.0117    0.2069    0.0132
    0.0029    0.2069    0.0057    0.0000    0.2069   -0.0022
    0.0030    0.2069   -0.0100    0.0117    0.2069   -0.0174
    0.0262    0.2069   -0.0243    0.0463    0.2069   -0.0307
    0.0716    0.2069   -0.0364    0.1020    0.2069   -0.0412
    0.1371    0.2069   -0.0452    0.1764    0.2069   -0.0483
    0.2195    0.2069   -0.0503    0.2659    0.2069   -0.0514
    0.3150    0.2069   -0.0514    0.3663    0.2069   -0.0506
    0.4192    0.2069   -0.0489    0.4730    0.2069   -0.0466
    0.5272    0.2069   -0.0436    0.5810    0.2069   -0.0401
    0.6338    0.2069   -0.0363    0.6851    0.2069   -0.0322
    0.7343    0.2069   -0.0280    0.7806    0.2069   -0.0237
    0.8237    0.2069   -0.0195    0.8630    0.2069   -0.0155
    0.8981    0.2069   -0.0118    0.9284    0.2069   -0.0084
    0.9538    0.2069   -0.0055    0.9738    0.2069   -0.0032
    0.9883    0.2069   -0.0014    0.9971    0.2069   -0.0004
    1.0000    0.2069    0.0000
    1.0000    0.3103    0.0000    0.9971    0.3103    0.0003
    0.9883    0.3103    0.0014    0.9738    0.3103    0.0031
    0.9538    0.3103    0.0053    0.9284    0.3103    0.0081
    0.8980    0.3103    0.0113    0.8630    0.3103    0.0149
    0.8236    0.3103    0.0187    0.7805    0.3103    0.0227
    0.7341    0.3103    0.0267    0.6850    0.3103    0.0307
    0.6337    0.3103    0.0346    0.5808    0.3103    0.0382
    0.5270    0.3103    0.0414    0.4728    0.3103    0.0441
    0.4190    0.3103    0.0463    0.3661    0.3103    0.0477
    0.3148    0.3103    0.0483    0.2657    0.3103    0.0480
    0.2193    0.3103    0.0467    0.1762    0.3103    0.0445
    0.1369    0.3103    0.0413    0.1019    0.3103    0.0371
    0.0715    0.3103    0.0321    0.0461    0.3103    0.0263
    0.0261    0.3103    0.0199    0.0117    0.3103    0.0129
    0.0029    0.3103    0.0054    0.0000    0.3103   -0.0024
    0.0030    0.3103   -0.0103    0.0117    0.3103   -0.0177
    0.0262    0.3103   -0.0246    0.0463    0.3103   -0.0310
    0.0717    0.3103   -0.0366    0.1021    0.3103   -0.0415
    0.1371    0.3103   -0.0455    0.1764    0.3103   -0.0485
    0.2195    0.3103   -0.0505    0.2659    0.3103   -0.0516
    0.3151    0.3103   -0.0516    0.3664    0.3103   -0.0508
    0.4192    0.3103   -0.0491    0.4730    0.3103   -0.0467
    0.5272    0.3103   -0.0437    0.5810    0.3103   -0.0402
    0.6339    0.3103   -0.0364    0.6851    0.3103   -0.0323
    0.7343    0.3103   -0.0280    0.7807    0.3103   -0.0238
    0.8237    0.3103   -0.0196    0.8630    0.3103   -0.0156
    0.8981    0.3103   -0.0118    0.9284    0.3103   -0.0085
    0.9538    0.3103   -0.0055    0.9738    0.3103   -0.0032
    0.9883    0.3103   -0.0014    0.9971    0.3103   -0.0004
    1.0000    0.3103    0.0000
    1.0000    0.4138    0.0000    0.9971    0.4138    0.0003
    0.9883    0.4138    0.0014    0.9738    0.4138    0.0030
    0.9538    0.4138    0.0053    0.9284    0.4138    0.0081
    0.8980    0.4138    0.0113    0.8630    0.4138    0.0149
    0.8236    0.4138    0.0187    0.7805    0.4138    0.0227
    0.7341    0.4138    0.0267    0.6850    0.4138    0.0307
    0.6337    0.4138    0.0345    0.5808    0.4138    0.0381
    0.5270    0.4138    0.0413    0.4728    0.4138    0.0440
    0.4190    0.4138    0.0462    0.3661    0.4138    0.0476
    0.3148    0.4138    0.0482    0.2657    0.4138    0.0478
    0.2193    0.4138    0.0466    0.1762    0.4138    0.0443
    0.1369    0.4138    0.0411    0.1019    0.4138    0.0369
    0.0715    0.4138    0.0319    0.0461    0.4138    0.0261
    0.0261    0.4138    0.0197    0.0117    0.4138    0.0127
    0.0029    0.4138    0.0052    0.0000    0.4138   -0.0026
    0.0030    0.4138   -0.0105    0.0117    0.4138   -0.0179
    0.0262    0.4138   -0.0248    0.0463    0.4138   -0.0312
    0.0717    0.4138   -0.0368    0.1021    0.4138   -0.0417
    0.1371    0.4138   -0.0456    0.1764    0.4138   -0.0487
    0.2195    0.4138   -0.0507    0.2659    0.4138   -0.0517
    0.3151    0.4138   -0.0518    0.3664    0.4138   -0.0509
    0.4192    0.4138   -0.0492    0.4731    0.4138   -0.0468
    0.5272    0.4138   -0.0438    0.5810    0.4138   -0.0403
    0.6339    0.4138   -0.0364    0.6852    0.4138   -0.0323
    0.7343    0.4138   -0.0281    0.7807    0.4138   -0.0238
    0.8237    0.4138   -0.0196    0.8630    0.4138   -0.0156
    0.8981    0.4138   -0.0119    0.9285    0.4138   -0.0085
    0.9538    0.4138   -0.0056    0.9738    0.4138   -0.0032
    0.9883    0.4138   -0.0014    0.9971    0.4138   -0.0004
    1.0000    0.4138    0.0000
    1.0000    0.5172    0.0000    0.9971    0.5172    0.0003
    0.9883    0.5172    0.0014    0.9738    0.5172    0.0030
    0.9538    0.5172    0.0053    0.9284    0.5172    0.0081
    0.8980    0.5172    0.0113    0.8630    0.5172    0.0149
    0.8236    0.5172    0.0187    0.7805    0.5172    0.0226
    0.7341    0.5172    0.0266    0.6850    0.5172    0.0306
    0.6337    0.5172    0.0345    0.5808    0.5172    0.0380
    0.5270    0.5172    0.0412    0.4728    0.5172    0.0440
    0.4190    0.5172    0.0461    0.3661    0.5172    0.0475
    0.3148    0.5172    0.0481    0.2657    0.5172    0.0477
    0.2193    0.5172    0.0465    0.1762    0.5172    0.0442
    0.1369    0.5172    0.0410    0.1018    0.5172    0.0368
    0.0715    0.5172    0.0318    0.0461    0.5172    0.0260
    0.0261    0.5172    0.0195    0.0117    0.5172    0.0125
    0.0029    0.5172    0.0051    0.0000    0.5172   -0.0028
    0.0030    0.5172   -0.0106    0.0117    0.5172   -0.0180
    0.0262    0.5172   -0.0250    0.0463    0.5172   -0.0313
    0.0717    0.5172   -0.0369    0.1021    0.5172   -0.0418
    0.1371    0.5172   -0.0458    0.1764    0.5172   -0.0488
    0.2195    0.5172   -0.0508    0.2659    0.5172   -0.0518
    0.3151    0.5172   -0.0519    0.3664    0.5172   -0.0510
    0.4192    0.5172   -0.0493    0.4731    0.5172   -0.0469
    0.5272    0.5172   -0.0439    0.5810    0.5172   -0.0404
    0.6339    0.5172   -0.0365    0.6852    0.5172   -0.0324
    0.7343    0.5172   -0.0281    0.7807    0.5172   -0.0239
    0.8237    0.5172   -0.0196    0.8630    0.5172   -0.0156
    0.8981    0.5172   -0.0119    0.9285    0.5172   -0.0085
    0.9538    0.5172   -0.0056    0.9738    0.5172   -0.0032
    0.9883    0.5172   -0.0014    0.9971    0.5172   -0.0004
    1.0000    0.5172    0.0000
    1.0000    0.6207    0.0000    0.9971    0.6207    0.0003
    0.9883    0.6207    0.0014    0.9738    0.6207    0.0030
    0.9538    0.6207    0.0053    0.9284    0.6207    0.0081
    0.8980    0.6207    0.0113    0.8630    0.6207    0.0148
    0.8236    0.6207    0.0186    0.7805    0.6207    0.0226
    0.7341    0.6207    0.0266    0.6850    0.6207    0.0306
    0.6337    0.6207    0.0344    0.5808    0.6207    0.0380
    0.5269    0.6207    0.0412    0.4728    0.6207    0.0439
    0.4190    0.6207    0.0460    0.3661    0.6207    0.0474
    0.3148    0.6207    0.0480    0.2657    0.6207    0.0477
    0.2193    0.6207    0.0464    0.1762    0.6207    0.0441
    0.1369    0.6207    0.0409    0.1018    0.6207    0.0367
    0.0715    0.6207    0.0317    0.0461    0.6207    0.0259
    0.0261    0.6207    0.0194    0.0116    0.6207    0.0124
    0.0029    0.6207    0.0050    0.0000    0.6207   -0.0029
    0.0030    0.6207   -0.0107    0.0117    0.6207   -0.0181
    0.0262    0.6207   -0.0251    0.0463    0.6207   -0.0314
    0.0717    0.6207   -0.0370    0.1021    0.6207   -0.0419
    0.1371    0.6207   -0.0459    0.1764    0.6207   -0.0489
    0.2196    0.6207   -0.0509    0.2659    0.6207   -0.0519
    0.3151    0.6207   -0.0519    0.3664    0.6207   -0.0511
    0.4192    0.6207   -0.0494    0.4731    0.6207   -0.0469
    0.5272    0.6207   -0.0439    0.5810    0.6207   -0.0404
    0.6339    0.6207   -0.0365    0.6852    0.6207   -0.0324
    0.7343    0.6207   -0.0282    0.7807    0.6207   -0.0239
    0.8237    0.6207   -0.0197    0.8630    0.6207   -0.0156
    0.8981    0.6207   -0.0119    0.9285    0.6207   -0.0085
    0.9538    0.6207   -0.0056    0.9738    0.6207   -0.0032
    0.9883    0.6207   -0.0014    0.9971    0.6207   -0.0004
    1.0000    0.6207    0.0000
    1.0000    0.7241    0.0000    0.9971    0.7241    0.0003
    0.9883    0.7241    0.0014    0.9738    0.7241    0.0030
    0.9538    0.7241    0.0053    0.9284    0.7241    0.0081
    0.8980    0.7241    0.0113    0.8630    0.7241    0.0148
    0.8236    0.7241    0.0186    0.7805    0.7241    0.0226
    0.7341    0.7241    0.0266    0.6850    0.7241    0.0306
    0.6337    0.7241    0.0344    0.5808    0.7241    0.0379
    0.5269    0.7241    0.0411    0.4728    0.7241    0.0439
    0.4190    0.7241    0.0460    0.3661    0.7241    0.0474
    0.3148    0.7241    0.0479    0.2657    0.7241    0.0476
    0.2193    0.7241    0.0463    0.1762    0.7241    0.0440
    0.1369    0.7241    0.0408    0.1018    0.7241    0.0366
    0.0715    0.7241    0.0316    0.0461    0.7241    0.0258
    0.0261    0.7241    0.0194    0.0116    0.7241    0.0124
    0.0029    0.7241    0.0049    0.0000    0.7241   -0.0030
    0.0030    0.7241   -0.0108    0.0117    0.7241   -0.0182
    0.0262    0.7241   -0.0251    0.0463    0.7241   -0.0315
    0.0717    0.7241   -0.0371    0.1021    0.7241   -0.0420
    0.1371    0.7241   -0.0459    0.1764    0.7241   -0.0489
    0.2196    0.7241   -0.0509    0.2659    0.7241   -0.0520
    0.3151    0.7241   -0.0520    0.3664    0.7241   -0.0511
    0.4193    0.7241   -0.0494    0.4731    0.7241   -0.0470
    0.5272    0.7241   -0.0440    0.5810    0.7241   -0.0404
    0.6339    0.7241   -0.0366    0.6852    0.7241   -0.0324
    0.7343    0.7241   -0.0282    0.7807    0.7241   -0.0239
    0.8238    0.7241   -0.0197    0.8630    0.7241   -0.0156
    0.8981    0.7241   -0.0119    0.9285    0.7241   -0.0085
    0.9538    0.7241   -0.0056    0.9738    0.7241   -0.0032
    0.9883    0.7241   -0.0014    0.9971    0.7241   -0.0004
    1.0000    0.7241    0.0000
    1.0000    0.8276    0.0000    0.9971    0.8276    0.0003
    0.9883    0.8276    0.0014    0.9738    0.8276    0.0030
    0.9538    0.8276    0.0053    0.9284    0.8276    0.0081
    0.8980    0.8276    0.0113    0.8630    0.8276    0.0148
    0.8236    0.8276    0.0186    0.7805    0.8276    0.0226
    0.7341    0.8276    0.0266    0.6850    0.8276    0.0305
    0.6337    0.8276    0.0344    0.5808    0.8276    0.0379
    0.5269    0.8276    0.0411    0.4728    0.8276    0.0438
    0.4190    0.8276    0.0459    0.3661    0.8276    0.0473
    0.3148    0.8276    0.0479    0.2656    0.8276    0.0476
    0.2193    0.8276    0.0463    0.1762    0.8276    0.0440
    0.1369    0.8276    0.0407    0.1018    0.8276    0.0366
    0.0715    0.8276    0.0315    0.0461    0.8276    0.0257
    0.0261    0.8276    0.0193    0.0116    0.8276    0.0123
    0.0029    0.8276    0.0048    0.0000    0.8276   -0.0030
    0.0030    0.8276   -0.0109    0.0117    0.8276   -0.0183
    0.0262    0.8276   -0.0252    0.0463    0.8276   -0.0315
    0.0717    0.8276   -0.0372    0.1021    0.8276   -0.0420
    0.1371    0.8276   -0.0460    0.1765    0.8276   -0.0490
    0.2196    0.8276   -0.0510    0.2660    0.8276   -0.0520
    0.3151    0.8276   -0.0520    0.3664    0.8276   -0.0512
    0.4193    0.8276   -0.0494    0.4731    0.8276   -0.0470
    0.5272    0.8276   -0.0440    0.5810    0.8276   -0.0405
    0.6339    0.8276   -0.0366    0.6852    0.8276   -0.0325
    0.7343    0.8276   -0.0282    0.7807    0.8276   -0.0239
    0.8238    0.8276   -0.0197    0.8630    0.8276   -0.0157
    0.8981    0.8276   -0.0119    0.9285    0.8276   -0.0085
    0.9538    0.8276   -0.0056    0.9738    0.8276   -0.0032
    0.9883    0.8276   -0.0014    0.9971    0.8276   -0.0004
    1.0000    0.8276    0.0000
    1.0000    0.9310    0.0000    0.9971    0.9310    0.0003
    0.9883    0.9310    0.0014    0.9738    0.9310    0.0030
    0.9538    0.9310    0.0053    0.9284    0.9310    0.0081
    0.8980    0.9310    0.0113    0.8630    0.9310    0.0148
    0.8236    0.9310    0.0186    0.7805    0.9310    0.0226
    0.7341    0.9310    0.0266    0.6850    0.9310    0.0305
    0.6337    0.9310    0.0343    0.5808    0.9310    0.0379
    0.5269    0.9310    0.0411    0.4728    0.9310    0.0438
    0.4190    0.9310    0.0459    0.3661    0.9310    0.0473
    0.3148    0.9310    0.0479    0.2656    0.9310    0.0475
    0.2193    0.9310    0.0462    0.1762    0.9310    0.0440
    0.1369    0.9310    0.0407    0.1018    0.9310    0.0365
    0.0715    0.9310    0.0315    0.0461    0.9310    0.0257
    0.0261    0.9310    0.0192    0.0116    0.9310    0.0122
    0.0029    0.9310    0.0048    0.0000    0.9310   -0.0031
    0.0030    0.9310   -0.0109    0.0117    0.9310   -0.0183
    0.0262    0.9310   -0.0253    0.0463    0.9310   -0.0316
    0.0717    0.9310   -0.0372    0.1021    0.9310   -0.0421
    0.1371    0.9310   -0.0460    0.1765    0.9310   -0.0490
    0.2196    0.9310   -0.0510    0.2660    0.9310   -0.0520
    0.3151    0.9310   -0.0521    0.3664    0.9310   -0.0512
    0.4193    0.9310   -0.0495    0.4731    0.9310   -0.0470
    0.5272    0.9310   -0.0440    0.5810    0.9310   -0.0405
    0.6339    0.9310   -0.0366    0.6852    0.9310   -0.0325
    0.7343    0.9310   -0.0282    0.7807    0.9310   -0.0239
    0.8238    0.9310   -0.0197    0.8630    0.9310   -0.0157
    0.8981    0.9310   -0.0119    0.9285    0.9310   -0.0085
    0.9538    0.9310   -0.0056    0.9738    0.9310   -0.0032
    0.9883    0.9310   -0.0014    0.9971    0.9310   -0.0004
    1.0000    0.9310    0.0000
    1.0000    1.0345    0.0000    0.9971    1.0345    0.0003
    0.9883    1.0345    0.0014    0.9738    1.0345    0.0030
    0.9538    1.0345    0.0053    0.9284    1.0345    0.0081
    0.8980    1.0345    0.0113    0.8630    1.0345    0.0148
    0.8236    1.0345    0.0186    0.7805    1.0345    0.0226
    0.7341    1.0345    0.0266    0.6850    1.0345    0.0305
    0.6337    1.0345    0.0343    0.5808    1.0345    0.0379
    0.5269    1.0345    0.0411    0.4728    1.0345    0.0438
    0.4190    1.0345    0.0459    0.3661    1.0345    0.0473
    0.3148    1.0345    0.0478    0.2656    1.0345    0.0475
    0.2193    1.0345    0.0462    0.1762    1.0345    0.0439
    0.1369    1.0345    0.0407    0.1018    1.0345    0.0365
    0.0715    1.0345    0.0315    0.0461    1.0345    0.0257
    0.0261    1.0345    0.0192    0.0116    1.0345    0.0122
    0.0029    1.0345    0.0047    0.0000    1.0345   -0.0031
    0.0030    1.0345   -0.0110    0.0117    1.0345   -0.0184
    0.0262    1.0345   -0.0253    0.0463    1.0345   -0.0316
    0.0717    1.0345   -0.0373    0.1021    1.0345   -0.0421
    0.1371    1.0345   -0.0461    0.1765    1.0345   -0.0491
    0.2196    1.0345   -0.0511    0.2660    1.0345   -0.0521
    0.3151    1.0345   -0.0521    0.3664    1.0345   -0.0512
    0.4193    1.0345   -0.0495    0.4731    1.0345   -0.0471
    0.5272    1.0345   -0.0440    0.5810    1.0345   -0.0405
    0.6339    1.0345   -0.0366    0.6852    1.0345   -0.0325
    0.7343    1.0345   -0.0282    0.7807    1.0345   -0.0239
    0.8238    1.0345   -0.0197    0.8630    1.0345   -0.0157
    0.8981    1.0345   -0.0119    0.9285    1.0345   -0.0085
    0.9538    1.0345   -0.0056    0.9738    1.0345   -0.0032
    0.9883    1.0345   -0.0014    0.9971    1.0345   -0.0004
    1.0000    1.0345    0.0000
    1.0000    1.1379    0.0000    0.9971    1.1379    0.0003
    0.9883    1.1379    0.0014    0.9738    1.1379    0.0030
    0.9538    1.1379    0.0053    0.9284    1.1379    0.0081
    0.8980    1.1379    0.0113    0.8630    1.1379    0.0148
    0.8236    1.1379    0.0186    0.7805    1.1379    0.0225
    0.7341    1.1379    0.0265    0.6850    1.1379    0.0305
    0.6337    1.1379    0.0343    0.5808    1.1379    0.0379
    0.5269    1.1379    0.0411    0.4728    1.1379    0.0438
    0.4190    1.1379    0.0459    0.3661    1.1379    0.0472
    0.3148    1.1379    0.0478    0.2656    1.1379    0.0475
    0.2193    1.1379    0.0462    0.1762    1.1379    0.0439
    0.1369    1.1379    0.0406    0.1018    1.1379    0.0365
    0.0715    1.1379    0.0314    0.0461    1.1379    0.0256
    0.0261    1.1379    0.0192    0.0116    1.1379    0.0122
    0.0029    1.1379    0.0047    0.0000    1.1379   -0.0032
    0.0030    1.1379   -0.0110    0.0117    1.1379   -0.0184
    0.0262    1.1379   -0.0253    0.0463    1.1379   -0.0317
    0.0717    1.1379   -0.0373    0.1021    1.1379   -0.0421
    0.1371    1.1379   -0.0461    0.1765    1.1379   -0.0491
    0.2196    1.1379   -0.0511    0.2660    1.1379   -0.0521
    0.3151    1.1379   -0.0521    0.3664    1.1379   -0.0512
    0.4193    1.1379   -0.0495    0.4731    1.1379   -0.0471
    0.5272    1.1379   -0.0440    0.5810    1.1379   -0.0405
    0.6339    1.1379   -0.0366    0.6852    1.1379   -0.0325
    0.7343    1.1379   -0.0282    0.7807    1.1379   -0.0239
    0.8238    1.1379   -0.0197    0.8630    1.1379   -0.0157
    0.8981    1.1379   -0.0119    0.9285    1.1379   -0.0085
    0.9538    1.1379   -0.0056    0.9738    1.1379   -0.0032
    0.9883    1.1379   -0.0014    0.9971    1.1379   -0.0004
    1.0000    1.1379    0.0000
    1.0000    1.2414    0.0000    0.9971    1.2414    0.0003
    0.9883    1.2414    0.0014    0.9738    1.2414    0.0030
    0.9538    1.2414    0.0053    0.9284    1.2414    0.0081
    0.8980    1.2414    0.0113    0.8629    1.2414    0.0148
    0.8236    1.2414    0.0186    0.7805    1.2414    0.0225
    0.7341    1.2414    0.0265    0.6850    1.2414    0.0305
    0.6337    1.2414    0.0343    0.5808    1.2414    0.0379
    0.5269    1.2414    0.0410    0.4728    1.2414    0.0437
    0.4190    1.2414    0.0458    0.3661    1.2414    0.0472
    0.3148    1.2414    0.0478    0.2656    1.2414    0.0474
    0.2193    1.2414    0.0461    0.1762    1.2414    0.0439
    0.1369    1.2414    0.0406    0.1018    1.2414    0.0364
    0.0715    1.2414    0.0314    0.0461    1.2414    0.0256
    0.0261    1.2414    0.0191    0.0116    1.2414    0.0121
    0.0029    1.2414    0.0047    0.0000    1.2414   -0.0032
    0.0030    1.2414   -0.0110    0.0117    1.2414   -0.0184
    0.0262    1.2414   -0.0254    0.0463    1.2414   -0.0317
    0.0717    1.2414   -0.0373    0.1021    1.2414   -0.0422
    0.1371    1.2414   -0.0461    0.1765    1.2414   -0.0491
    0.2196    1.2414   -0.0511    0.2660    1.2414   -0.0521
    0.3151    1.2414   -0.0521    0.3664    1.2414   -0.0513
    0.4193    1.2414   -0.0495    0.4731    1.2414   -0.0471
    0.5272    1.2414   -0.0441    0.5810    1.2414   -0.0405
    0.6339    1.2414   -0.0366    0.6852    1.2414   -0.0325
    0.7343    1.2414   -0.0282    0.7807    1.2414   -0.0239
    0.8238    1.2414   -0.0197    0.8630    1.2414   -0.0157
    0.8981    1.2414   -0.0119    0.9285    1.2414   -0.0085
    0.9538    1.2414   -0.0056    0.9738    1.2414   -0.0032
    0.9883    1.2414   -0.0014    0.9971    1.2414   -0.0004
    1.0000    1.2414    0.0000
    1.0000    1.3448    0.0000    0.9971    1.3448    0.0003
    0.9883    1.3448    0.0014    0.9738    1.3448    0.0030
    0.9538    1.3448    0.0053    0.9284    1.3448    0.0081
    0.8980    1.3448    0.0113    0.8629    1.3448    0.0148
    0.8236    1.3448    0.0186    0.7805    1.3448    0.0225
    0.7341    1.3448    0.0265    0.6850    1.3448    0.0305
    0.6337    1.3448    0.0343    0.5808    1.3448    0.0378
    0.5269    1.3448    0.0410    0.4728    1.3448    0.0437
    0.4190    1.3448    0.0458    0.3661    1.3448    0.0472
    0.3148    1.3448    0.0478    0.2656    1.3448    0.0474
    0.2193    1.3448    0.0461    0.1762    1.3448    0.0438
    0.1369    1.3448    0.0406    0.1018    1.3448    0.0364
    0.0715    1.3448    0.0314    0.0461    1.3448    0.0256
    0.0261    1.3448    0.0191    0.0116    1.3448    0.0121
    0.0029    1.3448    0.0046    0.0000    1.3448   -0.0032
    0.0030    1.3448   -0.0111    0.0117    1.3448   -0.0185
    0.0263    1.3448   -0.0254    0.0463    1.3448   -0.0317
    0.0717    1.3448   -0.0373    0.1021    1.3448   -0.0422
    0.1371    1.3448   -0.0461    0.1765    1.3448   -0.0491
    0.2196    1.3448   -0.0511    0.2660    1.3448   -0.0521
    0.3151    1.3448   -0.0522    0.3664    1.3448   -0.0513
    0.4193    1.3448   -0.0496    0.4731    1.3448   -0.0471
    0.5272    1.3448   -0.0441    0.5810    1.3448   -0.0405
    0.6339    1.3448   -0.0366    0.6852    1.3448   -0.0325
    0.7343    1.3448   -0.0282    0.7807    1.3448   -0.0239
    0.8238    1.3448   -0.0197    0.8630    1.3448   -0.0157
    0.8981    1.3448   -0.0119    0.9285    1.3448   -0.0085
    0.9538    1.3448   -0.0056    0.9738    1.3448   -0.0032
    0.9883    1.3448   -0.0014    0.9971    1.3448   -0.0004
    1.0000    1.3448    0.0000
    1.0000    1.4483    0.0000    0.9971    1.4483    0.0003
    0.9883    1.4483    0.0014    0.9738    1.4483    0.0030
    0.9538    1.4483    0.0053    0.9284    1.4483    0.0081
    0.8980    1.4483    0.0113    0.8629    1.4483    0.0148
    0.8236    1.4483    0.0186    0.7805    1.4483    0.0225
    0.7341    1.4483    0.0265    0.6850    1.4483    0.0305
    0.6337    1.4483    0.0343    0.5808    1.4483    0.0378
    0.5269    1.4483    0.0410    0.4728    1.4483    0.0437
    0.4190    1.4483    0.0458    0.3661    1.4483    0.0472
    0.3148    1.4483    0.0477    0.2656    1.4483    0.0474
    0.2193    1.4483    0.0461    0.1762    1.4483    0.0438
    0.1369    1.4483    0.0406    0.1018    1.4483    0.0364
    0.0715    1.4483    0.0313    0.0461    1.4483    0.0255
    0.0261    1.4483    0.0191    0.0116    1.4483    0.0121
    0.0029    1.4483    0.0046    0.0000    1.4483   -0.0032
    0.0030    1.4483   -0.0111    0.0117    1.4483   -0.0185
    0.0263    1.4483   -0.0254    0.0463    1.4483   -0.0317
    0.0717    1.4483   -0.0374    0.1021    1.4483   -0.0422
    0.1371    1.4483   -0.0462    0.1765    1.4483   -0.0492
    0.2196    1.4483   -0.0512    0.2660    1.4483   -0.0522
    0.3151    1.4483   -0.0522    0.3664    1.4483   -0.0513
    0.4193    1.4483   -0.0496    0.4731    1.4483   -0.0471
    0.5272    1.4483   -0.0441    0.5810    1.4483   -0.0406
    0.6339    1.4483   -0.0367    0.6852    1.4483   -0.0325
    0.7343    1.4483   -0.0282    0.7807    1.4483   -0.0240
    0.8238    1.4483   -0.0197    0.8630    1.4483   -0.0157
    0.8981    1.4483   -0.0119    0.9285    1.4483   -0.0085
    0.9538    1.4483   -0.0056    0.9738    1.4483   -0.0032
    0.9883    1.4483   -0.0014    0.9971    1.4483   -0.0004
    1.0000    1.4483    0.0000
    1.0000    1.5517    0.0000    0.9971    1.5517    0.0003
    0.9883    1.5517    0.0014    0.9738    1.5517    0.0030
    0.9538    1.5517    0.0053    0.9284    1.5517    0.0081
    0.8980    1.5517    0.0112    0.8629    1.5517    0.0148
    0.8236    1.5517    0.0186    0.7805    1.5517    0.0225
    0.7341    1.5517    0.0265    0.6850    1.5517    0.0305
    0.6336    1.5517    0.0343    0.5808    1.5517    0.0378
    0.5269    1.5517    0.0410    0.4728    1.5517    0.0437
    0.4190    1.5517    0.0458    0.3661    1.5517    0.0472
    0.3148    1.5517    0.0477    0.2656    1.5517    0.0474
    0.2193    1.5517    0.0461    0.1762    1.5517    0.0438
    0.1369    1.5517    0.0405    0.1018    1.5517    0.0364
    0.0715    1.5517    0.0313    0.0461    1.5517    0.0255
    0.0261    1.5517    0.0191    0.0116    1.5517    0.0121
    0.0029    1.5517    0.0046    0.0000    1.5517   -0.0033
    0.0030    1.5517   -0.0111    0.0117    1.5517   -0.0185
    0.0263    1.5517   -0.0254    0.0463    1.5517   -0.0318
    0.0717    1.5517   -0.0374    0.1021    1.5517   -0.0422
    0.1371    1.5517   -0.0462    0.1765    1.5517   -0.0492
    0.2196    1.5517   -0.0512    0.2660    1.5517   -0.0522
    0.3151    1.5517   -0.0522    0.3664    1.5517   -0.0513
    0.4193    1.5517   -0.0496    0.4731    1.5517   -0.0471
    0.5272    1.5517   -0.0441    0.5810    1.5517   -0.0406
    0.6339    1.5517   -0.0367    0.6852    1.5517   -0.0325
    0.7343    1.5517   -0.0283    0.7807    1.5517   -0.0240
    0.8238    1.5517   -0.0197    0.8630    1.5517   -0.0157
    0.8981    1.5517   -0.0119    0.9285    1.5517   -0.0085
    0.9538    1.5517   -0.0056    0.9738    1.5517   -0.0032
    0.9883    1.5517   -0.0014    0.9971    1.5517   -0.0004
    1.0000    1.5517    0.0000
    1.0000    1.6552    0.0000    0.9971    1.6552    0.0003
    0.9883    1.6552    0.0014    0.9738    1.6552    0.0030
    0.9538    1.6552    0.0053    0.9284    1.6552    0.0080
    0.8980    1.6552    0.0112    0.8629    1.6552    0.0148
    0.8236    1.6552    0.0186    0.7805    1.6552    0.0225
    0.7341    1.6552    0.0265    0.6850    1.6552    0.0305
    0.6336    1.6552    0.0343    0.5808    1.6552    0.0378
    0.5269    1.6552    0.0410    0.4728    1.6552    0.0437
    0.4190    1.6552    0.0458    0.3661    1.6552    0.0471
    0.3148    1.6552    0.0477    0.2656    1.6552    0.0474
    0.2192    1.6552    0.0460    0.1762    1.6552    0.0438
    0.1369    1.6552    0.0405    0.1018    1.6552    0.0363
    0.0715    1.6552    0.0313    0.0461    1.6552    0.0255
    0.0261    1.6552    0.0190    0.0116    1.6552    0.0120
    0.0029    1.6552    0.0046    0.0000    1.6552   -0.0033
    0.0030    1.6552   -0.0111    0.0117    1.6552   -0.0186
    0.0263    1.6552   -0.0255    0.0463    1.6552   -0.0318
    0.0717    1.6552   -0.0374    0.1021    1.6552   -0.0423
    0.1372    1.6552   -0.0462    0.1765    1.6552   -0.0492
    0.2196    1.6552   -0.0512    0.2660    1.6552   -0.0522
    0.3151    1.6552   -0.0522    0.3664    1.6552   -0.0513
    0.4193    1.6552   -0.0496    0.4731    1.6552   -0.0472
    0.5272    1.6552   -0.0441    0.5810    1.6552   -0.0406
    0.6339    1.6552   -0.0367    0.6852    1.6552   -0.0325
    0.7343    1.6552   -0.0283    0.7807    1.6552   -0.0240
    0.8238    1.6552   -0.0197    0.8630    1.6552   -0.0157
    0.8981    1.6552   -0.0119    0.9285    1.6552   -0.0085
    0.9538    1.6552   -0.0056    0.9738    1.6552   -0.0032
    0.9883    1.6552   -0.0014    0.9971    1.6552   -0.0004
    1.0000    1.6552    0.0000
    1.0000    1.7586    0.0000    0.9971    1.7586    0.0003
    0.9883    1.7586    0.0014    0.9738    1.7586    0.0030
    0.9538    1.7586    0.0053    0.9284    1.7586    0.0080
    0.8980    1.7586    0.0112    0.8629    1.7586    0.0148
    0.8236    1.7586    0.0186    0.7805    1.7586    0.0225
    0.7341    1.7586    0.0265    0.6850    1.7586    0.0304
    0.6336    1.7586    0.0342    0.5808    1.7586    0.0378
    0.5269    1.7586    0.0410    0.4728    1.7586    0.0437
    0.4190    1.7586    0.0457    0.3661    1.7586    0.0471
    0.3148    1.7586    0.0477    0.2656    1.7586    0.0473
    0.2192    1.7586    0.0460    0.1762    1.7586    0.0437
    0.1369    1.7586    0.0405    0.1018    1.7586    0.0363
    0.0715    1.7586    0.0313    0.0461    1.7586    0.0255
    0.0261    1.7586    0.0190    0.0116    1.7586    0.0120
    0.0029    1.7586    0.0045    0.0000    1.7586   -0.0033
    0.0030    1.7586   -0.0112    0.0117    1.7586   -0.0186
    0.0263    1.7586   -0.0255    0.0463    1.7586   -0.0318
    0.0717    1.7586   -0.0375    0.1021    1.7586   -0.0423
    0.1372    1.7586   -0.0462    0.1765    1.7586   -0.0492
    0.2196    1.7586   -0.0512    0.2660    1.7586   -0.0522
    0.3151    1.7586   -0.0523    0.3664    1.7586   -0.0514
    0.4193    1.7586   -0.0496    0.4731    1.7586   -0.0472
    0.5272    1.7586   -0.0441    0.5810    1.7586   -0.0406
    0.6339    1.7586   -0.0367    0.6852    1.7586   -0.0326
    0.7343    1.7586   -0.0283    0.7807    1.7586   -0.0240
    0.8238    1.7586   -0.0197    0.8630    1.7586   -0.0157
    0.8981    1.7586   -0.0119    0.9285    1.7586   -0.0085
    0.9538    1.7586   -0.0056    0.9738    1.7586   -0.0032
    0.9883    1.7586   -0.0014    0.9971    1.7586   -0.0004
    1.0000    1.7586    0.0000
    1.0000    1.8621    0.0000    0.9971    1.8621    0.0003
    0.9883    1.8621    0.0014    0.9738    1.8621    0.0030
    0.9538    1.8621    0.0053    0.9284    1.8621    0.0080
    0.8980    1.8621    0.0112    0.8629    1.8621    0.0148
    0.8236    1.8621    0.0186    0.7805    1.8621    0.0225
    0.7341    1.8621    0.0265    0.6850    1.8621    0.0304
    0.6336    1.8621    0.0342    0.5808    1.8621    0.0378
    0.5269    1.8621    0.0409    0.4728    1.8621    0.0436
    0.4190    1.8621    0.0457    0.3661    1.8621    0.0471
    0.3148    1.8621    0.0476    0.2656    1.8621    0.0473
    0.2192    1.8621    0.0460    0.1762    1.8621    0.0437
    0.1369    1.8621    0.0404    0.1018    1.8621    0.0363
    0.0715    1.8621    0.0312    0.0461    1.8621    0.0254
    0.0261    1.8621    0.0190    0.0116    1.8621    0.0119
    0.0029    1.8621    0.0045    0.0000    1.8621   -0.0034
    0.0030    1.8621   -0.0112    0.0117    1.8621   -0.0186
    0.0263    1.8621   -0.0255    0.0463    1.8621   -0.0319
    0.0717    1.8621   -0.0375    0.1021    1.8621   -0.0423
    0.1372    1.8621   -0.0463    0.1765    1.8621   -0.0493
    0.2196    1.8621   -0.0513    0.2660    1.8621   -0.0523
    0.3151    1.8621   -0.0523    0.3664    1.8621   -0.0514
    0.4193    1.8621   -0.0497    0.4731    1.8621   -0.0472
    0.5272    1.8621   -0.0441    0.5810    1.8621   -0.0406
    0.6339    1.8621   -0.0367    0.6852    1.8621   -0.0326
    0.7343    1.8621   -0.0283    0.7807    1.8621   -0.0240
    0.8238    1.8621   -0.0198    0.8631    1.8621   -0.0157
    0.8981    1.8621   -0.0119    0.9285    1.8621   -0.0085
    0.9538    1.8621   -0.0056    0.9738    1.8621   -0.0032
    0.9883    1.8621   -0.0014    0.9971    1.8621   -0.0004
    1.0000    1.8621    0.0000
    1.0000    1.9655    0.0000    0.9971    1.9655    0.0003
    0.9883    1.9655    0.0014    0.9738    1.9655    0.0030
    0.9538    1.9655    0.0053    0.9284    1.9655    0.0080
    0.8980    1.9655    0.0112    0.8629    1.9655    0.0148
    0.8236    1.9655    0.0186    0.7805    1.9655    0.0225
    0.7341    1.9655    0.0265    0.6850    1.9655    0.0304
    0.6336    1.9655    0.0342    0.5808    1.9655    0.0378
    0.5269    1.9655    0.0409    0.4728    1.9655    0.0436
    0.4189    1.9655    0.0457    0.3661    1.9655    0.0471
    0.3148    1.9655    0.0476    0.2656    1.9655    0.0473
    0.2192    1.9655    0.0460    0.1762    1.9655    0.0437
    0.1369    1.9655    0.0404    0.1018    1.9655    0.0362
    0.0715    1.9655    0.0312    0.0461    1.9655    0.0254
    0.0261    1.9655    0.0189    0.0116    1.9655    0.0119
    0.0029    1.9655    0.0044    0.0000    1.9655   -0.0034
    0.0030    1.9655   -0.0113    0.0117    1.9655   -0.0187
    0.0263    1.9655   -0.0256    0.0463    1.9655   -0.0319
    0.0717    1.9655   -0.0375    0.1021    1.9655   -0.0424
    0.1372    1.9655   -0.0463    0.1765    1.9655   -0.0493
    0.2196    1.9655   -0.0513    0.2660    1.9655   -0.0523
    0.3151    1.9655   -0.0523    0.3664    1.9655   -0.0514
    0.4193    1.9655   -0.0497    0.4731    1.9655   -0.0472
    0.5272    1.9655   -0.0442    0.5810    1.9655   -0.0406
    0.6339    1.9655   -0.0367    0.6852    1.9655   -0.0326
    0.7343    1.9655   -0.0283    0.7807    1.9655   -0.0240
    0.8238    1.9655   -0.0198    0.8631    1.9655   -0.0157
    0.8981    1.9655   -0.0119    0.9285    1.9655   -0.0085
    0.9538    1.9655   -0.0056    0.9738    1.9655   -0.0032
    0.9883    1.9655   -0.0014    0.9971    1.9655   -0.0004
    1.0000    1.9655    0.0000
    1.0000    2.0690    0.0000    0.9971    2.0690    0.0003
    0.9883    2.0690    0.0014    0.9738    2.0690    0.0030
    0.9538    2.0690    0.0053    0.9284    2.0690    0.0080
    0.8980    2.0690    0.0112    0.8629    2.0690    0.0148
    0.8236    2.0690    0.0185    0.7805    2.0690    0.0225
    0.7341    2.0690    0.0265    0.6850    2.0690    0.0304
    0.6336    2.0690    0.0342    0.5808    2.0690    0.0377
    0.5269    2.0690    0.0409    0.4728    2.0690    0.0436
    0.4189    2.0690    0.0457    0.3661    2.0690    0.0470
    0.3148    2.0690    0.0476    0.2656    2.0690    0.0472
    0.2192    2.0690    0.0459    0.1762    2.0690    0.0436
    0.1369    2.0690    0.0404    0.1018    2.0690    0.0362
    0.0715    2.0690    0.0311    0.0461    2.0690    0.0253
    0.0261    2.0690    0.0189    0.0116    2.0690    0.0119
    0.0029    2.0690    0.0044    0.0000    2.0690   -0.0035
    0.0030    2.0690   -0.0113    0.0117    2.0690   -0.0187
    0.0263    2.0690   -0.0256    0.0463    2.0690   -0.0320
    0.0717    2.0690   -0.0376    0.1021    2.0690   -0.0424
    0.1372    2.0690   -0.0464    0.1765    2.0690   -0.0494
    0.2196    2.0690   -0.0513    0.2660    2.0690   -0.0523
    0.3151    2.0690   -0.0523    0.3664    2.0690   -0.0514
    0.4193    2.0690   -0.0497    0.4731    2.0690   -0.0473
    0.5272    2.0690   -0.0442    0.5810    2.0690   -0.0406
    0.6339    2.0690   -0.0367    0.6852    2.0690   -0.0326
    0.7343    2.0690   -0.0283    0.7807    2.0690   -0.0240
    0.8238    2.0690   -0.0198    0.8631    2.0690   -0.0157
    0.8981    2.0690   -0.0119    0.9285    2.0690   -0.0085
    0.9538    2.0690   -0.0056    0.9738    2.0690   -0.0032
    0.9883    2.0690   -0.0014    0.9971    2.0690   -0.0004
    1.0000    2.0690    0.0000
    1.0000    2.1724    0.0000    0.9971    2.1724    0.0003
    0.9883    2.1724    0.0014    0.9738    2.1724    0.0030
    0.9538    2.1724    0.0053    0.9284    2.1724    0.0080
    0.8980    2.1724    0.0112    0.8629    2.1724    0.0148
    0.8236    2.1724    0.0185    0.7805    2.1724    0.0225
    0.7341    2.1724    0.0264    0.6850    2.1724    0.0304
    0.6336    2.1724    0.0342    0.5808    2.1724    0.0377
    0.5269    2.1724    0.0409    0.4728    2.1724    0.0436
    0.4189    2.1724    0.0456    0.3661    2.1724    0.0470
    0.3148    2.1724    0.0475    0.2656    2.1724    0.0472
    0.2192    2.1724    0.0459    0.1761    2.1724    0.0436
    0.1369    2.1724    0.0403    0.1018    2.1724    0.0361
    0.0715    2.1724    0.0311    0.0461    2.1724    0.0253
    0.0261    2.1724    0.0188    0.0116    2.1724    0.0118
    0.0029    2.1724    0.0043    0.0000    2.1724   -0.0035
    0.0030    2.1724   -0.0114    0.0117    2.1724   -0.0188
    0.0263    2.1724   -0.0257    0.0463    2.1724   -0.0320
    0.0717    2.1724   -0.0376    0.1021    2.1724   -0.0425
    0.1372    2.1724   -0.0464    0.1765    2.1724   -0.0494
    0.2196    2.1724   -0.0514    0.2660    2.1724   -0.0524
    0.3151    2.1724   -0.0524    0.3664    2.1724   -0.0515
    0.4193    2.1724   -0.0497    0.4731    2.1724   -0.0473
    0.5272    2.1724   -0.0442    0.5810    2.1724   -0.0407
    0.6339    2.1724   -0.0368    0.6852    2.1724   -0.0326
    0.7343    2.1724   -0.0283    0.7807    2.1724   -0.0240
    0.8238    2.1724   -0.0198    0.8631    2.1724   -0.0157
    0.8981    2.1724   -0.0119    0.9285    2.1724   -0.0085
    0.9538    2.1724   -0.0056    0.9738    2.1724   -0.0032
    0.9883    2.1724   -0.0014    0.9971    2.1724   -0.0004
    1.0000    2.1724    0.0000
    1.0000    2.2759    0.0000    0.9971    2.2759    0.0003
    0.9883    2.2759    0.0014    0.9738    2.2759    0.0030
    0.9538    2.2759    0.0053    0.9284    2.2759    0.0080
    0.8980    2.2759    0.0112    0.8629    2.2759    0.0147
    0.8236    2.2759    0.0185    0.7805    2.2759    0.0224
    0.7341    2.2759    0.0264    0.6850    2.2759    0.0304
    0.6336    2.2759    0.0342    0.5808    2.2759    0.0377
    0.5269    2.2759    0.0408    0.4728    2.2759    0.0435
    0.4189    2.2759    0.0456    0.3661    2.2759    0.0470
    0.3148    2.2759    0.0475    0.2656    2.2759    0.0471
    0.2192    2.2759    0.0458    0.1761    2.2759    0.0435
    0.1369    2.2759    0.0403    0.1018    2.2759    0.0361
    0.0715    2.2759    0.0310    0.0461    2.2759    0.0252
    0.0261    2.2759    0.0187    0.0116    2.2759    0.0117
    0.0029    2.2759    0.0043    0.0000    2.2759   -0.0036
    0.0030    2.2759   -0.0114    0.0118    2.2759   -0.0188
    0.0263    2.2759   -0.0258    0.0463    2.2759   -0.0321
    0.0717    2.2759   -0.0377    0.1021    2.2759   -0.0425
    0.1372    2.2759   -0.0465    0.1765    2.2759   -0.0495
    0.2196    2.2759   -0.0514    0.2660    2.2759   -0.0524
    0.3151    2.2759   -0.0524    0.3664    2.2759   -0.0515
    0.4193    2.2759   -0.0498    0.4731    2.2759   -0.0473
    0.5272    2.2759   -0.0442    0.5810    2.2759   -0.0407
    0.6339    2.2759   -0.0368    0.6852    2.2759   -0.0326
    0.7343    2.2759   -0.0283    0.7807    2.2759   -0.0240
    0.8238    2.2759   -0.0198    0.8631    2.2759   -0.0157
    0.8981    2.2759   -0.0120    0.9285    2.2759   -0.0085
    0.9538    2.2759   -0.0056    0.9738    2.2759   -0.0032
    0.9883    2.2759   -0.0014    0.9971    2.2759   -0.0004
    1.0000    2.2759    0.0000
    1.0000    2.3793    0.0000    0.9971    2.3793    0.0003
    0.9883    2.3793    0.0014    0.9738    2.3793    0.0030
    0.9538    2.3793    0.0053    0.9284    2.3793    0.0080
    0.8980    2.3793    0.0112    0.8629    2.3793    0.0147
    0.8236    2.3793    0.0185    0.7805    2.3793    0.0224
    0.7341    2.3793    0.0264    0.6850    2.3793    0.0303
    0.6336    2.3793    0.0341    0.5807    2.3793    0.0377
    0.5269    2.3793    0.0408    0.4728    2.3793    0.0435
    0.4189    2.3793    0.0456    0.3661    2.3793    0.0469
    0.3148    2.3793    0.0474    0.2656    2.3793    0.0471
    0.2192    2.3793    0.0458    0.1761    2.3793    0.0435
    0.1368    2.3793    0.0402    0.1018    2.3793    0.0360
    0.0715    2.3793    0.0309    0.0461    2.3793    0.0251
    0.0261    2.3793    0.0187    0.0116    2.3793    0.0117
    0.0029    2.3793    0.0042    0.0000    2.3793   -0.0037
    0.0030    2.3793   -0.0115    0.0118    2.3793   -0.0189
    0.0263    2.3793   -0.0258    0.0463    2.3793   -0.0321
    0.0717    2.3793   -0.0378    0.1021    2.3793   -0.0426
    0.1372    2.3793   -0.0465    0.1765    2.3793   -0.0495
    0.2196    2.3793   -0.0515    0.2660    2.3793   -0.0525
    0.3151    2.3793   -0.0525    0.3664    2.3793   -0.0516
    0.4193    2.3793   -0.0498    0.4731    2.3793   -0.0474
    0.5272    2.3793   -0.0443    0.5810    2.3793   -0.0407
    0.6339    2.3793   -0.0368    0.6852    2.3793   -0.0327
    0.7343    2.3793   -0.0284    0.7807    2.3793   -0.0240
    0.8238    2.3793   -0.0198    0.8631    2.3793   -0.0157
    0.8981    2.3793   -0.0120    0.9285    2.3793   -0.0085
    0.9538    2.3793   -0.0056    0.9738    2.3793   -0.0032
    0.9883    2.3793   -0.0014    0.9971    2.3793   -0.0004
    1.0000    2.3793    0.0000
    1.0000    2.4828    0.0000    0.9971    2.4828    0.0003
    0.9883    2.4828    0.0014    0.9738    2.4828    0.0030
    0.9538    2.4828    0.0053    0.9284    2.4828    0.0080
    0.8980    2.4828    0.0112    0.8629    2.4828    0.0147
    0.8236    2.4828    0.0185    0.7805    2.4828    0.0224
    0.7341    2.4828    0.0264    0.6850    2.4828    0.0303
    0.6336    2.4828    0.0341    0.5807    2.4828    0.0376
    0.5269    2.4828    0.0408    0.4728    2.4828    0.0434
    0.4189    2.4828    0.0455    0.3661    2.4828    0.0469
    0.3147    2.4828    0.0474    0.2656    2.4828    0.0470
    0.2192    2.4828    0.0457    0.1761    2.4828    0.0434
    0.1368    2.4828    0.0401    0.1018    2.4828    0.0359
    0.0714    2.4828    0.0309    0.0461    2.4828    0.0251
    0.0261    2.4828    0.0186    0.0116    2.4828    0.0116
    0.0029    2.4828    0.0041    0.0000    2.4828   -0.0038
    0.0030    2.4828   -0.0116    0.0118    2.4828   -0.0190
    0.0263    2.4828   -0.0259    0.0463    2.4828   -0.0322
    0.0717    2.4828   -0.0378    0.1021    2.4828   -0.0427
    0.1372    2.4828   -0.0466    0.1765    2.4828   -0.0496
    0.2196    2.4828   -0.0516    0.2660    2.4828   -0.0525
    0.3151    2.4828   -0.0525    0.3664    2.4828   -0.0516
    0.4193    2.4828   -0.0499    0.4731    2.4828   -0.0474
    0.5272    2.4828   -0.0443    0.5810    2.4828   -0.0408
    0.6339    2.4828   -0.0368    0.6852    2.4828   -0.0327
    0.7343    2.4828   -0.0284    0.7807    2.4828   -0.0241
    0.8238    2.4828   -0.0198    0.8631    2.4828   -0.0158
    0.8981    2.4828   -0.0120    0.9285    2.4828   -0.0086
    0.9538    2.4828   -0.0056    0.9738    2.4828   -0.0032
    0.9883    2.4828   -0.0014    0.9971    2.4828   -0.0004
    1.0000    2.4828    0.0000
    1.0000    2.5862    0.0000    0.9971    2.5862    0.0003
    0.9883    2.5862    0.0014    0.9738    2.5862    0.0030
    0.9538    2.5862    0.0053    0.9284    2.5862    0.0080
    0.8980    2.5862    0.0112    0.8629    2.5862    0.0147
    0.8236    2.5862    0.0185    0.7805    2.5862    0.0224
    0.7341    2.5862    0.0264    0.6850    2.5862    0.0303
    0.6336    2.5862    0.0341    0.5807    2.5862    0.0376
    0.5269    2.5862    0.0407    0.4728    2.5862    0.0434
    0.4189    2.5862    0.0455    0.3661    2.5862    0.0468
    0.3147    2.5862    0.0473    0.2656    2.5862    0.0470
    0.2192    2.5862    0.0456    0.1761    2.5862    0.0433
    0.1368    2.5862    0.0400    0.1018    2.5862    0.0358
    0.0714    2.5862    0.0308    0.0461    2.5862    0.0250
    0.0261    2.5862    0.0185    0.0116    2.5862    0.0115
    0.0029    2.5862    0.0040    0.0000    2.5862   -0.0038
    0.0030    2.5862   -0.0117    0.0118    2.5862   -0.0191
    0.0263    2.5862   -0.0260    0.0463    2.5862   -0.0323
    0.0717    2.5862   -0.0379    0.1021    2.5862   -0.0428
    0.1372    2.5862   -0.0467    0.1765    2.5862   -0.0497
    0.2196    2.5862   -0.0516    0.2660    2.5862   -0.0526
    0.3151    2.5862   -0.0526    0.3664    2.5862   -0.0517
    0.4193    2.5862   -0.0499    0.4731    2.5862   -0.0474
    0.5272    2.5862   -0.0444    0.5810    2.5862   -0.0408
    0.6339    2.5862   -0.0369    0.6852    2.5862   -0.0327
    0.7343    2.5862   -0.0284    0.7807    2.5862   -0.0241
    0.8238    2.5862   -0.0198    0.8631    2.5862   -0.0158
    0.8981    2.5862   -0.0120    0.9285    2.5862   -0.0086
    0.9538    2.5862   -0.0056    0.9738    2.5862   -0.0032
    0.9883    2.5862   -0.0015    0.9971    2.5862   -0.0004
    1.0000    2.5862    0.0000
    1.0000    2.6897    0.0000    0.9971    2.6897    0.0003
    0.9883    2.6897    0.0014    0.9738    2.6897    0.0030
    0.9538    2.6897    0.0053    0.9284    2.6897    0.0080
    0.8980    2.6897    0.0112    0.8629    2.6897    0.0147
    0.8236    2.6897    0.0185    0.7805    2.6897    0.0224
    0.7341    2.6897    0.0263    0.6849    2.6897    0.0303
    0.6336    2.6897    0.0340    0.5807    2.6897    0.0375
    0.5269    2.6897    0.0407    0.4728    2.6897    0.0433
    0.4189    2.6897    0.0454    0.3660    2.6897    0.0467
    0.3147    2.6897    0.0473    0.2656    2.6897    0.0469
    0.2192    2.6897    0.0455    0.1761    2.6897    0.0432
    0.1368    2.6897    0.0400    0.1018    2.6897    0.0357
    0.0714    2.6897    0.0307    0.0461    2.6897    0.0249
    0.0261    2.6897    0.0184    0.0116    2.6897    0.0114
    0.0029    2.6897    0.0039    0.0000    2.6897   -0.0040
    0.0030    2.6897   -0.0118    0.0118    2.6897   -0.0192
    0.0263    2.6897   -0.0261    0.0463    2.6897   -0.0324
    0.0717    2.6897   -0.0380    0.1021    2.6897   -0.0428
    0.1372    2.6897   -0.0468    0.1765    2.6897   -0.0497
    0.2196    2.6897   -0.0517    0.2660    2.6897   -0.0527
    0.3151    2.6897   -0.0527    0.3664    2.6897   -0.0517
    0.4193    2.6897   -0.0500    0.4731    2.6897   -0.0475
    0.5272    2.6897   -0.0444    0.5810    2.6897   -0.0408
    0.6339    2.6897   -0.0369    0.6852    2.6897   -0.0327
    0.7343    2.6897   -0.0284    0.7807    2.6897   -0.0241
    0.8238    2.6897   -0.0199    0.8631    2.6897   -0.0158
    0.8981    2.6897   -0.0120    0.9285    2.6897   -0.0086
    0.9538    2.6897   -0.0056    0.9738    2.6897   -0.0032
    0.9883    2.6897   -0.0015    0.9971    2.6897   -0.0004
    1.0000    2.6897    0.0000
    1.0000    2.7931    0.0000    0.9971    2.7931    0.0003
    0.9883    2.7931    0.0014    0.9738    2.7931    0.0030
    0.9538    2.7931    0.0052    0.9284    2.7931    0.0080
    0.8980    2.7931    0.0112    0.8629    2.7931    0.0147
    0.8236    2.7931    0.0184    0.7805    2.7931    0.0223
    0.7341    2.7931    0.0263    0.6849    2.7931    0.0302
    0.6336    2.7931    0.0340    0.5807    2.7931    0.0375
    0.5269    2.7931    0.0406    0.4728    2.7931    0.0433
    0.4189    2.7931    0.0453    0.3660    2.7931    0.0467
    0.3147    2.7931    0.0472    0.2656    2.7931    0.0468
    0.2192    2.7931    0.0455    0.1761    2.7931    0.0431
    0.1368    2.7931    0.0399    0.1018    2.7931    0.0356
    0.0714    2.7931    0.0306    0.0461    2.7931    0.0248
    0.0261    2.7931    0.0183    0.0116    2.7931    0.0113
    0.0029    2.7931    0.0038    0.0000    2.7931   -0.0041
    0.0030    2.7931   -0.0119    0.0118    2.7931   -0.0193
    0.0263    2.7931   -0.0262    0.0463    2.7931   -0.0325
    0.0717    2.7931   -0.0381    0.1021    2.7931   -0.0429
    0.1372    2.7931   -0.0469    0.1765    2.7931   -0.0498
    0.2196    2.7931   -0.0518    0.2660    2.7931   -0.0528
    0.3151    2.7931   -0.0527    0.3664    2.7931   -0.0518
    0.4193    2.7931   -0.0500    0.4731    2.7931   -0.0476
    0.5272    2.7931   -0.0445    0.5811    2.7931   -0.0409
    0.6339    2.7931   -0.0370    0.6852    2.7931   -0.0328
    0.7343    2.7931   -0.0285    0.7807    2.7931   -0.0241
    0.8238    2.7931   -0.0199    0.8631    2.7931   -0.0158
    0.8981    2.7931   -0.0120    0.9285    2.7931   -0.0086
    0.9538    2.7931   -0.0056    0.9738    2.7931   -0.0032
    0.9883    2.7931   -0.0015    0.9971    2.7931   -0.0004
    1.0000    2.7931    0.0000
    1.0000    2.8966    0.0000    0.9971    2.8966    0.0003
    0.9883    2.8966    0.0014    0.9738    2.8966    0.0030
    0.9538    2.8966    0.0052    0.9284    2.8966    0.0080
    0.8980    2.8966    0.0112    0.8629    2.8966    0.0147
    0.8236    2.8966    0.0184    0.7805    2.8966    0.0223
    0.7341    2.8966    0.0263    0.6849    2.8966    0.0302
    0.6336    2.8966    0.0339    0.5807    2.8966    0.0374
    0.5269    2.8966    0.0406    0.4727    2.8966    0.0432
    0.4189    2.8966    0.0453    0.3660    2.8966    0.0466
    0.3147    2.8966    0.0471    0.2656    2.8966    0.0467
    0.2192    2.8966    0.0454    0.1761    2.8966    0.0430
    0.1368    2.8966    0.0397    0.1018    2.8966    0.0355
    0.0714    2.8966    0.0305    0.0461    2.8966    0.0246
    0.0261    2.8966    0.0182    0.0116    2.8966    0.0111
    0.0029    2.8966    0.0037    0.0000    2.8966   -0.0042
    0.0030    2.8966   -0.0120    0.0118    2.8966   -0.0194
    0.0263    2.8966   -0.0263    0.0463    2.8966   -0.0326
    0.0717    2.8966   -0.0382    0.1021    2.8966   -0.0431
    0.1372    2.8966   -0.0470    0.1765    2.8966   -0.0499
    0.2196    2.8966   -0.0519    0.2660    2.8966   -0.0529
    0.3151    2.8966   -0.0528    0.3664    2.8966   -0.0519
    0.4193    2.8966   -0.0501    0.4731    2.8966   -0.0476
    0.5273    2.8966   -0.0445    0.5811    2.8966   -0.0409
    0.6339    2.8966   -0.0370    0.6852    2.8966   -0.0328
    0.7343    2.8966   -0.0285    0.7807    2.8966   -0.0242
    0.8238    2.8966   -0.0199    0.8631    2.8966   -0.0158
    0.8981    2.8966   -0.0120    0.9285    2.8966   -0.0086
    0.9538    2.8966   -0.0056    0.9738    2.8966   -0.0032
    0.9883    2.8966   -0.0015    0.9971    2.8966   -0.0004
    1.0000    2.8966    0.0000
    1.0000    3.0000    0.0000    0.9971    3.0000    0.0003
    0.9883    3.0000    0.0014    0.9738    3.0000    0.0030
    0.9538    3.0000    0.0052    0.9284    3.0000    0.0080
    0.8980    3.0000    0.0111    0.8629    3.0000    0.0146
    0.8236    3.0000    0.0184    0.7805    3.0000    0.0223
    0.7341    3.0000    0.0262    0.6849    3.0000    0.0301
    0.6336    3.0000    0.0339    0.5807    3.0000    0.0374
    0.5269    3.0000    0.0405    0.4727    3.0000    0.0431
    0.4189    3.0000    0.0452    0.3660    3.0000    0.0465
    0.3147    3.0000    0.0470    0.2656    3.0000    0.0466
    0.2192    3.0000    0.0452    0.1761    3.0000    0.0429
    0.1368    3.0000    0.0396    0.1018    3.0000    0.0354
    0.0714    3.0000    0.0303    0.0461    3.0000    0.0245
    0.0261    3.0000    0.0180    0.0116    3.0000    0.0110
    0.0029    3.0000    0.0035    0.0000    3.0000   -0.0043
    0.0030    3.0000   -0.0122    0.0118    3.0000   -0.0196
    0.0263    3.0000   -0.0265    0.0463    3.0000   -0.0328
    0.0717    3.0000   -0.0384    0.1021    3.0000   -0.0432
    0.1372    3.0000   -0.0471    0.1765    3.0000   -0.0501
    0.2196    3.0000   -0.0520    0.2660    3.0000   -0.0530
    0.3152    3.0000   -0.0529    0.3665    3.0000   -0.0520
    0.4193    3.0000   -0.0502    0.4731    3.0000   -0.0477
    0.5273    3.0000   -0.0446    0.5811    3.0000   -0.0410
    0.6339    3.0000   -0.0371    0.6852    3.0000   -0.0329
    0.7343    3.0000   -0.0285    0.7807    3.0000   -0.0242
    0.8238    3.0000   -0.0199    0.8631    3.0000   -0.0158
    0.8981    3.0000   -0.0120    0.9285    3.0000   -0.0086
    0.9538    3.0000   -0.0056    0.9738    3.0000   -0.0032
    0.9883    3.0000   -0.0015    0.9971    3.0000   -0.0004
    1.0000    3.0000    0.0000
$POINTS for network #  2   wingtip                                           
       1.0
       1.0                                     0.0       0.0
      30.0       8.0                                                  wingtip   
    1.0000    3.0000    0.0000    0.9971    3.0000    0.0003
    0.9883    3.0000    0.0014    0.9738    3.0000    0.0030
    0.9538    3.0000    0.0052    0.9284    3.0000    0.0080
    0.8980    3.0000    0.0111    0.8629    3.0000    0.0146
    0.8236    3.0000    0.0184    0.7805    3.0000    0.0223
    0.7341    3.0000    0.0262    0.6849    3.0000    0.0301
    0.6336    3.0000    0.0339    0.5807    3.0000    0.0374
    0.5269    3.0000    0.0405    0.4727    3.0000    0.0431
    0.4189    3.0000    0.0452    0.3660    3.0000    0.0465
    0.3147    3.0000    0.0470    0.2656    3.0000    0.0466
    0.2192    3.0000    0.0452    0.1761    3.0000    0.0429
    0.1368    3.0000    0.0396    0.1018    3.0000    0.0354
    0.0714    3.0000    0.0303    0.0461    3.0000    0.0245
    0.0261    3.0000    0.0180    0.0116    3.0000    0.0110
    0.0029    3.0000    0.0035    0.0000    3.0000   -0.0043
    1.0000    3.0000    0.0000    0.9971    3.0002    0.0003
    0.9883    3.0006    0.0012    0.9738    3.0014    0.0027
    0.9538    3.0024    0.0047    0.9284    3.0036    0.0072
    0.8980    3.0050    0.0100    0.8629    3.0066    0.0131
    0.8236    3.0083    0.0165    0.7805    3.0101    0.0200
    0.7341    3.0119    0.0235    0.6849    3.0137    0.0270
    0.6336    3.0154    0.0304    0.5807    3.0170    0.0335
    0.5269    3.0185    0.0363    0.4728    3.0197    0.0386
    0.4189    3.0207    0.0404    0.3660    3.0214    0.0416
    0.3147    3.0217    0.0420    0.2656    3.0216    0.0417
    0.2192    3.0211    0.0404    0.1761    3.0202    0.0383
    0.1368    3.0188    0.0353    0.1018    3.0170    0.0315
    0.0714    3.0149    0.0269    0.0461    3.0124    0.0217
    0.0261    3.0097    0.0158    0.0116    3.0066    0.0095
    0.0029    3.0034    0.0028    0.0000    3.0000   -0.0043
    1.0000    3.0000    0.0000    0.9971    3.0003    0.0002
    0.9883    3.0011    0.0008    0.9738    3.0024    0.0018
    0.9538    3.0042    0.0032    0.9284    3.0065    0.0049
    0.8980    3.0091    0.0068    0.8630    3.0119    0.0089
    0.8236    3.0150    0.0112    0.7805    3.0182    0.0135
    0.7341    3.0214    0.0159    0.6850    3.0246    0.0183
    0.6337    3.0277    0.0205    0.5808    3.0306    0.0226
    0.5270    3.0333    0.0245    0.4728    3.0355    0.0260
    0.4190    3.0373    0.0272    0.3661    3.0385    0.0280
    0.3148    3.0391    0.0282    0.2657    3.0389    0.0279
    0.2193    3.0380    0.0269    0.1762    3.0363    0.0254
    0.1369    3.0339    0.0233    0.1019    3.0307    0.0206
    0.0715    3.0269    0.0174    0.0461    3.0224    0.0137
    0.0261    3.0174    0.0097    0.0117    3.0120    0.0052
    0.0029    3.0061    0.0006    0.0000    3.0000   -0.0043
    1.0000    3.0000    0.0000    0.9971    3.0003    0.0001
    0.9883    3.0014    0.0003    0.9738    3.0030    0.0006
    0.9538    3.0053    0.0010    0.9284    3.0081    0.0015
    0.8980    3.0113    0.0021    0.8630    3.0149    0.0028
    0.8237    3.0187    0.0035    0.7806    3.0227    0.0042
    0.7342    3.0267    0.0049    0.6850    3.0307    0.0056
    0.6337    3.0346    0.0063    0.5809    3.0382    0.0069
    0.5270    3.0415    0.0074    0.4729    3.0443    0.0078
    0.4191    3.0465    0.0081    0.3662    3.0480    0.0082
    0.3149    3.0487    0.0081    0.2658    3.0485    0.0079
    0.2194    3.0474    0.0074    0.1763    3.0453    0.0068
    0.1370    3.0423    0.0059    0.1019    3.0383    0.0049
    0.0715    3.0335    0.0036    0.0462    3.0279    0.0022
    0.0262    3.0217    0.0007    0.0117    3.0149   -0.0009
    0.0029    3.0077   -0.0026    0.0000    3.0000   -0.0043
    1.0000    3.0000    0.0000    0.9971    3.0003   -0.0001
    0.9883    3.0014   -0.0004    0.9738    3.0030   -0.0008
    0.9538    3.0053   -0.0014    0.9284    3.0081   -0.0022
    0.8981    3.0113   -0.0030    0.8630    3.0149   -0.0040
    0.8237    3.0187   -0.0050    0.7806    3.0227   -0.0061
    0.7342    3.0267   -0.0072    0.6851    3.0307   -0.0084
    0.6338    3.0346   -0.0095    0.5809    3.0382   -0.0105
    0.5271    3.0415   -0.0115    0.4730    3.0443   -0.0124
    0.4192    3.0465   -0.0131    0.3663    3.0480   -0.0137
    0.3150    3.0487   -0.0141    0.2659    3.0485   -0.0143
    0.2195    3.0474   -0.0142    0.1764    3.0453   -0.0139
    0.1371    3.0423   -0.0134    0.1020    3.0383   -0.0126
    0.0716    3.0335   -0.0117    0.0462    3.0279   -0.0105
    0.0262    3.0217   -0.0092    0.0117    3.0149   -0.0077
    0.0029    3.0077   -0.0061    0.0000    3.0000   -0.0043
    1.0000    3.0000    0.0000    0.9971    3.0003   -0.0002
    0.9883    3.0011   -0.0009    0.9738    3.0024   -0.0021
    0.9538    3.0042   -0.0036    0.9285    3.0065   -0.0055
    0.8981    3.0091   -0.0077    0.8630    3.0119   -0.0101
    0.8237    3.0150   -0.0127    0.7807    3.0182   -0.0154
    0.7343    3.0214   -0.0182    0.6852    3.0246   -0.0210
    0.6339    3.0277   -0.0237    0.5810    3.0306   -0.0263
    0.5272    3.0333   -0.0286    0.4731    3.0355   -0.0306
    0.4192    3.0373   -0.0323    0.3664    3.0385   -0.0334
    0.3151    3.0391   -0.0341    0.2659    3.0389   -0.0342
    0.2195    3.0380   -0.0337    0.1764    3.0363   -0.0326
    0.1371    3.0339   -0.0308    0.1021    3.0307   -0.0284
    0.0717    3.0269   -0.0254    0.0463    3.0224   -0.0220
    0.0262    3.0174   -0.0181    0.0117    3.0120   -0.0138
    0.0030    3.0061   -0.0092    0.0000    3.0000   -0.0043
    1.0000    3.0000    0.0000    0.9971    3.0002   -0.0003
    0.9883    3.0006   -0.0013    0.9738    3.0014   -0.0029
    0.9538    3.0024   -0.0051    0.9285    3.0036   -0.0078
    0.8981    3.0050   -0.0109    0.8631    3.0066   -0.0143
    0.8238    3.0083   -0.0180    0.7807    3.0101   -0.0219
    0.7343    3.0119   -0.0258    0.6852    3.0137   -0.0297
    0.6339    3.0154   -0.0335    0.5810    3.0170   -0.0371
    0.5272    3.0185   -0.0404    0.4731    3.0197   -0.0432
    0.4193    3.0207   -0.0455    0.3664    3.0214   -0.0471
    0.3151    3.0217   -0.0480    0.2660    3.0216   -0.0480
    0.2196    3.0211   -0.0472    0.1765    3.0202   -0.0455
    0.1372    3.0188   -0.0428    0.1021    3.0170   -0.0393
    0.0717    3.0149   -0.0350    0.0463    3.0124   -0.0299
    0.0263    3.0097   -0.0243    0.0118    3.0066   -0.0181
    0.0030    3.0034   -0.0114    0.0000    3.0000   -0.0043
    1.0000    3.0000    0.0000    0.9971    3.0000   -0.0004
    0.9883    3.0000   -0.0015    0.9738    3.0000   -0.0032
    0.9538    3.0000   -0.0056    0.9285    3.0000   -0.0086
    0.8981    3.0000   -0.0120    0.8631    3.0000   -0.0158
    0.8238    3.0000   -0.0199    0.7807    3.0000   -0.0242
    0.7343    3.0000   -0.0285    0.6852    3.0000   -0.0329
    0.6339    3.0000   -0.0371    0.5811    3.0000   -0.0410
    0.5273    3.0000   -0.0446    0.4731    3.0000   -0.0477
    0.4193    3.0000   -0.0502    0.3665    3.0000   -0.0520
    0.3152    3.0000   -0.0529    0.2660    3.0000   -0.0530
    0.2196    3.0000   -0.0520    0.1765    3.0000   -0.0501
    0.1372    3.0000   -0.0471    0.1021    3.0000   -0.0432
    0.0717    3.0000   -0.0384    0.0463    3.0000   -0.0328
    0.0263    3.0000   -0.0265    0.0118    3.0000   -0.0196
    0.0030    3.0000   -0.0122    0.0000    3.0000   -0.0043
$POINTS for network #  3   wingwake                                          
       1.0
      18.0                                     0.0       0.0
       2.0      30.0                                                  wingwake  
    1.0000    0.0000    0.0000   50.0000    0.0000    0.0000
    1.0000    0.1034    0.0000   50.0000    0.1034    0.0000
    1.0000    0.2069    0.0000   50.0000    0.2069    0.0000
    1.0000    0.3103    0.0000   50.0000    0.3103    0.0000
    1.0000    0.4138    0.0000   50.0000    0.4138    0.0000
    1.0000    0.5172    0.0000   50.0000    0.5172    0.0000
    1.0000    0.6207    0.0000   50.0000    0.6207    0.0000
    1.0000    0.7241    0.0000   50.0000    0.7241    0.0000
    1.0000    0.8276    0.0000   50.0000    0.8276    0.0000
    1.0000    0.9310    0.0000   50.0000    0.9310    0.0000
    1.0000    1.0345    0.0000   50.0000    1.0345    0.0000
    1.0000    1.1379    0.0000   50.0000    1.1379    0.0000
    1.0000    1.2414    0.0000   50.0000    1.2414    0.0000
    1.0000    1.3448    0.0000   50.0000    1.3448    0.0000
    1.0000    1.4483    0.0000   50.0000    1.4483    0.0000
    1.0000    1.5517    0.0000   50.0000    1.5517    0.0000
    1.0000    1.6552    0.0000   50.0000    1.6552    0.0000
    1.0000    1.7586    0.0000   50.0000    1.7586    0.0000
    1.0000    1.8621    0.0000   50.0000    1.8621    0.0000
    1.0000    1.9655    0.0000   50.0000    1.9655    0.0000
    1.0000    2.0690    0.0000   50.0000    2.0690    0.0000
    1.0000    2.1724    0.0000   50.0000    2.1724    0.0000
    1.0000    2.2759    0.0000   50.0000    2.2759    0.0000
    1.0000    2.3793    0.0000   50.0000    2.3793    0.0000
    1.0000    2.4828    0.0000   50.0000    2.4828    0.0000
    1.0000    2.5862    0.0000   50.0000    2.5862    0.0000
    1.0000    2.6897    0.0000   50.0000    2.6897    0.0000
    1.0000    2.7931    0.0000   50.0000    2.7931    0.0000
    1.0000    2.8966    0.0000   50.0000    2.8966    0.0000
    1.0000    3.0000    0.0000   50.0000    3.0000    0.0000
$END OF INPUT DATA
