$TITLE    Created by panin, version 1.0 (4Jan2000) on                
INPUT FILE FOR PanAir (A502-ht2)                                                
Created by PANIN                                                                
$DATACHECK
    0.0000
$SYM
    1.0000    0.0000
$MACH NUMBER
    0.5000
$CASES
    1.0000
$ANGLES OF ATTACK
    0.0000
    7.4200
$YAW ANGLES
    0.0000
    0.0000
$REFERENCE DATA FOR 3-D FORCES AND MOMENTS
    0.2500    0.0000    0.0000    1.0000
    6.0000    6.0000    1.0000    6.0000
$PRINTOUT CONTROL
       0.0       0.0       0.0       0.0       0.0       0.0
       0.0       0.0       0.0       0.0       0.0       0.0
$EAT
  0.000000       0.0       0.0       0.0       0.0       0.0
$VELOCITY CORRECTION
    0.0000
$POINTS for network #  1   wing                                              
       1.0
       1.0                                     0.0       0.0
      59.0      30.0                                                  wing      
    1.0000    0.0000    0.0000    0.9971    0.0000    0.0004
    0.9883    0.0000    0.0014    0.9738    0.0000    0.0031
    0.9538    0.0000    0.0054    0.9284    0.0000    0.0083
    0.8980    0.0000    0.0116    0.8630    0.0000    0.0152
    0.8237    0.0000    0.0192    0.7806    0.0000    0.0232
    0.7342    0.0000    0.0274    0.6851    0.0000    0.0315
    0.6338    0.0000    0.0355    0.5809    0.0000    0.0392
    0.5271    0.0000    0.0425    0.4729    0.0000    0.0454
    0.4191    0.0000    0.0477    0.3662    0.0000    0.0492
    0.3149    0.0000    0.0500    0.2658    0.0000    0.0498
    0.2194    0.0000    0.0486    0.1763    0.0000    0.0465
    0.1370    0.0000    0.0434    0.1020    0.0000    0.0393
    0.0716    0.0000    0.0344    0.0462    0.0000    0.0286
    0.0262    0.0000    0.0222    0.0117    0.0000    0.0153
    0.0029    0.0000    0.0079    0.0000    0.0000    0.0000
    0.0029    0.0000   -0.0079    0.0117    0.0000   -0.0153
    0.0262    0.0000   -0.0222    0.0462    0.0000   -0.0286
    0.0716    0.0000   -0.0344    0.1020    0.0000   -0.0393
    0.1370    0.0000   -0.0434    0.1763    0.0000   -0.0465
    0.2194    0.0000   -0.0486    0.2658    0.0000   -0.0498
    0.3149    0.0000   -0.0500    0.3662    0.0000   -0.0492
    0.4191    0.0000   -0.0477    0.4729    0.0000   -0.0454
    0.5271    0.0000   -0.0425    0.5809    0.0000   -0.0392
    0.6338    0.0000   -0.0355    0.6851    0.0000   -0.0315
    0.7342    0.0000   -0.0274    0.7806    0.0000   -0.0232
    0.8237    0.0000   -0.0192    0.8630    0.0000   -0.0152
    0.8980    0.0000   -0.0116    0.9284    0.0000   -0.0083
    0.9538    0.0000   -0.0054    0.9738    0.0000   -0.0031
    0.9883    0.0000   -0.0014    0.9971    0.0000   -0.0004
    1.0000    0.0000    0.0000
    1.0000    0.1034    0.0000    0.9971    0.1034    0.0003
    0.9883    0.1034    0.0013    0.9738    0.1034    0.0029
    0.9538    0.1034    0.0051    0.9284    0.1034    0.0078
    0.8980    0.1034    0.0109    0.8629    0.1034    0.0143
    0.8236    0.1034    0.0180    0.7804    0.1034    0.0218
    0.7340    0.1034    0.0256    0.6849    0.1034    0.0294
    0.6335    0.1034    0.0330    0.5806    0.1034    0.0364
    0.5268    0.1034    0.0394    0.4726    0.1034    0.0419
    0.4188    0.1034    0.0438    0.3659    0.1034    0.0450
    0.3146    0.1034    0.0454    0.2655    0.1034    0.0448
    0.2191    0.1034    0.0434    0.1760    0.1034    0.0410
    0.1367    0.1034    0.0376    0.1017    0.1034    0.0333
    0.0714    0.1034    0.0281    0.0460    0.1034    0.0222
    0.0260    0.1034    0.0157    0.0116    0.1034    0.0086
    0.0029    0.1034    0.0012    0.0000    0.1034   -0.0067
    0.0030    0.1034   -0.0145    0.0118    0.1034   -0.0219
    0.0263    0.1034   -0.0288    0.0464    0.1034   -0.0350
    0.0718    0.1034   -0.0406    0.1022    0.1034   -0.0453
    0.1373    0.1034   -0.0492    0.1766    0.1034   -0.0520
    0.2198    0.1034   -0.0539    0.2661    0.1034   -0.0547
    0.3153    0.1034   -0.0546    0.3666    0.1034   -0.0535
    0.4194    0.1034   -0.0516    0.4732    0.1034   -0.0490
    0.5274    0.1034   -0.0457    0.5812    0.1034   -0.0420
    0.6340    0.1034   -0.0379    0.6853    0.1034   -0.0336
    0.7344    0.1034   -0.0292    0.7808    0.1034   -0.0247
    0.8238    0.1034   -0.0203    0.8631    0.1034   -0.0162
    0.8981    0.1034   -0.0123    0.9285    0.1034   -0.0088
    0.9538    0.1034   -0.0057    0.9738    0.1034   -0.0033
    0.9883    0.1034   -0.0015    0.9971    0.1034   -0.0004
    1.0000    0.1034    0.0000
    1.0000    0.2069    0.0000    0.9971    0.2069    0.0003
    0.9883    0.2069    0.0013    0.9738    0.2069    0.0029
    0.9537    0.2069    0.0050    0.9284    0.2069    0.0077
    0.8980    0.2069    0.0107    0.8629    0.2069    0.0141
    0.8235    0.2069    0.0176    0.7804    0.2069    0.0213
    0.7340    0.2069    0.0251    0.6848    0.2069    0.0288
    0.6335    0.2069    0.0323    0.5806    0.2069    0.0356
    0.5267    0.2069    0.0385    0.4726    0.2069    0.0409
    0.4187    0.2069    0.0427    0.3658    0.2069    0.0438
    0.3145    0.2069    0.0441    0.2654    0.2069    0.0434
    0.2190    0.2069    0.0419    0.1759    0.2069    0.0394
    0.1367    0.2069    0.0359    0.1016    0.2069    0.0316
    0.0713    0.2069    0.0263    0.0460    0.2069    0.0204
    0.0260    0.2069    0.0139    0.0116    0.2069    0.0068
    0.0029    0.2069   -0.0007    0.0000    0.2069   -0.0086
    0.0030    0.2069   -0.0164    0.0119    0.2069   -0.0238
    0.0264    0.2069   -0.0306    0.0465    0.2069   -0.0369
    0.0719    0.2069   -0.0424    0.1023    0.2069   -0.0470
    0.1374    0.2069   -0.0508    0.1767    0.2069   -0.0536
    0.2199    0.2069   -0.0554    0.2663    0.2069   -0.0561
    0.3154    0.2069   -0.0559    0.3667    0.2069   -0.0547
    0.4195    0.2069   -0.0527    0.4733    0.2069   -0.0500
    0.5275    0.2069   -0.0466    0.5812    0.2069   -0.0428
    0.6341    0.2069   -0.0386    0.6854    0.2069   -0.0342
    0.7345    0.2069   -0.0297    0.7808    0.2069   -0.0251
    0.8239    0.2069   -0.0207    0.8631    0.2069   -0.0164
    0.8982    0.2069   -0.0125    0.9285    0.2069   -0.0089
    0.9538    0.2069   -0.0058    0.9739    0.2069   -0.0033
    0.9883    0.2069   -0.0015    0.9971    0.2069   -0.0004
    1.0000    0.2069    0.0000
    1.0000    0.3103    0.0000    0.9971    0.3103    0.0003
    0.9883    0.3103    0.0013    0.9738    0.3103    0.0029
    0.9537    0.3103    0.0050    0.9284    0.3103    0.0076
    0.8979    0.3103    0.0106    0.8629    0.3103    0.0139
    0.8235    0.3103    0.0174    0.7804    0.3103    0.0211
    0.7339    0.3103    0.0248    0.6848    0.3103    0.0284
    0.6334    0.3103    0.0319    0.5805    0.3103    0.0351
    0.5267    0.3103    0.0379    0.4725    0.3103    0.0403
    0.4187    0.3103    0.0420    0.3658    0.3103    0.0430
    0.3145    0.3103    0.0433    0.2653    0.3103    0.0426
    0.2190    0.3103    0.0410    0.1759    0.3103    0.0384
    0.1366    0.3103    0.0349    0.1016    0.3103    0.0305
    0.0713    0.3103    0.0253    0.0460    0.3103    0.0193
    0.0260    0.3103    0.0127    0.0116    0.3103    0.0056
    0.0029    0.3103   -0.0019    0.0000    0.3103   -0.0098
    0.0031    0.3103   -0.0176    0.0119    0.3103   -0.0250
    0.0264    0.3103   -0.0318    0.0465    0.3103   -0.0380
    0.0720    0.3103   -0.0434    0.1024    0.3103   -0.0481
    0.1375    0.3103   -0.0518    0.1768    0.3103   -0.0545
    0.2199    0.3103   -0.0563    0.2663    0.3103   -0.0570
    0.3155    0.3103   -0.0567    0.3667    0.3103   -0.0554
    0.4196    0.3103   -0.0534    0.4734    0.3103   -0.0506
    0.5275    0.3103   -0.0472    0.5813    0.3103   -0.0433
    0.6341    0.3103   -0.0390    0.6854    0.3103   -0.0346
    0.7345    0.3103   -0.0300    0.7808    0.3103   -0.0254
    0.8239    0.3103   -0.0209    0.8632    0.3103   -0.0166
    0.8982    0.3103   -0.0126    0.9285    0.3103   -0.0090
    0.9538    0.3103   -0.0059    0.9739    0.3103   -0.0034
    0.9883    0.3103   -0.0015    0.9971    0.3103   -0.0004
    1.0000    0.3103    0.0000
    1.0000    0.4138    0.0000    0.9971    0.4138    0.0003
    0.9883    0.4138    0.0013    0.9738    0.4138    0.0028
    0.9537    0.4138    0.0049    0.9283    0.4138    0.0075
    0.8979    0.4138    0.0105    0.8628    0.4138    0.0138
    0.8235    0.4138    0.0173    0.7804    0.4138    0.0209
    0.7339    0.4138    0.0246    0.6848    0.4138    0.0282
    0.6334    0.4138    0.0316    0.5805    0.4138    0.0348
    0.5266    0.4138    0.0375    0.4725    0.4138    0.0398
    0.4186    0.4138    0.0415    0.3658    0.4138    0.0425
    0.3144    0.4138    0.0427    0.2653    0.4138    0.0420
    0.2189    0.4138    0.0404    0.1759    0.4138    0.0378
    0.1366    0.4138    0.0342    0.1016    0.4138    0.0298
    0.0713    0.4138    0.0245    0.0460    0.4138    0.0186
    0.0260    0.4138    0.0120    0.0116    0.4138    0.0048
    0.0029    0.4138   -0.0027    0.0001    0.4138   -0.0106
    0.0031    0.4138   -0.0184    0.0119    0.4138   -0.0257
    0.0265    0.4138   -0.0325    0.0466    0.4138   -0.0387
    0.0720    0.4138   -0.0442    0.1024    0.4138   -0.0488
    0.1375    0.4138   -0.0525    0.1768    0.4138   -0.0552
    0.2200    0.4138   -0.0569    0.2664    0.4138   -0.0575
    0.3155    0.4138   -0.0572    0.3668    0.4138   -0.0559
    0.4196    0.4138   -0.0538    0.4734    0.4138   -0.0510
    0.5275    0.4138   -0.0475    0.5813    0.4138   -0.0436
    0.6342    0.4138   -0.0393    0.6854    0.4138   -0.0348
    0.7345    0.4138   -0.0302    0.7809    0.4138   -0.0256
    0.8239    0.4138   -0.0210    0.8632    0.4138   -0.0167
    0.8982    0.4138   -0.0127    0.9285    0.4138   -0.0090
    0.9538    0.4138   -0.0059    0.9739    0.4138   -0.0034
    0.9883    0.4138   -0.0015    0.9971    0.4138   -0.0004
    1.0000    0.4138    0.0000
    1.0000    0.5172    0.0000    0.9971    0.5172    0.0003
    0.9883    0.5172    0.0013    0.9738    0.5172    0.0028
    0.9537    0.5172    0.0049    0.9283    0.5172    0.0075
    0.8979    0.5172    0.0104    0.8628    0.5172    0.0137
    0.8235    0.5172    0.0172    0.7803    0.5172    0.0208
    0.7339    0.5172    0.0244    0.6847    0.5172    0.0280
    0.6334    0.5172    0.0314    0.5805    0.5172    0.0345
    0.5266    0.5172    0.0373    0.4725    0.5172    0.0395
    0.4186    0.5172    0.0412    0.3657    0.5172    0.0422
    0.3144    0.5172    0.0423    0.2653    0.5172    0.0416
    0.2189    0.5172    0.0399    0.1758    0.5172    0.0373
    0.1366    0.5172    0.0338    0.1016    0.5172    0.0293
    0.0712    0.5172    0.0240    0.0460    0.5172    0.0180
    0.0260    0.5172    0.0114    0.0116    0.5172    0.0043
    0.0029    0.5172   -0.0032    0.0001    0.5172   -0.0111
    0.0031    0.5172   -0.0189    0.0119    0.5172   -0.0263
    0.0265    0.5172   -0.0331    0.0466    0.5172   -0.0393
    0.0720    0.5172   -0.0447    0.1024    0.5172   -0.0493
    0.1375    0.5172   -0.0530    0.1769    0.5172   -0.0557
    0.2200    0.5172   -0.0573    0.2664    0.5172   -0.0579
    0.3155    0.5172   -0.0576    0.3668    0.5172   -0.0563
    0.4197    0.5172   -0.0542    0.4735    0.5172   -0.0513
    0.5276    0.5172   -0.0478    0.5814    0.5172   -0.0439
    0.6342    0.5172   -0.0395    0.6854    0.5172   -0.0350
    0.7345    0.5172   -0.0303    0.7809    0.5172   -0.0257
    0.8239    0.5172   -0.0211    0.8632    0.5172   -0.0168
    0.8982    0.5172   -0.0127    0.9285    0.5172   -0.0091
    0.9539    0.5172   -0.0059    0.9739    0.5172   -0.0034
    0.9883    0.5172   -0.0015    0.9971    0.5172   -0.0004
    1.0000    0.5172    0.0000
    1.0000    0.6207    0.0000    0.9971    0.6207    0.0003
    0.9883    0.6207    0.0013    0.9738    0.6207    0.0028
    0.9537    0.6207    0.0049    0.9283    0.6207    0.0075
    0.8979    0.6207    0.0104    0.8628    0.6207    0.0137
    0.8235    0.6207    0.0171    0.7803    0.6207    0.0207
    0.7339    0.6207    0.0243    0.6847    0.6207    0.0279
    0.6334    0.6207    0.0312    0.5805    0.6207    0.0343
    0.5266    0.6207    0.0371    0.4724    0.6207    0.0393
    0.4186    0.6207    0.0410    0.3657    0.6207    0.0419
    0.3144    0.6207    0.0420    0.2653    0.6207    0.0413
    0.2189    0.6207    0.0396    0.1758    0.6207    0.0370
    0.1366    0.6207    0.0334    0.1016    0.6207    0.0289
    0.0712    0.6207    0.0236    0.0459    0.6207    0.0176
    0.0260    0.6207    0.0110    0.0116    0.6207    0.0039
    0.0029    0.6207   -0.0037    0.0001    0.6207   -0.0116
    0.0031    0.6207   -0.0194    0.0119    0.6207   -0.0267
    0.0265    0.6207   -0.0335    0.0466    0.6207   -0.0397
    0.0720    0.6207   -0.0451    0.1025    0.6207   -0.0497
    0.1376    0.6207   -0.0533    0.1769    0.6207   -0.0560
    0.2200    0.6207   -0.0576    0.2664    0.6207   -0.0583
    0.3156    0.6207   -0.0579    0.3668    0.6207   -0.0566
    0.4197    0.6207   -0.0544    0.4735    0.6207   -0.0515
    0.5276    0.6207   -0.0480    0.5814    0.6207   -0.0440
    0.6342    0.6207   -0.0397    0.6855    0.6207   -0.0351
    0.7345    0.6207   -0.0305    0.7809    0.6207   -0.0258
    0.8239    0.6207   -0.0212    0.8632    0.6207   -0.0168
    0.8982    0.6207   -0.0128    0.9285    0.6207   -0.0091
    0.9539    0.6207   -0.0060    0.9739    0.6207   -0.0034
    0.9883    0.6207   -0.0015    0.9971    0.6207   -0.0004
    1.0000    0.6207    0.0000
    1.0000    0.7241    0.0000    0.9971    0.7241    0.0003
    0.9883    0.7241    0.0013    0.9738    0.7241    0.0028
    0.9537    0.7241    0.0049    0.9283    0.7241    0.0074
    0.8979    0.7241    0.0104    0.8628    0.7241    0.0136
    0.8235    0.7241    0.0171    0.7803    0.7241    0.0206
    0.7339    0.7241    0.0242    0.6847    0.7241    0.0278
    0.6334    0.7241    0.0311    0.5805    0.7241    0.0342
    0.5266    0.7241    0.0369    0.4724    0.7241    0.0392
    0.4186    0.7241    0.0408    0.3657    0.7241    0.0417
    0.3144    0.7241    0.0418    0.2653    0.7241    0.0411
    0.2189    0.7241    0.0394    0.1758    0.7241    0.0367
    0.1365    0.7241    0.0331    0.1016    0.7241    0.0286
    0.0712    0.7241    0.0233    0.0459    0.7241    0.0173
    0.0260    0.7241    0.0107    0.0116    0.7241    0.0036
    0.0029    0.7241   -0.0040    0.0001    0.7241   -0.0119
    0.0031    0.7241   -0.0197    0.0119    0.7241   -0.0270
    0.0265    0.7241   -0.0338    0.0466    0.7241   -0.0400
    0.0720    0.7241   -0.0454    0.1025    0.7241   -0.0500
    0.1376    0.7241   -0.0536    0.1769    0.7241   -0.0563
    0.2200    0.7241   -0.0579    0.2664    0.7241   -0.0585
    0.3156    0.7241   -0.0581    0.3669    0.7241   -0.0568
    0.4197    0.7241   -0.0546    0.4735    0.7241   -0.0517
    0.5276    0.7241   -0.0482    0.5814    0.7241   -0.0442
    0.6342    0.7241   -0.0398    0.6855    0.7241   -0.0352
    0.7345    0.7241   -0.0305    0.7809    0.7241   -0.0258
    0.8239    0.7241   -0.0213    0.8632    0.7241   -0.0169
    0.8982    0.7241   -0.0128    0.9285    0.7241   -0.0091
    0.9539    0.7241   -0.0060    0.9739    0.7241   -0.0034
    0.9883    0.7241   -0.0015    0.9971    0.7241   -0.0004
    1.0000    0.7241    0.0000
    1.0000    0.8276    0.0000    0.9971    0.8276    0.0003
    0.9883    0.8276    0.0013    0.9738    0.8276    0.0028
    0.9537    0.8276    0.0049    0.9283    0.8276    0.0074
    0.8979    0.8276    0.0103    0.8628    0.8276    0.0136
    0.8235    0.8276    0.0170    0.7803    0.8276    0.0206
    0.7339    0.8276    0.0242    0.6847    0.8276    0.0277
    0.6334    0.8276    0.0310    0.5804    0.8276    0.0341
    0.5266    0.8276    0.0368    0.4724    0.8276    0.0390
    0.4186    0.8276    0.0406    0.3657    0.8276    0.0415
    0.3144    0.8276    0.0417    0.2652    0.8276    0.0409
    0.2189    0.8276    0.0392    0.1758    0.8276    0.0365
    0.1365    0.8276    0.0329    0.1015    0.8276    0.0284
    0.0712    0.8276    0.0231    0.0459    0.8276    0.0171
    0.0260    0.8276    0.0104    0.0116    0.8276    0.0033
    0.0029    0.8276   -0.0042    0.0001    0.8276   -0.0121
    0.0031    0.8276   -0.0199    0.0119    0.8276   -0.0273
    0.0265    0.8276   -0.0341    0.0466    0.8276   -0.0402
    0.0721    0.8276   -0.0456    0.1025    0.8276   -0.0502
    0.1376    0.8276   -0.0538    0.1769    0.8276   -0.0565
    0.2201    0.8276   -0.0581    0.2665    0.8276   -0.0587
    0.3156    0.8276   -0.0583    0.3669    0.8276   -0.0569
    0.4197    0.8276   -0.0547    0.4735    0.8276   -0.0518
    0.5276    0.8276   -0.0483    0.5814    0.8276   -0.0443
    0.6342    0.8276   -0.0399    0.6855    0.8276   -0.0353
    0.7346    0.8276   -0.0306    0.7809    0.8276   -0.0259
    0.8239    0.8276   -0.0213    0.8632    0.8276   -0.0169
    0.8982    0.8276   -0.0128    0.9285    0.8276   -0.0092
    0.9539    0.8276   -0.0060    0.9739    0.8276   -0.0034
    0.9883    0.8276   -0.0015    0.9971    0.8276   -0.0004
    1.0000    0.8276    0.0000
    1.0000    0.9310    0.0000    0.9971    0.9310    0.0003
    0.9883    0.9310    0.0013    0.9738    0.9310    0.0028
    0.9537    0.9310    0.0049    0.9283    0.9310    0.0074
    0.8979    0.9310    0.0103    0.8628    0.9310    0.0136
    0.8235    0.9310    0.0170    0.7803    0.9310    0.0205
    0.7339    0.9310    0.0241    0.6847    0.9310    0.0276
    0.6334    0.9310    0.0310    0.5804    0.9310    0.0340
    0.5266    0.9310    0.0367    0.4724    0.9310    0.0389
    0.4186    0.9310    0.0405    0.3657    0.9310    0.0414
    0.3144    0.9310    0.0415    0.2652    0.9310    0.0407
    0.2189    0.9310    0.0390    0.1758    0.9310    0.0363
    0.1365    0.9310    0.0327    0.1015    0.9310    0.0282
    0.0712    0.9310    0.0229    0.0459    0.9310    0.0169
    0.0260    0.9310    0.0102    0.0116    0.9310    0.0031
    0.0029    0.9310   -0.0044    0.0001    0.9310   -0.0123
    0.0031    0.9310   -0.0201    0.0120    0.9310   -0.0275
    0.0265    0.9310   -0.0343    0.0466    0.9310   -0.0404
    0.0721    0.9310   -0.0458    0.1025    0.9310   -0.0504
    0.1376    0.9310   -0.0540    0.1769    0.9310   -0.0566
    0.2201    0.9310   -0.0582    0.2665    0.9310   -0.0588
    0.3156    0.9310   -0.0584    0.3669    0.9310   -0.0570
    0.4197    0.9310   -0.0548    0.4735    0.9310   -0.0519
    0.5276    0.9310   -0.0484    0.5814    0.9310   -0.0444
    0.6342    0.9310   -0.0400    0.6855    0.9310   -0.0354
    0.7346    0.9310   -0.0307    0.7809    0.9310   -0.0259
    0.8239    0.9310   -0.0213    0.8632    0.9310   -0.0169
    0.8982    0.9310   -0.0128    0.9285    0.9310   -0.0092
    0.9539    0.9310   -0.0060    0.9739    0.9310   -0.0034
    0.9883    0.9310   -0.0015    0.9971    0.9310   -0.0004
    1.0000    0.9310    0.0000
    1.0000    1.0345    0.0000    0.9971    1.0345    0.0003
    0.9883    1.0345    0.0013    0.9738    1.0345    0.0028
    0.9537    1.0345    0.0049    0.9283    1.0345    0.0074
    0.8979    1.0345    0.0103    0.8628    1.0345    0.0135
    0.8235    1.0345    0.0170    0.7803    1.0345    0.0205
    0.7339    1.0345    0.0241    0.6847    1.0345    0.0276
    0.6333    1.0345    0.0309    0.5804    1.0345    0.0340
    0.5266    1.0345    0.0366    0.4724    1.0345    0.0388
    0.4186    1.0345    0.0404    0.3657    1.0345    0.0413
    0.3144    1.0345    0.0414    0.2652    1.0345    0.0406
    0.2189    1.0345    0.0389    0.1758    1.0345    0.0362
    0.1365    1.0345    0.0326    0.1015    1.0345    0.0281
    0.0712    1.0345    0.0228    0.0459    1.0345    0.0167
    0.0260    1.0345    0.0101    0.0116    1.0345    0.0029
    0.0029    1.0345   -0.0046    0.0001    1.0345   -0.0125
    0.0031    1.0345   -0.0203    0.0120    1.0345   -0.0276
    0.0265    1.0345   -0.0344    0.0466    1.0345   -0.0405
    0.0721    1.0345   -0.0459    0.1025    1.0345   -0.0505
    0.1376    1.0345   -0.0541    0.1770    1.0345   -0.0568
    0.2201    1.0345   -0.0584    0.2665    1.0345   -0.0589
    0.3156    1.0345   -0.0585    0.3669    1.0345   -0.0571
    0.4197    1.0345   -0.0549    0.4735    1.0345   -0.0520
    0.5276    1.0345   -0.0485    0.5814    1.0345   -0.0444
    0.6342    1.0345   -0.0400    0.6855    1.0345   -0.0354
    0.7346    1.0345   -0.0307    0.7809    1.0345   -0.0260
    0.8239    1.0345   -0.0214    0.8632    1.0345   -0.0169
    0.8982    1.0345   -0.0129    0.9285    1.0345   -0.0092
    0.9539    1.0345   -0.0060    0.9739    1.0345   -0.0034
    0.9883    1.0345   -0.0016    0.9971    1.0345   -0.0004
    1.0000    1.0345    0.0000
    1.0000    1.1379    0.0000    0.9971    1.1379    0.0003
    0.9883    1.1379    0.0013    0.9738    1.1379    0.0028
    0.9537    1.1379    0.0049    0.9283    1.1379    0.0074
    0.8979    1.1379    0.0103    0.8628    1.1379    0.0135
    0.8235    1.1379    0.0169    0.7803    1.1379    0.0205
    0.7339    1.1379    0.0240    0.6847    1.1379    0.0275
    0.6333    1.1379    0.0308    0.5804    1.1379    0.0339
    0.5266    1.1379    0.0366    0.4724    1.1379    0.0388
    0.4186    1.1379    0.0403    0.3657    1.1379    0.0412
    0.3144    1.1379    0.0413    0.2652    1.1379    0.0405
    0.2189    1.1379    0.0388    0.1758    1.1379    0.0361
    0.1365    1.1379    0.0325    0.1015    1.1379    0.0280
    0.0712    1.1379    0.0226    0.0459    1.1379    0.0166
    0.0260    1.1379    0.0100    0.0116    1.1379    0.0028
    0.0029    1.1379   -0.0047    0.0001    1.1379   -0.0126
    0.0031    1.1379   -0.0204    0.0120    1.1379   -0.0278
    0.0265    1.1379   -0.0345    0.0467    1.1379   -0.0407
    0.0721    1.1379   -0.0461    0.1025    1.1379   -0.0506
    0.1376    1.1379   -0.0543    0.1770    1.1379   -0.0569
    0.2201    1.1379   -0.0585    0.2665    1.1379   -0.0590
    0.3156    1.1379   -0.0586    0.3669    1.1379   -0.0572
    0.4198    1.1379   -0.0550    0.4735    1.1379   -0.0521
    0.5276    1.1379   -0.0485    0.5814    1.1379   -0.0445
    0.6342    1.1379   -0.0401    0.6855    1.1379   -0.0355
    0.7346    1.1379   -0.0307    0.7809    1.1379   -0.0260
    0.8239    1.1379   -0.0214    0.8632    1.1379   -0.0170
    0.8982    1.1379   -0.0129    0.9285    1.1379   -0.0092
    0.9539    1.1379   -0.0060    0.9739    1.1379   -0.0034
    0.9883    1.1379   -0.0016    0.9971    1.1379   -0.0004
    1.0000    1.1379    0.0000
    1.0000    1.2414    0.0000    0.9971    1.2414    0.0003
    0.9883    1.2414    0.0013    0.9738    1.2414    0.0028
    0.9537    1.2414    0.0048    0.9283    1.2414    0.0074
    0.8979    1.2414    0.0103    0.8628    1.2414    0.0135
    0.8235    1.2414    0.0169    0.7803    1.2414    0.0204
    0.7339    1.2414    0.0240    0.6847    1.2414    0.0275
    0.6333    1.2414    0.0308    0.5804    1.2414    0.0338
    0.5266    1.2414    0.0365    0.4724    1.2414    0.0387
    0.4185    1.2414    0.0403    0.3657    1.2414    0.0412
    0.3143    1.2414    0.0412    0.2652    1.2414    0.0404
    0.2188    1.2414    0.0387    0.1758    1.2414    0.0360
    0.1365    1.2414    0.0324    0.1015    1.2414    0.0278
    0.0712    1.2414    0.0225    0.0459    1.2414    0.0165
    0.0260    1.2414    0.0098    0.0116    1.2414    0.0027
    0.0029    1.2414   -0.0049    0.0001    1.2414   -0.0128
    0.0031    1.2414   -0.0206    0.0120    1.2414   -0.0279
    0.0265    1.2414   -0.0347    0.0467    1.2414   -0.0408
    0.0721    1.2414   -0.0462    0.1025    1.2414   -0.0507
    0.1376    1.2414   -0.0544    0.1770    1.2414   -0.0570
    0.2201    1.2414   -0.0586    0.2665    1.2414   -0.0591
    0.3156    1.2414   -0.0587    0.3669    1.2414   -0.0573
    0.4198    1.2414   -0.0551    0.4736    1.2414   -0.0521
    0.5277    1.2414   -0.0486    0.5814    1.2414   -0.0445
    0.6342    1.2414   -0.0401    0.6855    1.2414   -0.0355
    0.7346    1.2414   -0.0308    0.7809    1.2414   -0.0260
    0.8240    1.2414   -0.0214    0.8632    1.2414   -0.0170
    0.8982    1.2414   -0.0129    0.9285    1.2414   -0.0092
    0.9539    1.2414   -0.0060    0.9739    1.2414   -0.0035
    0.9883    1.2414   -0.0016    0.9971    1.2414   -0.0004
    1.0000    1.2414    0.0000
    1.0000    1.3448    0.0000    0.9971    1.3448    0.0003
    0.9883    1.3448    0.0013    0.9738    1.3448    0.0028
    0.9537    1.3448    0.0048    0.9283    1.3448    0.0074
    0.8979    1.3448    0.0103    0.8628    1.3448    0.0135
    0.8235    1.3448    0.0169    0.7803    1.3448    0.0204
    0.7339    1.3448    0.0240    0.6847    1.3448    0.0274
    0.6333    1.3448    0.0308    0.5804    1.3448    0.0338
    0.5266    1.3448    0.0365    0.4724    1.3448    0.0386
    0.4185    1.3448    0.0402    0.3657    1.3448    0.0411
    0.3143    1.3448    0.0411    0.2652    1.3448    0.0403
    0.2188    1.3448    0.0386    0.1758    1.3448    0.0359
    0.1365    1.3448    0.0323    0.1015    1.3448    0.0277
    0.0712    1.3448    0.0224    0.0459    1.3448    0.0164
    0.0260    1.3448    0.0097    0.0116    1.3448    0.0026
    0.0029    1.3448   -0.0050    0.0001    1.3448   -0.0129
    0.0031    1.3448   -0.0207    0.0120    1.3448   -0.0280
    0.0265    1.3448   -0.0348    0.0467    1.3448   -0.0409
    0.0721    1.3448   -0.0463    0.1025    1.3448   -0.0508
    0.1376    1.3448   -0.0545    0.1770    1.3448   -0.0571
    0.2201    1.3448   -0.0587    0.2665    1.3448   -0.0592
    0.3156    1.3448   -0.0588    0.3669    1.3448   -0.0574
    0.4198    1.3448   -0.0552    0.4736    1.3448   -0.0522
    0.5277    1.3448   -0.0486    0.5814    1.3448   -0.0446
    0.6343    1.3448   -0.0402    0.6855    1.3448   -0.0355
    0.7346    1.3448   -0.0308    0.7809    1.3448   -0.0261
    0.8240    1.3448   -0.0214    0.8632    1.3448   -0.0170
    0.8982    1.3448   -0.0129    0.9285    1.3448   -0.0092
    0.9539    1.3448   -0.0060    0.9739    1.3448   -0.0035
    0.9883    1.3448   -0.0016    0.9971    1.3448   -0.0004
    1.0000    1.3448    0.0000
    1.0000    1.4483    0.0000    0.9971    1.4483    0.0003
    0.9883    1.4483    0.0013    0.9738    1.4483    0.0028
    0.9537    1.4483    0.0048    0.9283    1.4483    0.0074
    0.8979    1.4483    0.0103    0.8628    1.4483    0.0135
    0.8235    1.4483    0.0169    0.7803    1.4483    0.0204
    0.7339    1.4483    0.0239    0.6847    1.4483    0.0274
    0.6333    1.4483    0.0307    0.5804    1.4483    0.0337
    0.5266    1.4483    0.0364    0.4724    1.4483    0.0386
    0.4185    1.4483    0.0401    0.3656    1.4483    0.0410
    0.3143    1.4483    0.0411    0.2652    1.4483    0.0402
    0.2188    1.4483    0.0385    0.1758    1.4483    0.0358
    0.1365    1.4483    0.0322    0.1015    1.4483    0.0276
    0.0712    1.4483    0.0223    0.0459    1.4483    0.0163
    0.0260    1.4483    0.0096    0.0116    1.4483    0.0025
    0.0029    1.4483   -0.0051    0.0001    1.4483   -0.0130
    0.0031    1.4483   -0.0208    0.0120    1.4483   -0.0281
    0.0265    1.4483   -0.0349    0.0467    1.4483   -0.0410
    0.0721    1.4483   -0.0464    0.1025    1.4483   -0.0510
    0.1376    1.4483   -0.0546    0.1770    1.4483   -0.0572
    0.2201    1.4483   -0.0588    0.2665    1.4483   -0.0593
    0.3156    1.4483   -0.0589    0.3669    1.4483   -0.0575
    0.4198    1.4483   -0.0552    0.4736    1.4483   -0.0523
    0.5277    1.4483   -0.0487    0.5814    1.4483   -0.0446
    0.6343    1.4483   -0.0402    0.6855    1.4483   -0.0356
    0.7346    1.4483   -0.0308    0.7809    1.4483   -0.0261
    0.8240    1.4483   -0.0214    0.8632    1.4483   -0.0170
    0.8982    1.4483   -0.0129    0.9285    1.4483   -0.0092
    0.9539    1.4483   -0.0060    0.9739    1.4483   -0.0035
    0.9883    1.4483   -0.0016    0.9971    1.4483   -0.0004
    1.0000    1.4483    0.0000
    1.0000    1.5517    0.0000    0.9971    1.5517    0.0003
    0.9883    1.5517    0.0013    0.9738    1.5517    0.0028
    0.9537    1.5517    0.0048    0.9283    1.5517    0.0073
    0.8979    1.5517    0.0102    0.8628    1.5517    0.0134
    0.8235    1.5517    0.0168    0.7803    1.5517    0.0204
    0.7339    1.5517    0.0239    0.6847    1.5517    0.0274
    0.6333    1.5517    0.0307    0.5804    1.5517    0.0337
    0.5266    1.5517    0.0363    0.4724    1.5517    0.0385
    0.4185    1.5517    0.0401    0.3656    1.5517    0.0409
    0.3143    1.5517    0.0410    0.2652    1.5517    0.0402
    0.2188    1.5517    0.0384    0.1758    1.5517    0.0357
    0.1365    1.5517    0.0321    0.1015    1.5517    0.0275
    0.0712    1.5517    0.0222    0.0459    1.5517    0.0161
    0.0260    1.5517    0.0095    0.0116    1.5517    0.0023
    0.0029    1.5517   -0.0052    0.0001    1.5517   -0.0131
    0.0031    1.5517   -0.0209    0.0120    1.5517   -0.0282
    0.0265    1.5517   -0.0350    0.0467    1.5517   -0.0411
    0.0721    1.5517   -0.0465    0.1025    1.5517   -0.0511
    0.1376    1.5517   -0.0547    0.1770    1.5517   -0.0573
    0.2201    1.5517   -0.0589    0.2665    1.5517   -0.0594
    0.3156    1.5517   -0.0589    0.3669    1.5517   -0.0575
    0.4198    1.5517   -0.0553    0.4736    1.5517   -0.0523
    0.5277    1.5517   -0.0487    0.5814    1.5517   -0.0447
    0.6343    1.5517   -0.0403    0.6855    1.5517   -0.0356
    0.7346    1.5517   -0.0309    0.7809    1.5517   -0.0261
    0.8240    1.5517   -0.0215    0.8632    1.5517   -0.0170
    0.8982    1.5517   -0.0129    0.9285    1.5517   -0.0092
    0.9539    1.5517   -0.0060    0.9739    1.5517   -0.0035
    0.9883    1.5517   -0.0016    0.9971    1.5517   -0.0004
    1.0000    1.5517    0.0000
    1.0000    1.6552    0.0000    0.9971    1.6552    0.0003
    0.9883    1.6552    0.0013    0.9738    1.6552    0.0028
    0.9537    1.6552    0.0048    0.9283    1.6552    0.0073
    0.8979    1.6552    0.0102    0.8628    1.6552    0.0134
    0.8235    1.6552    0.0168    0.7803    1.6552    0.0203
    0.7339    1.6552    0.0239    0.6847    1.6552    0.0273
    0.6333    1.6552    0.0306    0.5804    1.6552    0.0336
    0.5265    1.6552    0.0363    0.4724    1.6552    0.0384
    0.4185    1.6552    0.0400    0.3656    1.6552    0.0408
    0.3143    1.6552    0.0409    0.2652    1.6552    0.0401
    0.2188    1.6552    0.0383    0.1758    1.6552    0.0356
    0.1365    1.6552    0.0319    0.1015    1.6552    0.0274
    0.0712    1.6552    0.0221    0.0459    1.6552    0.0160
    0.0260    1.6552    0.0094    0.0116    1.6552    0.0022
    0.0029    1.6552   -0.0053    0.0001    1.6552   -0.0132
    0.0031    1.6552   -0.0210    0.0120    1.6552   -0.0284
    0.0266    1.6552   -0.0351    0.0467    1.6552   -0.0413
    0.0721    1.6552   -0.0466    0.1026    1.6552   -0.0512
    0.1377    1.6552   -0.0548    0.1770    1.6552   -0.0574
    0.2201    1.6552   -0.0590    0.2665    1.6552   -0.0595
    0.3157    1.6552   -0.0590    0.3669    1.6552   -0.0576
    0.4198    1.6552   -0.0554    0.4736    1.6552   -0.0524
    0.5277    1.6552   -0.0488    0.5814    1.6552   -0.0447
    0.6343    1.6552   -0.0403    0.6855    1.6552   -0.0357
    0.7346    1.6552   -0.0309    0.7809    1.6552   -0.0261
    0.8240    1.6552   -0.0215    0.8632    1.6552   -0.0171
    0.8982    1.6552   -0.0129    0.9285    1.6552   -0.0092
    0.9539    1.6552   -0.0060    0.9739    1.6552   -0.0035
    0.9883    1.6552   -0.0016    0.9971    1.6552   -0.0004
    1.0000    1.6552    0.0000
    1.0000    1.7586    0.0000    0.9971    1.7586    0.0003
    0.9883    1.7586    0.0012    0.9738    1.7586    0.0028
    0.9537    1.7586    0.0048    0.9283    1.7586    0.0073
    0.8979    1.7586    0.0102    0.8628    1.7586    0.0134
    0.8235    1.7586    0.0168    0.7803    1.7586    0.0203
    0.7339    1.7586    0.0238    0.6847    1.7586    0.0273
    0.6333    1.7586    0.0306    0.5804    1.7586    0.0336
    0.5265    1.7586    0.0362    0.4724    1.7586    0.0384
    0.4185    1.7586    0.0399    0.3656    1.7586    0.0408
    0.3143    1.7586    0.0408    0.2652    1.7586    0.0400
    0.2188    1.7586    0.0382    0.1758    1.7586    0.0355
    0.1365    1.7586    0.0318    0.1015    1.7586    0.0273
    0.0712    1.7586    0.0219    0.0459    1.7586    0.0159
    0.0260    1.7586    0.0092    0.0116    1.7586    0.0021
    0.0029    1.7586   -0.0055    0.0001    1.7586   -0.0134
    0.0031    1.7586   -0.0212    0.0120    1.7586   -0.0285
    0.0266    1.7586   -0.0353    0.0467    1.7586   -0.0414
    0.0721    1.7586   -0.0468    0.1026    1.7586   -0.0513
    0.1377    1.7586   -0.0549    0.1770    1.7586   -0.0575
    0.2201    1.7586   -0.0591    0.2665    1.7586   -0.0596
    0.3157    1.7586   -0.0591    0.3670    1.7586   -0.0577
    0.4198    1.7586   -0.0555    0.4736    1.7586   -0.0525
    0.5277    1.7586   -0.0489    0.5815    1.7586   -0.0448
    0.6343    1.7586   -0.0404    0.6855    1.7586   -0.0357
    0.7346    1.7586   -0.0309    0.7809    1.7586   -0.0262
    0.8240    1.7586   -0.0215    0.8632    1.7586   -0.0171
    0.8982    1.7586   -0.0129    0.9285    1.7586   -0.0092
    0.9539    1.7586   -0.0061    0.9739    1.7586   -0.0035
    0.9883    1.7586   -0.0016    0.9971    1.7586   -0.0004
    1.0000    1.7586    0.0000
    1.0000    1.8621    0.0000    0.9971    1.8621    0.0003
    0.9883    1.8621    0.0012    0.9738    1.8621    0.0028
    0.9537    1.8621    0.0048    0.9283    1.8621    0.0073
    0.8979    1.8621    0.0102    0.8628    1.8621    0.0134
    0.8235    1.8621    0.0168    0.7803    1.8621    0.0203
    0.7339    1.8621    0.0238    0.6847    1.8621    0.0272
    0.6333    1.8621    0.0305    0.5804    1.8621    0.0335
    0.5265    1.8621    0.0361    0.4724    1.8621    0.0383
    0.4185    1.8621    0.0398    0.3656    1.8621    0.0407
    0.3143    1.8621    0.0407    0.2652    1.8621    0.0398
    0.2188    1.8621    0.0381    0.1758    1.8621    0.0353
    0.1365    1.8621    0.0317    0.1015    1.8621    0.0271
    0.0712    1.8621    0.0218    0.0459    1.8621    0.0157
    0.0260    1.8621    0.0091    0.0116    1.8621    0.0019
    0.0029    1.8621   -0.0056    0.0001    1.8621   -0.0135
    0.0031    1.8621   -0.0213    0.0120    1.8621   -0.0287
    0.0266    1.8621   -0.0354    0.0467    1.8621   -0.0415
    0.0721    1.8621   -0.0469    0.1026    1.8621   -0.0514
    0.1377    1.8621   -0.0550    0.1770    1.8621   -0.0576
    0.2201    1.8621   -0.0592    0.2665    1.8621   -0.0597
    0.3157    1.8621   -0.0592    0.3670    1.8621   -0.0578
    0.4198    1.8621   -0.0555    0.4736    1.8621   -0.0525
    0.5277    1.8621   -0.0489    0.5815    1.8621   -0.0449
    0.6343    1.8621   -0.0404    0.6855    1.8621   -0.0358
    0.7346    1.8621   -0.0310    0.7809    1.8621   -0.0262
    0.8240    1.8621   -0.0215    0.8632    1.8621   -0.0171
    0.8982    1.8621   -0.0130    0.9285    1.8621   -0.0093
    0.9539    1.8621   -0.0061    0.9739    1.8621   -0.0035
    0.9883    1.8621   -0.0016    0.9971    1.8621   -0.0004
    1.0000    1.8621    0.0000
    1.0000    1.9655    0.0000    0.9971    1.9655    0.0003
    0.9883    1.9655    0.0012    0.9738    1.9655    0.0028
    0.9537    1.9655    0.0048    0.9283    1.9655    0.0073
    0.8979    1.9655    0.0102    0.8628    1.9655    0.0134
    0.8234    1.9655    0.0167    0.7803    1.9655    0.0202
    0.7339    1.9655    0.0237    0.6847    1.9655    0.0272
    0.6333    1.9655    0.0304    0.5804    1.9655    0.0334
    0.5265    1.9655    0.0361    0.4724    1.9655    0.0382
    0.4185    1.9655    0.0397    0.3656    1.9655    0.0405
    0.3143    1.9655    0.0406    0.2652    1.9655    0.0397
    0.2188    1.9655    0.0379    0.1757    1.9655    0.0352
    0.1365    1.9655    0.0315    0.1015    1.9655    0.0270
    0.0712    1.9655    0.0216    0.0459    1.9655    0.0156
    0.0260    1.9655    0.0089    0.0116    1.9655    0.0017
    0.0029    1.9655   -0.0058    0.0001    1.9655   -0.0137
    0.0031    1.9655   -0.0215    0.0120    1.9655   -0.0288
    0.0266    1.9655   -0.0356    0.0467    1.9655   -0.0417
    0.0721    1.9655   -0.0471    0.1026    1.9655   -0.0516
    0.1377    1.9655   -0.0552    0.1770    1.9655   -0.0578
    0.2201    1.9655   -0.0593    0.2665    1.9655   -0.0598
    0.3157    1.9655   -0.0593    0.3670    1.9655   -0.0579
    0.4198    1.9655   -0.0556    0.4736    1.9655   -0.0526
    0.5277    1.9655   -0.0490    0.5815    1.9655   -0.0449
    0.6343    1.9655   -0.0405    0.6855    1.9655   -0.0358
    0.7346    1.9655   -0.0310    0.7809    1.9655   -0.0262
    0.8240    1.9655   -0.0216    0.8632    1.9655   -0.0171
    0.8982    1.9655   -0.0130    0.9285    1.9655   -0.0093
    0.9539    1.9655   -0.0061    0.9739    1.9655   -0.0035
    0.9883    1.9655   -0.0016    0.9971    1.9655   -0.0004
    1.0000    1.9655    0.0000
    1.0000    2.0690    0.0000    0.9971    2.0690    0.0003
    0.9883    2.0690    0.0012    0.9738    2.0690    0.0028
    0.9537    2.0690    0.0048    0.9283    2.0690    0.0073
    0.8979    2.0690    0.0102    0.8628    2.0690    0.0133
    0.8234    2.0690    0.0167    0.7803    2.0690    0.0202
    0.7338    2.0690    0.0237    0.6847    2.0690    0.0271
    0.6333    2.0690    0.0304    0.5804    2.0690    0.0334
    0.5265    2.0690    0.0360    0.4723    2.0690    0.0381
    0.4185    2.0690    0.0396    0.3656    2.0690    0.0404
    0.3143    2.0690    0.0404    0.2652    2.0690    0.0396
    0.2188    2.0690    0.0378    0.1757    2.0690    0.0350
    0.1365    2.0690    0.0314    0.1015    2.0690    0.0268
    0.0712    2.0690    0.0214    0.0459    2.0690    0.0154
    0.0260    2.0690    0.0087    0.0116    2.0690    0.0015
    0.0029    2.0690   -0.0060    0.0001    2.0690   -0.0139
    0.0031    2.0690   -0.0217    0.0120    2.0690   -0.0290
    0.0266    2.0690   -0.0358    0.0467    2.0690   -0.0419
    0.0721    2.0690   -0.0473    0.1026    2.0690   -0.0518
    0.1377    2.0690   -0.0554    0.1770    2.0690   -0.0579
    0.2202    2.0690   -0.0595    0.2666    2.0690   -0.0600
    0.3157    2.0690   -0.0595    0.3670    2.0690   -0.0580
    0.4198    2.0690   -0.0558    0.4736    2.0690   -0.0527
    0.5277    2.0690   -0.0491    0.5815    2.0690   -0.0450
    0.6343    2.0690   -0.0406    0.6855    2.0690   -0.0359
    0.7346    2.0690   -0.0311    0.7809    2.0690   -0.0263
    0.8240    2.0690   -0.0216    0.8632    2.0690   -0.0171
    0.8982    2.0690   -0.0130    0.9286    2.0690   -0.0093
    0.9539    2.0690   -0.0061    0.9739    2.0690   -0.0035
    0.9883    2.0690   -0.0016    0.9971    2.0690   -0.0004
    1.0000    2.0690    0.0000
    1.0000    2.1724    0.0000    0.9971    2.1724    0.0003
    0.9883    2.1724    0.0012    0.9738    2.1724    0.0027
    0.9537    2.1724    0.0048    0.9283    2.1724    0.0073
    0.8979    2.1724    0.0101    0.8628    2.1724    0.0133
    0.8234    2.1724    0.0167    0.7803    2.1724    0.0201
    0.7338    2.1724    0.0236    0.6847    2.1724    0.0270
    0.6333    2.1724    0.0303    0.5804    2.1724    0.0333
    0.5265    2.1724    0.0359    0.4723    2.1724    0.0380
    0.4185    2.1724    0.0395    0.3656    2.1724    0.0403
    0.3143    2.1724    0.0403    0.2652    2.1724    0.0394
    0.2188    2.1724    0.0376    0.1757    2.1724    0.0348
    0.1365    2.1724    0.0312    0.1015    2.1724    0.0266
    0.0712    2.1724    0.0212    0.0459    2.1724    0.0152
    0.0260    2.1724    0.0085    0.0116    2.1724    0.0013
    0.0029    2.1724   -0.0062    0.0001    2.1724   -0.0141
    0.0031    2.1724   -0.0219    0.0120    2.1724   -0.0293
    0.0266    2.1724   -0.0360    0.0467    2.1724   -0.0421
    0.0721    2.1724   -0.0475    0.1026    2.1724   -0.0520
    0.1377    2.1724   -0.0556    0.1770    2.1724   -0.0581
    0.2202    2.1724   -0.0597    0.2666    2.1724   -0.0602
    0.3157    2.1724   -0.0596    0.3670    2.1724   -0.0582
    0.4198    2.1724   -0.0559    0.4736    2.1724   -0.0529
    0.5277    2.1724   -0.0492    0.5815    2.1724   -0.0451
    0.6343    2.1724   -0.0406    0.6855    2.1724   -0.0359
    0.7346    2.1724   -0.0311    0.7809    2.1724   -0.0263
    0.8240    2.1724   -0.0216    0.8632    2.1724   -0.0172
    0.8982    2.1724   -0.0130    0.9286    2.1724   -0.0093
    0.9539    2.1724   -0.0061    0.9739    2.1724   -0.0035
    0.9883    2.1724   -0.0016    0.9971    2.1724   -0.0004
    1.0000    2.1724    0.0000
    1.0000    2.2759    0.0000    0.9971    2.2759    0.0003
    0.9883    2.2759    0.0012    0.9738    2.2759    0.0027
    0.9537    2.2759    0.0048    0.9283    2.2759    0.0073
    0.8979    2.2759    0.0101    0.8628    2.2759    0.0133
    0.8234    2.2759    0.0166    0.7803    2.2759    0.0201
    0.7338    2.2759    0.0236    0.6846    2.2759    0.0270
    0.6333    2.2759    0.0302    0.5804    2.2759    0.0332
    0.5265    2.2759    0.0357    0.4723    2.2759    0.0378
    0.4185    2.2759    0.0393    0.3656    2.2759    0.0401
    0.3143    2.2759    0.0401    0.2652    2.2759    0.0392
    0.2188    2.2759    0.0374    0.1757    2.2759    0.0346
    0.1365    2.2759    0.0309    0.1015    2.2759    0.0264
    0.0712    2.2759    0.0210    0.0459    2.2759    0.0149
    0.0260    2.2759    0.0082    0.0116    2.2759    0.0011
    0.0029    2.2759   -0.0065    0.0001    2.2759   -0.0144
    0.0031    2.2759   -0.0222    0.0120    2.2759   -0.0295
    0.0266    2.2759   -0.0363    0.0467    2.2759   -0.0424
    0.0722    2.2759   -0.0477    0.1026    2.2759   -0.0522
    0.1377    2.2759   -0.0558    0.1771    2.2759   -0.0583
    0.2202    2.2759   -0.0599    0.2666    2.2759   -0.0603
    0.3157    2.2759   -0.0598    0.3670    2.2759   -0.0584
    0.4199    2.2759   -0.0560    0.4736    2.2759   -0.0530
    0.5277    2.2759   -0.0494    0.5815    2.2759   -0.0452
    0.6343    2.2759   -0.0407    0.6856    2.2759   -0.0360
    0.7346    2.2759   -0.0312    0.7810    2.2759   -0.0264
    0.8240    2.2759   -0.0217    0.8632    2.2759   -0.0172
    0.8982    2.2759   -0.0131    0.9286    2.2759   -0.0093
    0.9539    2.2759   -0.0061    0.9739    2.2759   -0.0035
    0.9883    2.2759   -0.0016    0.9971    2.2759   -0.0004
    1.0000    2.2759    0.0000
    1.0000    2.3793    0.0000    0.9971    2.3793    0.0003
    0.9883    2.3793    0.0012    0.9738    2.3793    0.0027
    0.9537    2.3793    0.0048    0.9283    2.3793    0.0072
    0.8979    2.3793    0.0101    0.8628    2.3793    0.0132
    0.8234    2.3793    0.0166    0.7803    2.3793    0.0200
    0.7338    2.3793    0.0235    0.6846    2.3793    0.0269
    0.6333    2.3793    0.0301    0.5804    2.3793    0.0330
    0.5265    2.3793    0.0356    0.4723    2.3793    0.0377
    0.4185    2.3793    0.0391    0.3656    2.3793    0.0399
    0.3143    2.3793    0.0399    0.2651    2.3793    0.0390
    0.2188    2.3793    0.0372    0.1757    2.3793    0.0344
    0.1365    2.3793    0.0307    0.1015    2.3793    0.0261
    0.0712    2.3793    0.0207    0.0459    2.3793    0.0146
    0.0260    2.3793    0.0079    0.0116    2.3793    0.0008
    0.0029    2.3793   -0.0068    0.0001    2.3793   -0.0147
    0.0032    2.3793   -0.0225    0.0120    2.3793   -0.0298
    0.0266    2.3793   -0.0366    0.0467    2.3793   -0.0426
    0.0722    2.3793   -0.0480    0.1026    2.3793   -0.0525
    0.1377    2.3793   -0.0560    0.1771    2.3793   -0.0586
    0.2202    2.3793   -0.0601    0.2666    2.3793   -0.0606
    0.3157    2.3793   -0.0600    0.3670    2.3793   -0.0585
    0.4199    2.3793   -0.0562    0.4737    2.3793   -0.0532
    0.5277    2.3793   -0.0495    0.5815    2.3793   -0.0453
    0.6343    2.3793   -0.0408    0.6856    2.3793   -0.0361
    0.7346    2.3793   -0.0313    0.7810    2.3793   -0.0265
    0.8240    2.3793   -0.0217    0.8632    2.3793   -0.0173
    0.8982    2.3793   -0.0131    0.9286    2.3793   -0.0093
    0.9539    2.3793   -0.0061    0.9739    2.3793   -0.0035
    0.9883    2.3793   -0.0016    0.9971    2.3793   -0.0004
    1.0000    2.3793    0.0000
    1.0000    2.4828    0.0000    0.9971    2.4828    0.0003
    0.9883    2.4828    0.0012    0.9738    2.4828    0.0027
    0.9537    2.4828    0.0047    0.9283    2.4828    0.0072
    0.8979    2.4828    0.0101    0.8628    2.4828    0.0132
    0.8234    2.4828    0.0165    0.7803    2.4828    0.0199
    0.7338    2.4828    0.0234    0.6846    2.4828    0.0268
    0.6333    2.4828    0.0300    0.5803    2.4828    0.0329
    0.5265    2.4828    0.0354    0.4723    2.4828    0.0375
    0.4185    2.4828    0.0390    0.3656    2.4828    0.0397
    0.3143    2.4828    0.0397    0.2651    2.4828    0.0387
    0.2188    2.4828    0.0369    0.1757    2.4828    0.0341
    0.1364    2.4828    0.0304    0.1015    2.4828    0.0258
    0.0712    2.4828    0.0204    0.0459    2.4828    0.0143
    0.0259    2.4828    0.0076    0.0116    2.4828    0.0004
    0.0029    2.4828   -0.0071    0.0001    2.4828   -0.0150
    0.0032    2.4828   -0.0228    0.0120    2.4828   -0.0301
    0.0266    2.4828   -0.0369    0.0468    2.4828   -0.0430
    0.0722    2.4828   -0.0483    0.1026    2.4828   -0.0528
    0.1378    2.4828   -0.0563    0.1771    2.4828   -0.0589
    0.2202    2.4828   -0.0604    0.2666    2.4828   -0.0608
    0.3158    2.4828   -0.0602    0.3670    2.4828   -0.0588
    0.4199    2.4828   -0.0564    0.4737    2.4828   -0.0533
    0.5278    2.4828   -0.0496    0.5815    2.4828   -0.0455
    0.6343    2.4828   -0.0410    0.6856    2.4828   -0.0362
    0.7346    2.4828   -0.0314    0.7810    2.4828   -0.0265
    0.8240    2.4828   -0.0218    0.8632    2.4828   -0.0173
    0.8982    2.4828   -0.0131    0.9286    2.4828   -0.0094
    0.9539    2.4828   -0.0061    0.9739    2.4828   -0.0035
    0.9883    2.4828   -0.0016    0.9971    2.4828   -0.0004
    1.0000    2.4828    0.0000
    1.0000    2.5862    0.0000    0.9971    2.5862    0.0003
    0.9883    2.5862    0.0012    0.9738    2.5862    0.0027
    0.9537    2.5862    0.0047    0.9283    2.5862    0.0072
    0.8979    2.5862    0.0100    0.8628    2.5862    0.0131
    0.8234    2.5862    0.0164    0.7803    2.5862    0.0199
    0.7338    2.5862    0.0233    0.6846    2.5862    0.0266
    0.6333    2.5862    0.0298    0.5803    2.5862    0.0327
    0.5265    2.5862    0.0353    0.4723    2.5862    0.0373
    0.4184    2.5862    0.0387    0.3656    2.5862    0.0395
    0.3142    2.5862    0.0394    0.2651    2.5862    0.0385
    0.2188    2.5862    0.0366    0.1757    2.5862    0.0338
    0.1364    2.5862    0.0301    0.1015    2.5862    0.0255
    0.0712    2.5862    0.0201    0.0459    2.5862    0.0140
    0.0259    2.5862    0.0073    0.0116    2.5862    0.0001
    0.0029    2.5862   -0.0075    0.0001    2.5862   -0.0154
    0.0032    2.5862   -0.0232    0.0120    2.5862   -0.0305
    0.0266    2.5862   -0.0372    0.0468    2.5862   -0.0433
    0.0722    2.5862   -0.0486    0.1027    2.5862   -0.0531
    0.1378    2.5862   -0.0566    0.1771    2.5862   -0.0592
    0.2202    2.5862   -0.0606    0.2666    2.5862   -0.0611
    0.3158    2.5862   -0.0605    0.3671    2.5862   -0.0590
    0.4199    2.5862   -0.0566    0.4737    2.5862   -0.0535
    0.5278    2.5862   -0.0498    0.5815    2.5862   -0.0456
    0.6344    2.5862   -0.0411    0.6856    2.5862   -0.0363
    0.7347    2.5862   -0.0315    0.7810    2.5862   -0.0266
    0.8240    2.5862   -0.0219    0.8632    2.5862   -0.0173
    0.8982    2.5862   -0.0132    0.9286    2.5862   -0.0094
    0.9539    2.5862   -0.0061    0.9739    2.5862   -0.0035
    0.9883    2.5862   -0.0016    0.9971    2.5862   -0.0004
    1.0000    2.5862    0.0000
    1.0000    2.6897    0.0000    0.9971    2.6897    0.0003
    0.9883    2.6897    0.0012    0.9738    2.6897    0.0027
    0.9537    2.6897    0.0047    0.9283    2.6897    0.0072
    0.8979    2.6897    0.0100    0.8628    2.6897    0.0131
    0.8234    2.6897    0.0164    0.7803    2.6897    0.0198
    0.7338    2.6897    0.0232    0.6846    2.6897    0.0265
    0.6332    2.6897    0.0297    0.5803    2.6897    0.0326
    0.5265    2.6897    0.0351    0.4723    2.6897    0.0371
    0.4184    2.6897    0.0385    0.3655    2.6897    0.0392
    0.3142    2.6897    0.0391    0.2651    2.6897    0.0382
    0.2187    2.6897    0.0363    0.1757    2.6897    0.0335
    0.1364    2.6897    0.0297    0.1014    2.6897    0.0251
    0.0711    2.6897    0.0197    0.0459    2.6897    0.0136
    0.0259    2.6897    0.0069    0.0116    2.6897   -0.0003
    0.0029    2.6897   -0.0079    0.0001    2.6897   -0.0158
    0.0032    2.6897   -0.0236    0.0121    2.6897   -0.0309
    0.0266    2.6897   -0.0376    0.0468    2.6897   -0.0437
    0.0722    2.6897   -0.0490    0.1027    2.6897   -0.0535
    0.1378    2.6897   -0.0570    0.1771    2.6897   -0.0595
    0.2203    2.6897   -0.0610    0.2667    2.6897   -0.0614
    0.3158    2.6897   -0.0608    0.3671    2.6897   -0.0592
    0.4199    2.6897   -0.0569    0.4737    2.6897   -0.0537
    0.5278    2.6897   -0.0500    0.5816    2.6897   -0.0458
    0.6344    2.6897   -0.0413    0.6856    2.6897   -0.0365
    0.7347    2.6897   -0.0316    0.7810    2.6897   -0.0267
    0.8240    2.6897   -0.0219    0.8633    2.6897   -0.0174
    0.8982    2.6897   -0.0132    0.9286    2.6897   -0.0094
    0.9539    2.6897   -0.0062    0.9739    2.6897   -0.0035
    0.9883    2.6897   -0.0016    0.9971    2.6897   -0.0004
    1.0000    2.6897    0.0000
    1.0000    2.7931    0.0000    0.9971    2.7931    0.0003
    0.9883    2.7931    0.0012    0.9738    2.7931    0.0027
    0.9537    2.7931    0.0047    0.9283    2.7931    0.0071
    0.8979    2.7931    0.0099    0.8628    2.7931    0.0130
    0.8234    2.7931    0.0163    0.7802    2.7931    0.0197
    0.7338    2.7931    0.0231    0.6846    2.7931    0.0264
    0.6332    2.7931    0.0295    0.5803    2.7931    0.0324
    0.5264    2.7931    0.0348    0.4723    2.7931    0.0368
    0.4184    2.7931    0.0382    0.3655    2.7931    0.0389
    0.3142    2.7931    0.0388    0.2651    2.7931    0.0378
    0.2187    2.7931    0.0359    0.1757    2.7931    0.0331
    0.1364    2.7931    0.0293    0.1014    2.7931    0.0247
    0.0711    2.7931    0.0192    0.0459    2.7931    0.0131
    0.0259    2.7931    0.0064    0.0116    2.7931   -0.0008
    0.0029    2.7931   -0.0084    0.0001    2.7931   -0.0163
    0.0032    2.7931   -0.0241    0.0121    2.7931   -0.0314
    0.0267    2.7931   -0.0381    0.0468    2.7931   -0.0442
    0.0723    2.7931   -0.0495    0.1027    2.7931   -0.0539
    0.1378    2.7931   -0.0574    0.1772    2.7931   -0.0599
    0.2203    2.7931   -0.0613    0.2667    2.7931   -0.0617
    0.3158    2.7931   -0.0611    0.3671    2.7931   -0.0595
    0.4200    2.7931   -0.0571    0.4737    2.7931   -0.0540
    0.5278    2.7931   -0.0502    0.5816    2.7931   -0.0460
    0.6344    2.7931   -0.0414    0.6856    2.7931   -0.0366
    0.7347    2.7931   -0.0317    0.7810    2.7931   -0.0268
    0.8240    2.7931   -0.0220    0.8633    2.7931   -0.0175
    0.8982    2.7931   -0.0132    0.9286    2.7931   -0.0094
    0.9539    2.7931   -0.0062    0.9739    2.7931   -0.0035
    0.9883    2.7931   -0.0016    0.9971    2.7931   -0.0004
    1.0000    2.7931    0.0000
    1.0000    2.8966    0.0000    0.9971    2.8966    0.0003
    0.9883    2.8966    0.0012    0.9738    2.8966    0.0027
    0.9537    2.8966    0.0047    0.9283    2.8966    0.0071
    0.8979    2.8966    0.0099    0.8628    2.8966    0.0129
    0.8234    2.8966    0.0162    0.7802    2.8966    0.0196
    0.7338    2.8966    0.0229    0.6846    2.8966    0.0262
    0.6332    2.8966    0.0293    0.5803    2.8966    0.0322
    0.5264    2.8966    0.0346    0.4722    2.8966    0.0366
    0.4184    2.8966    0.0379    0.3655    2.8966    0.0386
    0.3142    2.8966    0.0385    0.2651    2.8966    0.0375
    0.2187    2.8966    0.0355    0.1756    2.8966    0.0327
    0.1364    2.8966    0.0289    0.1014    2.8966    0.0242
    0.0711    2.8966    0.0188    0.0459    2.8966    0.0126
    0.0259    2.8966    0.0059    0.0116    2.8966   -0.0013
    0.0029    2.8966   -0.0089    0.0001    2.8966   -0.0168
    0.0032    2.8966   -0.0246    0.0121    2.8966   -0.0319
    0.0267    2.8966   -0.0386    0.0468    2.8966   -0.0446
    0.0723    2.8966   -0.0499    0.1027    2.8966   -0.0544
    0.1379    2.8966   -0.0578    0.1772    2.8966   -0.0603
    0.2203    2.8966   -0.0617    0.2667    2.8966   -0.0621
    0.3159    2.8966   -0.0614    0.3672    2.8966   -0.0599
    0.4200    2.8966   -0.0574    0.4738    2.8966   -0.0543
    0.5278    2.8966   -0.0505    0.5816    2.8966   -0.0462
    0.6344    2.8966   -0.0416    0.6856    2.8966   -0.0368
    0.7347    2.8966   -0.0318    0.7810    2.8966   -0.0269
    0.8240    2.8966   -0.0221    0.8633    2.8966   -0.0175
    0.8983    2.8966   -0.0133    0.9286    2.8966   -0.0095
    0.9539    2.8966   -0.0062    0.9739    2.8966   -0.0036
    0.9883    2.8966   -0.0016    0.9971    2.8966   -0.0004
    1.0000    2.8966    0.0000
    1.0000    3.0000    0.0000    0.9971    3.0000    0.0003
    0.9883    3.0000    0.0012    0.9738    3.0000    0.0027
    0.9537    3.0000    0.0046    0.9283    3.0000    0.0070
    0.8979    3.0000    0.0098    0.8628    3.0000    0.0129
    0.8234    3.0000    0.0161    0.7802    3.0000    0.0194
    0.7338    3.0000    0.0228    0.6846    3.0000    0.0260
    0.6332    3.0000    0.0291    0.5803    3.0000    0.0319
    0.5264    3.0000    0.0343    0.4722    3.0000    0.0363
    0.4184    3.0000    0.0376    0.3655    3.0000    0.0382
    0.3142    3.0000    0.0381    0.2650    3.0000    0.0370
    0.2187    3.0000    0.0351    0.1756    3.0000    0.0322
    0.1364    3.0000    0.0284    0.1014    3.0000    0.0237
    0.0711    3.0000    0.0182    0.0459    3.0000    0.0121
    0.0259    3.0000    0.0054    0.0116    3.0000   -0.0019
    0.0029    3.0000   -0.0094    0.0002    3.0000   -0.0173
    0.0032    3.0000   -0.0251    0.0121    3.0000   -0.0324
    0.0267    3.0000   -0.0391    0.0469    3.0000   -0.0452
    0.0723    3.0000   -0.0505    0.1028    3.0000   -0.0549
    0.1379    3.0000   -0.0583    0.1772    3.0000   -0.0608
    0.2204    3.0000   -0.0622    0.2668    3.0000   -0.0625
    0.3159    3.0000   -0.0618    0.3672    3.0000   -0.0602
    0.4200    3.0000   -0.0578    0.4738    3.0000   -0.0546
    0.5279    3.0000   -0.0507    0.5816    3.0000   -0.0465
    0.6344    3.0000   -0.0418    0.6857    3.0000   -0.0370
    0.7347    3.0000   -0.0320    0.7810    3.0000   -0.0270
    0.8241    3.0000   -0.0222    0.8633    3.0000   -0.0176
    0.8983    3.0000   -0.0134    0.9286    3.0000   -0.0095
    0.9539    3.0000   -0.0062    0.9739    3.0000   -0.0036
    0.9883    3.0000   -0.0016    0.9971    3.0000   -0.0004
    1.0000    3.0000    0.0000
$POINTS for network #  2   wingtip                                           
       1.0
       1.0                                     0.0       0.0
      30.0       8.0                                                  wingtip   
    1.0000    3.0000    0.0000    0.9971    3.0000    0.0003
    0.9883    3.0000    0.0012    0.9738    3.0000    0.0027
    0.9537    3.0000    0.0046    0.9283    3.0000    0.0070
    0.8979    3.0000    0.0098    0.8628    3.0000    0.0129
    0.8234    3.0000    0.0161    0.7802    3.0000    0.0194
    0.7338    3.0000    0.0228    0.6846    3.0000    0.0260
    0.6332    3.0000    0.0291    0.5803    3.0000    0.0319
    0.5264    3.0000    0.0343    0.4722    3.0000    0.0363
    0.4184    3.0000    0.0376    0.3655    3.0000    0.0382
    0.3142    3.0000    0.0381    0.2650    3.0000    0.0370
    0.2187    3.0000    0.0351    0.1756    3.0000    0.0322
    0.1364    3.0000    0.0284    0.1014    3.0000    0.0237
    0.0711    3.0000    0.0182    0.0459    3.0000    0.0121
    0.0259    3.0000    0.0054    0.0116    3.0000   -0.0019
    0.0029    3.0000   -0.0094    0.0002    3.0000   -0.0173
    1.0000    3.0000    0.0000    0.9971    3.0002    0.0003
    0.9883    3.0006    0.0011    0.9738    3.0014    0.0024
    0.9537    3.0024    0.0041    0.9283    3.0036    0.0062
    0.8979    3.0050    0.0087    0.8628    3.0066    0.0114
    0.8234    3.0083    0.0142    0.7803    3.0101    0.0171
    0.7338    3.0119    0.0201    0.6846    3.0137    0.0229
    0.6333    3.0154    0.0256    0.5803    3.0170    0.0280
    0.5265    3.0185    0.0301    0.4723    3.0197    0.0318
    0.4185    3.0207    0.0329    0.3656    3.0214    0.0334
    0.3143    3.0217    0.0331    0.2651    3.0216    0.0321
    0.2188    3.0211    0.0303    0.1757    3.0202    0.0276
    0.1365    3.0188    0.0241    0.1015    3.0170    0.0198
    0.0712    3.0149    0.0148    0.0459    3.0124    0.0093
    0.0260    3.0097    0.0032    0.0116    3.0066   -0.0034
    0.0030    3.0034   -0.0102    0.0002    3.0000   -0.0173
    1.0000    3.0000    0.0000    0.9971    3.0003    0.0002
    0.9883    3.0011    0.0007    0.9738    3.0024    0.0015
    0.9537    3.0042    0.0026    0.9283    3.0065    0.0039
    0.8979    3.0091    0.0055    0.8629    3.0119    0.0071
    0.8235    3.0150    0.0089    0.7804    3.0182    0.0107
    0.7339    3.0214    0.0125    0.6848    3.0246    0.0142
    0.6334    3.0277    0.0158    0.5805    3.0306    0.0172
    0.5267    3.0333    0.0183    0.4725    3.0355    0.0192
    0.4187    3.0373    0.0197    0.3658    3.0385    0.0197
    0.3145    3.0391    0.0193    0.2654    3.0389    0.0183
    0.2190    3.0380    0.0168    0.1759    3.0363    0.0147
    0.1367    3.0339    0.0121    0.1017    3.0307    0.0089
    0.0713    3.0269    0.0053    0.0460    3.0224    0.0013
    0.0261    3.0174   -0.0030    0.0117    3.0120   -0.0076
    0.0030    3.0061   -0.0124    0.0002    3.0000   -0.0173
    1.0000    3.0000    0.0000    0.9971    3.0003    0.0000
    0.9883    3.0014    0.0001    0.9738    3.0030    0.0002
    0.9538    3.0053    0.0004    0.9284    3.0081    0.0006
    0.8980    3.0113    0.0008    0.8630    3.0149    0.0010
    0.8236    3.0187    0.0012    0.7805    3.0227    0.0014
    0.7341    3.0267    0.0015    0.6850    3.0307    0.0015
    0.6337    3.0346    0.0015    0.5808    3.0382    0.0015
    0.5270    3.0415    0.0013    0.4728    3.0443    0.0010
    0.4190    3.0465    0.0005    0.3661    3.0480   -0.0000
    0.3148    3.0487   -0.0008    0.2657    3.0485   -0.0017
    0.2193    3.0474   -0.0027    0.1763    3.0453   -0.0039
    0.1370    3.0423   -0.0053    0.1019    3.0383   -0.0068
    0.0716    3.0335   -0.0085    0.0462    3.0279   -0.0102
    0.0262    3.0217   -0.0119    0.0118    3.0149   -0.0137
    0.0031    3.0077   -0.0155    0.0002    3.0000   -0.0173
    1.0000    3.0000    0.0000    0.9971    3.0003   -0.0001
    0.9883    3.0014   -0.0005    0.9738    3.0030   -0.0011
    0.9538    3.0053   -0.0020    0.9285    3.0081   -0.0031
    0.8981    3.0113   -0.0043    0.8631    3.0149   -0.0058
    0.8238    3.0187   -0.0073    0.7807    3.0227   -0.0090
    0.7343    3.0267   -0.0107    0.6852    3.0307   -0.0125
    0.6340    3.0346   -0.0142    0.5811    3.0382   -0.0160
    0.5273    3.0415   -0.0177    0.4732    3.0443   -0.0192
    0.4194    3.0465   -0.0207    0.3665    3.0480   -0.0219
    0.3152    3.0487   -0.0230    0.2661    3.0485   -0.0238
    0.2197    3.0474   -0.0244    0.1766    3.0453   -0.0246
    0.1373    3.0423   -0.0246    0.1022    3.0383   -0.0243
    0.0718    3.0335   -0.0237    0.0465    3.0279   -0.0229
    0.0264    3.0217   -0.0218    0.0119    3.0149   -0.0205
    0.0031    3.0077   -0.0190    0.0002    3.0000   -0.0173
    1.0000    3.0000    0.0000    0.9971    3.0003   -0.0003
    0.9883    3.0011   -0.0011    0.9739    3.0024   -0.0024
    0.9539    3.0042   -0.0042    0.9285    3.0065   -0.0064
    0.8982    3.0091   -0.0090    0.8632    3.0119   -0.0119
    0.8239    3.0150   -0.0150    0.7809    3.0182   -0.0183
    0.7345    3.0214   -0.0217    0.6855    3.0246   -0.0251
    0.6342    3.0277   -0.0285    0.5814    3.0306   -0.0317
    0.5276    3.0333   -0.0347    0.4735    3.0355   -0.0375
    0.4197    3.0373   -0.0398    0.3669    3.0385   -0.0417
    0.3156    3.0391   -0.0430    0.2664    3.0389   -0.0438
    0.2200    3.0380   -0.0439    0.1769    3.0363   -0.0433
    0.1376    3.0339   -0.0420    0.1025    3.0307   -0.0401
    0.0721    3.0269   -0.0375    0.0467    3.0224   -0.0344
    0.0266    3.0174   -0.0308    0.0120    3.0120   -0.0267
    0.0032    3.0061   -0.0222    0.0002    3.0000   -0.0173
    1.0000    3.0000    0.0000    0.9971    3.0002   -0.0004
    0.9883    3.0006   -0.0015    0.9739    3.0014   -0.0033
    0.9539    3.0024   -0.0057    0.9286    3.0036   -0.0087
    0.8982    3.0050   -0.0122    0.8633    3.0066   -0.0161
    0.8240    3.0083   -0.0203    0.7810    3.0101   -0.0247
    0.7347    3.0119   -0.0293    0.6856    3.0137   -0.0338
    0.6344    3.0154   -0.0383    0.5816    3.0170   -0.0426
    0.5278    3.0185   -0.0465    0.4737    3.0197   -0.0501
    0.4199    3.0207   -0.0530    0.3671    3.0214   -0.0553
    0.3158    3.0217   -0.0569    0.2667    3.0216   -0.0576
    0.2203    3.0211   -0.0573    0.1772    3.0202   -0.0562
    0.1378    3.0188   -0.0540    0.1027    3.0170   -0.0510
    0.0722    3.0149   -0.0470    0.0468    3.0124   -0.0423
    0.0267    3.0097   -0.0369    0.0121    3.0066   -0.0309
    0.0032    3.0034   -0.0244    0.0002    3.0000   -0.0173
    1.0000    3.0000    0.0000    0.9971    3.0000   -0.0004
    0.9883    3.0000   -0.0016    0.9739    3.0000   -0.0036
    0.9539    3.0000   -0.0062    0.9286    3.0000   -0.0095
    0.8983    3.0000   -0.0134    0.8633    3.0000   -0.0176
    0.8241    3.0000   -0.0222    0.7810    3.0000   -0.0270
    0.7347    3.0000   -0.0320    0.6857    3.0000   -0.0370
    0.6344    3.0000   -0.0418    0.5816    3.0000   -0.0465
    0.5279    3.0000   -0.0507    0.4738    3.0000   -0.0546
    0.4200    3.0000   -0.0578    0.3672    3.0000   -0.0602
    0.3159    3.0000   -0.0618    0.2668    3.0000   -0.0625
    0.2204    3.0000   -0.0622    0.1772    3.0000   -0.0608
    0.1379    3.0000   -0.0583    0.1028    3.0000   -0.0549
    0.0723    3.0000   -0.0505    0.0469    3.0000   -0.0452
    0.0267    3.0000   -0.0391    0.0121    3.0000   -0.0324
    0.0032    3.0000   -0.0251    0.0002    3.0000   -0.0173
$POINTS for network #  3   wingwake                                          
       1.0
      18.0                                     0.0       0.0
       2.0      30.0                                                  wingwake  
    1.0000    0.0000    0.0000   50.0000    0.0000    0.0000
    1.0000    0.1034    0.0000   50.0000    0.1034    0.0000
    1.0000    0.2069    0.0000   50.0000    0.2069    0.0000
    1.0000    0.3103    0.0000   50.0000    0.3103    0.0000
    1.0000    0.4138    0.0000   50.0000    0.4138    0.0000
    1.0000    0.5172    0.0000   50.0000    0.5172    0.0000
    1.0000    0.6207    0.0000   50.0000    0.6207    0.0000
    1.0000    0.7241    0.0000   50.0000    0.7241    0.0000
    1.0000    0.8276    0.0000   50.0000    0.8276    0.0000
    1.0000    0.9310    0.0000   50.0000    0.9310    0.0000
    1.0000    1.0345    0.0000   50.0000    1.0345    0.0000
    1.0000    1.1379    0.0000   50.0000    1.1379    0.0000
    1.0000    1.2414    0.0000   50.0000    1.2414    0.0000
    1.0000    1.3448    0.0000   50.0000    1.3448    0.0000
    1.0000    1.4483    0.0000   50.0000    1.4483    0.0000
    1.0000    1.5517    0.0000   50.0000    1.5517    0.0000
    1.0000    1.6552    0.0000   50.0000    1.6552    0.0000
    1.0000    1.7586    0.0000   50.0000    1.7586    0.0000
    1.0000    1.8621    0.0000   50.0000    1.8621    0.0000
    1.0000    1.9655    0.0000   50.0000    1.9655    0.0000
    1.0000    2.0690    0.0000   50.0000    2.0690    0.0000
    1.0000    2.1724    0.0000   50.0000    2.1724    0.0000
    1.0000    2.2759    0.0000   50.0000    2.2759    0.0000
    1.0000    2.3793    0.0000   50.0000    2.3793    0.0000
    1.0000    2.4828    0.0000   50.0000    2.4828    0.0000
    1.0000    2.5862    0.0000   50.0000    2.5862    0.0000
    1.0000    2.6897    0.0000   50.0000    2.6897    0.0000
    1.0000    2.7931    0.0000   50.0000    2.7931    0.0000
    1.0000    2.8966    0.0000   50.0000    2.8966    0.0000
    1.0000    3.0000    0.0000   50.0000    3.0000    0.0000
$END OF INPUT DATA
