$TITLE    Created by panin, version 1.0 (4Jan2000) on                
INPUT FILE FOR PanAir (A502-ht2)                                                
Created by PANIN                                                                
$DATACHECK
    0.0000
$SYM
    1.0000    0.0000
$MACH NUMBER
    0.5000
$CASES
    1.0000
$ANGLES OF ATTACK
    0.0000
    7.4200
$YAW ANGLES
    0.0000
    0.0000
$REFERENCE DATA FOR 3-D FORCES AND MOMENTS
    0.2500    0.0000    0.0000    1.0000
    6.0000    6.0000    1.0000    6.0000
$PRINTOUT CONTROL
       0.0       0.0       0.0       0.0       0.0       0.0
       0.0       0.0       0.0       0.0       0.0       0.0
$EAT
  0.000000       0.0       0.0       0.0       0.0       0.0
$VELOCITY CORRECTION
    0.0000
$POINTS for network #  1   wing                                              
       1.0
       1.0                                     0.0       0.0
      59.0      30.0                                                  wing      
    1.0000    0.0000    0.0000    0.9971    0.0000    0.0004
    0.9883    0.0000    0.0014    0.9738    0.0000    0.0031
    0.9538    0.0000    0.0054    0.9284    0.0000    0.0083
    0.8980    0.0000    0.0116    0.8630    0.0000    0.0152
    0.8237    0.0000    0.0192    0.7806    0.0000    0.0232
    0.7342    0.0000    0.0274    0.6851    0.0000    0.0315
    0.6338    0.0000    0.0355    0.5809    0.0000    0.0392
    0.5271    0.0000    0.0425    0.4729    0.0000    0.0454
    0.4191    0.0000    0.0477    0.3662    0.0000    0.0492
    0.3149    0.0000    0.0500    0.2658    0.0000    0.0498
    0.2194    0.0000    0.0486    0.1763    0.0000    0.0465
    0.1370    0.0000    0.0434    0.1020    0.0000    0.0393
    0.0716    0.0000    0.0344    0.0462    0.0000    0.0286
    0.0262    0.0000    0.0222    0.0117    0.0000    0.0153
    0.0029    0.0000    0.0079    0.0000    0.0000    0.0000
    0.0029    0.0000   -0.0079    0.0117    0.0000   -0.0153
    0.0262    0.0000   -0.0222    0.0462    0.0000   -0.0286
    0.0716    0.0000   -0.0344    0.1020    0.0000   -0.0393
    0.1370    0.0000   -0.0434    0.1763    0.0000   -0.0465
    0.2194    0.0000   -0.0486    0.2658    0.0000   -0.0498
    0.3149    0.0000   -0.0500    0.3662    0.0000   -0.0492
    0.4191    0.0000   -0.0477    0.4729    0.0000   -0.0454
    0.5271    0.0000   -0.0425    0.5809    0.0000   -0.0392
    0.6338    0.0000   -0.0355    0.6851    0.0000   -0.0315
    0.7342    0.0000   -0.0274    0.7806    0.0000   -0.0232
    0.8237    0.0000   -0.0192    0.8630    0.0000   -0.0152
    0.8980    0.0000   -0.0116    0.9284    0.0000   -0.0083
    0.9538    0.0000   -0.0054    0.9738    0.0000   -0.0031
    0.9883    0.0000   -0.0014    0.9971    0.0000   -0.0004
    1.0000    0.0000    0.0000
    1.0000    0.1034    0.0000    0.9971    0.1034    0.0003
    0.9883    0.1034    0.0013    0.9738    0.1034    0.0029
    0.9537    0.1034    0.0050    0.9283    0.1034    0.0076
    0.8979    0.1034    0.0106    0.8629    0.1034    0.0139
    0.8235    0.1034    0.0174    0.7804    0.1034    0.0210
    0.7339    0.1034    0.0247    0.6848    0.1034    0.0283
    0.6334    0.1034    0.0318    0.5805    0.1034    0.0350
    0.5267    0.1034    0.0378    0.4725    0.1034    0.0401
    0.4187    0.1034    0.0418    0.3658    0.1034    0.0428
    0.3145    0.1034    0.0431    0.2653    0.1034    0.0424
    0.2190    0.1034    0.0408    0.1759    0.1034    0.0382
    0.1366    0.1034    0.0347    0.1016    0.1034    0.0302
    0.0713    0.1034    0.0250    0.0460    0.1034    0.0190
    0.0260    0.1034    0.0124    0.0116    0.1034    0.0053
    0.0029    0.1034   -0.0022    0.0001    0.1034   -0.0101
    0.0031    0.1034   -0.0179    0.0119    0.1034   -0.0252
    0.0264    0.1034   -0.0321    0.0465    0.1034   -0.0383
    0.0720    0.1034   -0.0437    0.1024    0.1034   -0.0483
    0.1375    0.1034   -0.0521    0.1768    0.1034   -0.0548
    0.2199    0.1034   -0.0565    0.2663    0.1034   -0.0572
    0.3155    0.1034   -0.0569    0.3668    0.1034   -0.0556
    0.4196    0.1034   -0.0535    0.4734    0.1034   -0.0507
    0.5275    0.1034   -0.0473    0.5813    0.1034   -0.0434
    0.6341    0.1034   -0.0392    0.6854    0.1034   -0.0347
    0.7345    0.1034   -0.0301    0.7808    0.1034   -0.0254
    0.8239    0.1034   -0.0209    0.8632    0.1034   -0.0166
    0.8982    0.1034   -0.0126    0.9285    0.1034   -0.0090
    0.9538    0.1034   -0.0059    0.9739    0.1034   -0.0034
    0.9883    0.1034   -0.0015    0.9971    0.1034   -0.0004
    1.0000    0.1034    0.0000
    1.0000    0.2069    0.0000    0.9971    0.2069    0.0003
    0.9883    0.2069    0.0013    0.9738    0.2069    0.0028
    0.9537    0.2069    0.0048    0.9283    0.2069    0.0074
    0.8979    0.2069    0.0103    0.8628    0.2069    0.0135
    0.8235    0.2069    0.0169    0.7803    0.2069    0.0204
    0.7339    0.2069    0.0239    0.6847    0.2069    0.0274
    0.6333    0.2069    0.0307    0.5804    0.2069    0.0338
    0.5266    0.2069    0.0364    0.4724    0.2069    0.0386
    0.4185    0.2069    0.0402    0.3657    0.2069    0.0410
    0.3143    0.2069    0.0411    0.2652    0.2069    0.0403
    0.2188    0.2069    0.0385    0.1758    0.2069    0.0358
    0.1365    0.2069    0.0322    0.1015    0.2069    0.0277
    0.0712    0.2069    0.0223    0.0459    0.2069    0.0163
    0.0260    0.2069    0.0097    0.0116    0.2069    0.0025
    0.0029    0.2069   -0.0050    0.0001    0.2069   -0.0129
    0.0031    0.2069   -0.0207    0.0120    0.2069   -0.0281
    0.0265    0.2069   -0.0348    0.0467    0.2069   -0.0410
    0.0721    0.2069   -0.0464    0.1025    0.2069   -0.0509
    0.1376    0.2069   -0.0545    0.1770    0.2069   -0.0571
    0.2201    0.2069   -0.0587    0.2665    0.2069   -0.0593
    0.3156    0.2069   -0.0588    0.3669    0.2069   -0.0574
    0.4198    0.2069   -0.0552    0.4736    0.2069   -0.0522
    0.5277    0.2069   -0.0487    0.5814    0.2069   -0.0446
    0.6343    0.2069   -0.0402    0.6855    0.2069   -0.0356
    0.7346    0.2069   -0.0308    0.7809    0.2069   -0.0261
    0.8240    0.2069   -0.0214    0.8632    0.2069   -0.0170
    0.8982    0.2069   -0.0129    0.9285    0.2069   -0.0092
    0.9539    0.2069   -0.0060    0.9739    0.2069   -0.0035
    0.9883    0.2069   -0.0016    0.9971    0.2069   -0.0004
    1.0000    0.2069    0.0000
    1.0000    0.3103    0.0000    0.9971    0.3103    0.0003
    0.9883    0.3103    0.0012    0.9738    0.3103    0.0027
    0.9537    0.3103    0.0048    0.9283    0.3103    0.0072
    0.8979    0.3103    0.0101    0.8628    0.3103    0.0132
    0.8234    0.3103    0.0166    0.7803    0.3103    0.0200
    0.7338    0.3103    0.0235    0.6846    0.3103    0.0269
    0.6333    0.3103    0.0301    0.5804    0.3103    0.0330
    0.5265    0.3103    0.0356    0.4723    0.3103    0.0377
    0.4185    0.3103    0.0392    0.3656    0.3103    0.0399
    0.3143    0.3103    0.0399    0.2651    0.3103    0.0390
    0.2188    0.3103    0.0372    0.1757    0.3103    0.0344
    0.1365    0.3103    0.0307    0.1015    0.3103    0.0261
    0.0712    0.3103    0.0207    0.0459    0.3103    0.0146
    0.0260    0.3103    0.0080    0.0116    0.3103    0.0008
    0.0029    0.3103   -0.0068    0.0001    0.3103   -0.0147
    0.0032    0.3103   -0.0225    0.0120    0.3103   -0.0298
    0.0266    0.3103   -0.0365    0.0467    0.3103   -0.0426
    0.0722    0.3103   -0.0480    0.1026    0.3103   -0.0525
    0.1377    0.3103   -0.0560    0.1771    0.3103   -0.0586
    0.2202    0.3103   -0.0601    0.2666    0.3103   -0.0605
    0.3157    0.3103   -0.0600    0.3670    0.3103   -0.0585
    0.4199    0.3103   -0.0562    0.4737    0.3103   -0.0531
    0.5277    0.3103   -0.0495    0.5815    0.3103   -0.0453
    0.6343    0.3103   -0.0408    0.6856    0.3103   -0.0361
    0.7346    0.3103   -0.0313    0.7810    0.3103   -0.0265
    0.8240    0.3103   -0.0217    0.8632    0.3103   -0.0172
    0.8982    0.3103   -0.0131    0.9286    0.3103   -0.0093
    0.9539    0.3103   -0.0061    0.9739    0.3103   -0.0035
    0.9883    0.3103   -0.0016    0.9971    0.3103   -0.0004
    1.0000    0.3103    0.0000
    1.0000    0.4138    0.0000    0.9971    0.4138    0.0003
    0.9883    0.4138    0.0012    0.9738    0.4138    0.0027
    0.9537    0.4138    0.0047    0.9283    0.4138    0.0071
    0.8979    0.4138    0.0100    0.8628    0.4138    0.0131
    0.8234    0.4138    0.0164    0.7803    0.4138    0.0198
    0.7338    0.4138    0.0232    0.6846    0.4138    0.0265
    0.6332    0.4138    0.0297    0.5803    0.4138    0.0325
    0.5265    0.4138    0.0350    0.4723    0.4138    0.0371
    0.4184    0.4138    0.0385    0.3655    0.4138    0.0392
    0.3142    0.4138    0.0391    0.2651    0.4138    0.0381
    0.2187    0.4138    0.0363    0.1757    0.4138    0.0334
    0.1364    0.4138    0.0297    0.1014    0.4138    0.0251
    0.0711    0.4138    0.0196    0.0459    0.4138    0.0135
    0.0259    0.4138    0.0068    0.0116    0.4138   -0.0004
    0.0029    0.4138   -0.0079    0.0001    0.4138   -0.0158
    0.0032    0.4138   -0.0236    0.0121    0.4138   -0.0309
    0.0266    0.4138   -0.0377    0.0468    0.4138   -0.0437
    0.0722    0.4138   -0.0491    0.1027    0.4138   -0.0535
    0.1378    0.4138   -0.0570    0.1771    0.4138   -0.0595
    0.2203    0.4138   -0.0610    0.2667    0.4138   -0.0614
    0.3158    0.4138   -0.0608    0.3671    0.4138   -0.0593
    0.4199    0.4138   -0.0569    0.4737    0.4138   -0.0538
    0.5278    0.4138   -0.0500    0.5816    0.4138   -0.0458
    0.6344    0.4138   -0.0413    0.6856    0.4138   -0.0365
    0.7347    0.4138   -0.0316    0.7810    0.4138   -0.0267
    0.8240    0.4138   -0.0219    0.8633    0.4138   -0.0174
    0.8982    0.4138   -0.0132    0.9286    0.4138   -0.0094
    0.9539    0.4138   -0.0062    0.9739    0.4138   -0.0035
    0.9883    0.4138   -0.0016    0.9971    0.4138   -0.0004
    1.0000    0.4138    0.0000
    1.0000    0.5172    0.0000    0.9971    0.5172    0.0003
    0.9883    0.5172    0.0012    0.9738    0.5172    0.0027
    0.9537    0.5172    0.0047    0.9283    0.5172    0.0071
    0.8979    0.5172    0.0099    0.8628    0.5172    0.0130
    0.8234    0.5172    0.0162    0.7802    0.5172    0.0196
    0.7338    0.5172    0.0229    0.6846    0.5172    0.0262
    0.6332    0.5172    0.0294    0.5803    0.5172    0.0322
    0.5264    0.5172    0.0346    0.4722    0.5172    0.0366
    0.4184    0.5172    0.0380    0.3655    0.5172    0.0386
    0.3142    0.5172    0.0385    0.2651    0.5172    0.0375
    0.2187    0.5172    0.0356    0.1756    0.5172    0.0327
    0.1364    0.5172    0.0289    0.1014    0.5172    0.0243
    0.0711    0.5172    0.0189    0.0459    0.5172    0.0127
    0.0259    0.5172    0.0060    0.0116    0.5172   -0.0012
    0.0029    0.5172   -0.0088    0.0001    0.5172   -0.0167
    0.0032    0.5172   -0.0245    0.0121    0.5172   -0.0318
    0.0267    0.5172   -0.0385    0.0468    0.5172   -0.0446
    0.0723    0.5172   -0.0499    0.1027    0.5172   -0.0543
    0.1378    0.5172   -0.0578    0.1772    0.5172   -0.0602
    0.2203    0.5172   -0.0617    0.2667    0.5172   -0.0620
    0.3159    0.5172   -0.0614    0.3671    0.5172   -0.0598
    0.4200    0.5172   -0.0574    0.4738    0.5172   -0.0542
    0.5278    0.5172   -0.0504    0.5816    0.5172   -0.0462
    0.6344    0.5172   -0.0416    0.6856    0.5172   -0.0368
    0.7347    0.5172   -0.0318    0.7810    0.5172   -0.0269
    0.8240    0.5172   -0.0221    0.8633    0.5172   -0.0175
    0.8983    0.5172   -0.0133    0.9286    0.5172   -0.0095
    0.9539    0.5172   -0.0062    0.9739    0.5172   -0.0036
    0.9883    0.5172   -0.0016    0.9971    0.5172   -0.0004
    1.0000    0.5172    0.0000
    1.0000    0.6207    0.0000    0.9971    0.6207    0.0003
    0.9883    0.6207    0.0012    0.9738    0.6207    0.0027
    0.9537    0.6207    0.0046    0.9283    0.6207    0.0070
    0.8979    0.6207    0.0098    0.8628    0.6207    0.0129
    0.8234    0.6207    0.0161    0.7802    0.6207    0.0194
    0.7338    0.6207    0.0228    0.6846    0.6207    0.0260
    0.6332    0.6207    0.0291    0.5803    0.6207    0.0319
    0.5264    0.6207    0.0343    0.4722    0.6207    0.0363
    0.4184    0.6207    0.0376    0.3655    0.6207    0.0382
    0.3142    0.6207    0.0381    0.2650    0.6207    0.0370
    0.2187    0.6207    0.0351    0.1756    0.6207    0.0322
    0.1364    0.6207    0.0284    0.1014    0.6207    0.0237
    0.0711    0.6207    0.0183    0.0459    0.6207    0.0121
    0.0259    0.6207    0.0054    0.0116    0.6207   -0.0018
    0.0029    0.6207   -0.0094    0.0002    0.6207   -0.0173
    0.0032    0.6207   -0.0251    0.0121    0.6207   -0.0324
    0.0267    0.6207   -0.0391    0.0469    0.6207   -0.0452
    0.0723    0.6207   -0.0504    0.1028    0.6207   -0.0549
    0.1379    0.6207   -0.0583    0.1772    0.6207   -0.0608
    0.2204    0.6207   -0.0622    0.2668    0.6207   -0.0625
    0.3159    0.6207   -0.0618    0.3672    0.6207   -0.0602
    0.4200    0.6207   -0.0577    0.4738    0.6207   -0.0545
    0.5279    0.6207   -0.0507    0.5816    0.6207   -0.0464
    0.6344    0.6207   -0.0418    0.6857    0.6207   -0.0370
    0.7347    0.6207   -0.0320    0.7810    0.6207   -0.0270
    0.8241    0.6207   -0.0222    0.8633    0.6207   -0.0176
    0.8983    0.6207   -0.0133    0.9286    0.6207   -0.0095
    0.9539    0.6207   -0.0062    0.9739    0.6207   -0.0036
    0.9883    0.6207   -0.0016    0.9971    0.6207   -0.0004
    1.0000    0.6207    0.0000
    1.0000    0.7241    0.0000    0.9971    0.7241    0.0003
    0.9883    0.7241    0.0012    0.9738    0.7241    0.0027
    0.9537    0.7241    0.0046    0.9283    0.7241    0.0070
    0.8979    0.7241    0.0098    0.8627    0.7241    0.0128
    0.8234    0.7241    0.0160    0.7802    0.7241    0.0193
    0.7338    0.7241    0.0226    0.6846    0.7241    0.0259
    0.6332    0.7241    0.0289    0.5803    0.7241    0.0317
    0.5264    0.7241    0.0341    0.4722    0.7241    0.0360
    0.4184    0.7241    0.0373    0.3655    0.7241    0.0379
    0.3141    0.7241    0.0378    0.2650    0.7241    0.0367
    0.2187    0.7241    0.0347    0.1756    0.7241    0.0318
    0.1364    0.7241    0.0280    0.1014    0.7241    0.0233
    0.0711    0.7241    0.0178    0.0459    0.7241    0.0116
    0.0259    0.7241    0.0049    0.0116    0.7241   -0.0023
    0.0029    0.7241   -0.0099    0.0002    0.7241   -0.0178
    0.0032    0.7241   -0.0256    0.0121    0.7241   -0.0329
    0.0267    0.7241   -0.0396    0.0469    0.7241   -0.0456
    0.0723    0.7241   -0.0509    0.1028    0.7241   -0.0553
    0.1379    0.7241   -0.0587    0.1773    0.7241   -0.0612
    0.2204    0.7241   -0.0625    0.2668    0.7241   -0.0628
    0.3159    0.7241   -0.0622    0.3672    0.7241   -0.0605
    0.4201    0.7241   -0.0580    0.4738    0.7241   -0.0548
    0.5279    0.7241   -0.0510    0.5817    0.7241   -0.0466
    0.6345    0.7241   -0.0420    0.6857    0.7241   -0.0371
    0.7347    0.7241   -0.0321    0.7810    0.7241   -0.0271
    0.8241    0.7241   -0.0223    0.8633    0.7241   -0.0177
    0.8983    0.7241   -0.0134    0.9286    0.7241   -0.0096
    0.9539    0.7241   -0.0063    0.9739    0.7241   -0.0036
    0.9883    0.7241   -0.0016    0.9971    0.7241   -0.0004
    1.0000    0.7241    0.0000
    1.0000    0.8276    0.0000    0.9971    0.8276    0.0003
    0.9883    0.8276    0.0012    0.9738    0.8276    0.0026
    0.9537    0.8276    0.0046    0.9283    0.8276    0.0070
    0.8979    0.8276    0.0097    0.8627    0.8276    0.0127
    0.8234    0.8276    0.0159    0.7802    0.8276    0.0192
    0.7338    0.8276    0.0225    0.6845    0.8276    0.0258
    0.6332    0.8276    0.0288    0.5802    0.8276    0.0316
    0.5264    0.8276    0.0339    0.4722    0.8276    0.0358
    0.4183    0.8276    0.0371    0.3654    0.8276    0.0377
    0.3141    0.8276    0.0375    0.2650    0.8276    0.0364
    0.2187    0.8276    0.0344    0.1756    0.8276    0.0315
    0.1364    0.8276    0.0277    0.1014    0.8276    0.0230
    0.0711    0.8276    0.0175    0.0458    0.8276    0.0113
    0.0259    0.8276    0.0045    0.0116    0.8276   -0.0027
    0.0030    0.8276   -0.0103    0.0002    0.8276   -0.0182
    0.0032    0.8276   -0.0260    0.0121    0.8276   -0.0333
    0.0267    0.8276   -0.0400    0.0469    0.8276   -0.0460
    0.0723    0.8276   -0.0512    0.1028    0.8276   -0.0556
    0.1379    0.8276   -0.0591    0.1773    0.8276   -0.0615
    0.2204    0.8276   -0.0628    0.2668    0.8276   -0.0631
    0.3160    0.8276   -0.0624    0.3672    0.8276   -0.0608
    0.4201    0.8276   -0.0582    0.4738    0.8276   -0.0550
    0.5279    0.8276   -0.0511    0.5817    0.8276   -0.0468
    0.6345    0.8276   -0.0421    0.6857    0.8276   -0.0372
    0.7347    0.8276   -0.0322    0.7811    0.8276   -0.0272
    0.8241    0.8276   -0.0224    0.8633    0.8276   -0.0177
    0.8983    0.8276   -0.0134    0.9286    0.8276   -0.0096
    0.9539    0.8276   -0.0063    0.9739    0.8276   -0.0036
    0.9883    0.8276   -0.0016    0.9971    0.8276   -0.0004
    1.0000    0.8276    0.0000
    1.0000    0.9310    0.0000    0.9971    0.9310    0.0003
    0.9883    0.9310    0.0012    0.9738    0.9310    0.0026
    0.9537    0.9310    0.0046    0.9283    0.9310    0.0070
    0.8978    0.9310    0.0097    0.8627    0.9310    0.0127
    0.8234    0.9310    0.0159    0.7802    0.9310    0.0192
    0.7337    0.9310    0.0225    0.6845    0.9310    0.0257
    0.6332    0.9310    0.0287    0.5802    0.9310    0.0314
    0.5264    0.9310    0.0338    0.4722    0.9310    0.0357
    0.4183    0.9310    0.0369    0.3654    0.9310    0.0375
    0.3141    0.9310    0.0373    0.2650    0.9310    0.0362
    0.2186    0.9310    0.0342    0.1756    0.9310    0.0313
    0.1363    0.9310    0.0274    0.1014    0.9310    0.0227
    0.0711    0.9310    0.0172    0.0458    0.9310    0.0110
    0.0259    0.9310    0.0042    0.0116    0.9310   -0.0030
    0.0030    0.9310   -0.0106    0.0002    0.9310   -0.0185
    0.0032    0.9310   -0.0263    0.0121    0.9310   -0.0336
    0.0268    0.9310   -0.0402    0.0469    0.9310   -0.0463
    0.0724    0.9310   -0.0515    0.1028    0.9310   -0.0559
    0.1380    0.9310   -0.0593    0.1773    0.9310   -0.0617
    0.2204    0.9310   -0.0631    0.2668    0.9310   -0.0633
    0.3160    0.9310   -0.0626    0.3673    0.9310   -0.0609
    0.4201    0.9310   -0.0584    0.4739    0.9310   -0.0552
    0.5279    0.9310   -0.0513    0.5817    0.9310   -0.0469
    0.6345    0.9310   -0.0422    0.6857    0.9310   -0.0373
    0.7348    0.9310   -0.0323    0.7811    0.9310   -0.0273
    0.8241    0.9310   -0.0224    0.8633    0.9310   -0.0178
    0.8983    0.9310   -0.0135    0.9286    0.9310   -0.0096
    0.9539    0.9310   -0.0063    0.9739    0.9310   -0.0036
    0.9883    0.9310   -0.0016    0.9971    0.9310   -0.0004
    1.0000    0.9310    0.0000
    1.0000    1.0345    0.0000    0.9971    1.0345    0.0003
    0.9883    1.0345    0.0012    0.9738    1.0345    0.0026
    0.9537    1.0345    0.0046    0.9283    1.0345    0.0069
    0.8978    1.0345    0.0097    0.8627    1.0345    0.0127
    0.8234    1.0345    0.0159    0.7802    1.0345    0.0191
    0.7337    1.0345    0.0224    0.6845    1.0345    0.0256
    0.6332    1.0345    0.0286    0.5802    1.0345    0.0313
    0.5264    1.0345    0.0337    0.4722    1.0345    0.0355
    0.4183    1.0345    0.0368    0.3654    1.0345    0.0374
    0.3141    1.0345    0.0371    0.2650    1.0345    0.0360
    0.2186    1.0345    0.0340    0.1756    1.0345    0.0311
    0.1363    1.0345    0.0272    0.1014    1.0345    0.0225
    0.0711    1.0345    0.0170    0.0458    1.0345    0.0108
    0.0259    1.0345    0.0040    0.0116    1.0345   -0.0032
    0.0030    1.0345   -0.0108    0.0002    1.0345   -0.0187
    0.0033    1.0345   -0.0265    0.0121    1.0345   -0.0338
    0.0268    1.0345   -0.0405    0.0469    1.0345   -0.0465
    0.0724    1.0345   -0.0517    0.1028    1.0345   -0.0561
    0.1380    1.0345   -0.0595    0.1773    1.0345   -0.0619
    0.2205    1.0345   -0.0632    0.2669    1.0345   -0.0635
    0.3160    1.0345   -0.0628    0.3673    1.0345   -0.0611
    0.4201    1.0345   -0.0586    0.4739    1.0345   -0.0553
    0.5279    1.0345   -0.0514    0.5817    1.0345   -0.0470
    0.6345    1.0345   -0.0423    0.6857    1.0345   -0.0374
    0.7348    1.0345   -0.0324    0.7811    1.0345   -0.0273
    0.8241    1.0345   -0.0225    0.8633    1.0345   -0.0178
    0.8983    1.0345   -0.0135    0.9286    1.0345   -0.0096
    0.9539    1.0345   -0.0063    0.9739    1.0345   -0.0036
    0.9883    1.0345   -0.0016    0.9971    1.0345   -0.0004
    1.0000    1.0345    0.0000
    1.0000    1.1379    0.0000    0.9971    1.1379    0.0003
    0.9883    1.1379    0.0012    0.9738    1.1379    0.0026
    0.9537    1.1379    0.0046    0.9283    1.1379    0.0069
    0.8978    1.1379    0.0097    0.8627    1.1379    0.0126
    0.8234    1.1379    0.0158    0.7802    1.1379    0.0191
    0.7337    1.1379    0.0223    0.6845    1.1379    0.0255
    0.6332    1.1379    0.0285    0.5802    1.1379    0.0312
    0.5263    1.1379    0.0336    0.4722    1.1379    0.0354
    0.4183    1.1379    0.0367    0.3654    1.1379    0.0372
    0.3141    1.1379    0.0370    0.2650    1.1379    0.0359
    0.2186    1.1379    0.0338    0.1756    1.1379    0.0309
    0.1363    1.1379    0.0270    0.1014    1.1379    0.0223
    0.0711    1.1379    0.0168    0.0458    1.1379    0.0106
    0.0259    1.1379    0.0038    0.0116    1.1379   -0.0034
    0.0030    1.1379   -0.0110    0.0002    1.1379   -0.0189
    0.0033    1.1379   -0.0267    0.0122    1.1379   -0.0340
    0.0268    1.1379   -0.0407    0.0469    1.1379   -0.0467
    0.0724    1.1379   -0.0519    0.1029    1.1379   -0.0563
    0.1380    1.1379   -0.0597    0.1773    1.1379   -0.0621
    0.2205    1.1379   -0.0634    0.2669    1.1379   -0.0637
    0.3160    1.1379   -0.0629    0.3673    1.1379   -0.0612
    0.4201    1.1379   -0.0587    0.4739    1.1379   -0.0554
    0.5280    1.1379   -0.0515    0.5817    1.1379   -0.0471
    0.6345    1.1379   -0.0424    0.6857    1.1379   -0.0375
    0.7348    1.1379   -0.0324    0.7811    1.1379   -0.0274
    0.8241    1.1379   -0.0225    0.8633    1.1379   -0.0178
    0.8983    1.1379   -0.0135    0.9286    1.1379   -0.0096
    0.9539    1.1379   -0.0063    0.9739    1.1379   -0.0036
    0.9883    1.1379   -0.0016    0.9971    1.1379   -0.0004
    1.0000    1.1379    0.0000
    1.0000    1.2414    0.0000    0.9971    1.2414    0.0003
    0.9883    1.2414    0.0012    0.9738    1.2414    0.0026
    0.9537    1.2414    0.0045    0.9283    1.2414    0.0069
    0.8978    1.2414    0.0096    0.8627    1.2414    0.0126
    0.8234    1.2414    0.0158    0.7802    1.2414    0.0190
    0.7337    1.2414    0.0223    0.6845    1.2414    0.0255
    0.6332    1.2414    0.0285    0.5802    1.2414    0.0312
    0.5263    1.2414    0.0335    0.4722    1.2414    0.0353
    0.4183    1.2414    0.0366    0.3654    1.2414    0.0371
    0.3141    1.2414    0.0368    0.2650    1.2414    0.0357
    0.2186    1.2414    0.0337    0.1756    1.2414    0.0307
    0.1363    1.2414    0.0268    0.1014    1.2414    0.0221
    0.0711    1.2414    0.0166    0.0458    1.2414    0.0104
    0.0259    1.2414    0.0036    0.0116    1.2414   -0.0036
    0.0030    1.2414   -0.0112    0.0002    1.2414   -0.0191
    0.0033    1.2414   -0.0269    0.0122    1.2414   -0.0342
    0.0268    1.2414   -0.0409    0.0469    1.2414   -0.0469
    0.0724    1.2414   -0.0521    0.1029    1.2414   -0.0565
    0.1380    1.2414   -0.0599    0.1773    1.2414   -0.0622
    0.2205    1.2414   -0.0636    0.2669    1.2414   -0.0638
    0.3160    1.2414   -0.0631    0.3673    1.2414   -0.0614
    0.4201    1.2414   -0.0588    0.4739    1.2414   -0.0555
    0.5280    1.2414   -0.0516    0.5817    1.2414   -0.0472
    0.6345    1.2414   -0.0425    0.6857    1.2414   -0.0375
    0.7348    1.2414   -0.0325    0.7811    1.2414   -0.0274
    0.8241    1.2414   -0.0225    0.8633    1.2414   -0.0179
    0.8983    1.2414   -0.0135    0.9286    1.2414   -0.0097
    0.9539    1.2414   -0.0063    0.9739    1.2414   -0.0036
    0.9883    1.2414   -0.0016    0.9971    1.2414   -0.0004
    1.0000    1.2414    0.0000
    1.0000    1.3448    0.0000    0.9971    1.3448    0.0003
    0.9883    1.3448    0.0012    0.9738    1.3448    0.0026
    0.9537    1.3448    0.0045    0.9283    1.3448    0.0069
    0.8978    1.3448    0.0096    0.8627    1.3448    0.0126
    0.8234    1.3448    0.0158    0.7802    1.3448    0.0190
    0.7337    1.3448    0.0223    0.6845    1.3448    0.0254
    0.6331    1.3448    0.0284    0.5802    1.3448    0.0311
    0.5263    1.3448    0.0334    0.4722    1.3448    0.0352
    0.4183    1.3448    0.0365    0.3654    1.3448    0.0370
    0.3141    1.3448    0.0367    0.2650    1.3448    0.0356
    0.2186    1.3448    0.0336    0.1756    1.3448    0.0306
    0.1363    1.3448    0.0267    0.1014    1.3448    0.0220
    0.0711    1.3448    0.0164    0.0458    1.3448    0.0102
    0.0259    1.3448    0.0034    0.0116    1.3448   -0.0038
    0.0030    1.3448   -0.0114    0.0002    1.3448   -0.0193
    0.0033    1.3448   -0.0271    0.0122    1.3448   -0.0344
    0.0268    1.3448   -0.0410    0.0469    1.3448   -0.0470
    0.0724    1.3448   -0.0523    0.1029    1.3448   -0.0566
    0.1380    1.3448   -0.0600    0.1774    1.3448   -0.0624
    0.2205    1.3448   -0.0637    0.2669    1.3448   -0.0639
    0.3160    1.3448   -0.0632    0.3673    1.3448   -0.0615
    0.4201    1.3448   -0.0589    0.4739    1.3448   -0.0556
    0.5280    1.3448   -0.0517    0.5817    1.3448   -0.0473
    0.6345    1.3448   -0.0425    0.6857    1.3448   -0.0376
    0.7348    1.3448   -0.0325    0.7811    1.3448   -0.0275
    0.8241    1.3448   -0.0226    0.8633    1.3448   -0.0179
    0.8983    1.3448   -0.0135    0.9286    1.3448   -0.0097
    0.9539    1.3448   -0.0063    0.9739    1.3448   -0.0036
    0.9883    1.3448   -0.0016    0.9971    1.3448   -0.0004
    1.0000    1.3448    0.0000
    1.0000    1.4483    0.0000    0.9971    1.4483    0.0003
    0.9883    1.4483    0.0012    0.9738    1.4483    0.0026
    0.9537    1.4483    0.0045    0.9283    1.4483    0.0069
    0.8978    1.4483    0.0096    0.8627    1.4483    0.0126
    0.8234    1.4483    0.0157    0.7802    1.4483    0.0190
    0.7337    1.4483    0.0222    0.6845    1.4483    0.0254
    0.6331    1.4483    0.0283    0.5802    1.4483    0.0310
    0.5263    1.4483    0.0333    0.4721    1.4483    0.0351
    0.4183    1.4483    0.0364    0.3654    1.4483    0.0369
    0.3141    1.4483    0.0366    0.2650    1.4483    0.0355
    0.2186    1.4483    0.0334    0.1756    1.4483    0.0304
    0.1363    1.4483    0.0265    0.1014    1.4483    0.0218
    0.0711    1.4483    0.0163    0.0458    1.4483    0.0101
    0.0259    1.4483    0.0033    0.0116    1.4483   -0.0040
    0.0030    1.4483   -0.0116    0.0002    1.4483   -0.0195
    0.0033    1.4483   -0.0273    0.0122    1.4483   -0.0345
    0.0268    1.4483   -0.0412    0.0470    1.4483   -0.0472
    0.0724    1.4483   -0.0524    0.1029    1.4483   -0.0568
    0.1380    1.4483   -0.0602    0.1774    1.4483   -0.0625
    0.2205    1.4483   -0.0638    0.2669    1.4483   -0.0641
    0.3160    1.4483   -0.0633    0.3673    1.4483   -0.0616
    0.4201    1.4483   -0.0590    0.4739    1.4483   -0.0557
    0.5280    1.4483   -0.0517    0.5817    1.4483   -0.0473
    0.6345    1.4483   -0.0426    0.6857    1.4483   -0.0376
    0.7348    1.4483   -0.0326    0.7811    1.4483   -0.0275
    0.8241    1.4483   -0.0226    0.8633    1.4483   -0.0179
    0.8983    1.4483   -0.0136    0.9286    1.4483   -0.0097
    0.9539    1.4483   -0.0063    0.9739    1.4483   -0.0036
    0.9883    1.4483   -0.0016    0.9971    1.4483   -0.0004
    1.0000    1.4483    0.0000
    1.0000    1.5517    0.0000    0.9971    1.5517    0.0003
    0.9883    1.5517    0.0012    0.9738    1.5517    0.0026
    0.9537    1.5517    0.0045    0.9283    1.5517    0.0069
    0.8978    1.5517    0.0096    0.8627    1.5517    0.0125
    0.8234    1.5517    0.0157    0.7802    1.5517    0.0189
    0.7337    1.5517    0.0222    0.6845    1.5517    0.0253
    0.6331    1.5517    0.0283    0.5802    1.5517    0.0309
    0.5263    1.5517    0.0332    0.4721    1.5517    0.0351
    0.4183    1.5517    0.0363    0.3654    1.5517    0.0368
    0.3141    1.5517    0.0365    0.2650    1.5517    0.0353
    0.2186    1.5517    0.0333    0.1756    1.5517    0.0303
    0.1363    1.5517    0.0264    0.1014    1.5517    0.0216
    0.0711    1.5517    0.0161    0.0458    1.5517    0.0099
    0.0259    1.5517    0.0031    0.0116    1.5517   -0.0041
    0.0030    1.5517   -0.0117    0.0002    1.5517   -0.0197
    0.0033    1.5517   -0.0274    0.0122    1.5517   -0.0347
    0.0268    1.5517   -0.0414    0.0470    1.5517   -0.0474
    0.0724    1.5517   -0.0526    0.1029    1.5517   -0.0569
    0.1380    1.5517   -0.0603    0.1774    1.5517   -0.0627
    0.2205    1.5517   -0.0640    0.2669    1.5517   -0.0642
    0.3160    1.5517   -0.0634    0.3673    1.5517   -0.0617
    0.4202    1.5517   -0.0591    0.4739    1.5517   -0.0558
    0.5280    1.5517   -0.0518    0.5817    1.5517   -0.0474
    0.6345    1.5517   -0.0427    0.6857    1.5517   -0.0377
    0.7348    1.5517   -0.0326    0.7811    1.5517   -0.0275
    0.8241    1.5517   -0.0226    0.8633    1.5517   -0.0179
    0.8983    1.5517   -0.0136    0.9286    1.5517   -0.0097
    0.9539    1.5517   -0.0063    0.9739    1.5517   -0.0036
    0.9883    1.5517   -0.0016    0.9971    1.5517   -0.0004
    1.0000    1.5517    0.0000
    1.0000    1.6552    0.0000    0.9971    1.6552    0.0003
    0.9883    1.6552    0.0012    0.9738    1.6552    0.0026
    0.9537    1.6552    0.0045    0.9283    1.6552    0.0069
    0.8978    1.6552    0.0096    0.8627    1.6552    0.0125
    0.8233    1.6552    0.0157    0.7802    1.6552    0.0189
    0.7337    1.6552    0.0221    0.6845    1.6552    0.0252
    0.6331    1.6552    0.0282    0.5802    1.6552    0.0309
    0.5263    1.6552    0.0332    0.4721    1.6552    0.0350
    0.4183    1.6552    0.0362    0.3654    1.6552    0.0366
    0.3141    1.6552    0.0364    0.2650    1.6552    0.0352
    0.2186    1.6552    0.0331    0.1755    1.6552    0.0301
    0.1363    1.6552    0.0262    0.1014    1.6552    0.0215
    0.0711    1.6552    0.0159    0.0458    1.6552    0.0097
    0.0259    1.6552    0.0029    0.0116    1.6552   -0.0043
    0.0030    1.6552   -0.0119    0.0002    1.6552   -0.0198
    0.0033    1.6552   -0.0276    0.0122    1.6552   -0.0349
    0.0268    1.6552   -0.0416    0.0470    1.6552   -0.0476
    0.0724    1.6552   -0.0528    0.1029    1.6552   -0.0571
    0.1380    1.6552   -0.0605    0.1774    1.6552   -0.0628
    0.2205    1.6552   -0.0641    0.2669    1.6552   -0.0643
    0.3161    1.6552   -0.0635    0.3673    1.6552   -0.0618
    0.4202    1.6552   -0.0592    0.4739    1.6552   -0.0559
    0.5280    1.6552   -0.0519    0.5818    1.6552   -0.0475
    0.6345    1.6552   -0.0427    0.6858    1.6552   -0.0377
    0.7348    1.6552   -0.0327    0.7811    1.6552   -0.0276
    0.8241    1.6552   -0.0227    0.8633    1.6552   -0.0180
    0.8983    1.6552   -0.0136    0.9286    1.6552   -0.0097
    0.9539    1.6552   -0.0064    0.9739    1.6552   -0.0036
    0.9883    1.6552   -0.0016    0.9971    1.6552   -0.0004
    1.0000    1.6552    0.0000
    1.0000    1.7586    0.0000    0.9971    1.7586    0.0003
    0.9883    1.7586    0.0012    0.9738    1.7586    0.0026
    0.9537    1.7586    0.0045    0.9283    1.7586    0.0068
    0.8978    1.7586    0.0095    0.8627    1.7586    0.0125
    0.8233    1.7586    0.0156    0.7802    1.7586    0.0188
    0.7337    1.7586    0.0221    0.6845    1.7586    0.0252
    0.6331    1.7586    0.0281    0.5802    1.7586    0.0308
    0.5263    1.7586    0.0331    0.4721    1.7586    0.0348
    0.4183    1.7586    0.0360    0.3654    1.7586    0.0365
    0.3141    1.7586    0.0362    0.2649    1.7586    0.0350
    0.2186    1.7586    0.0330    0.1755    1.7586    0.0300
    0.1363    1.7586    0.0260    0.1013    1.7586    0.0213
    0.0711    1.7586    0.0157    0.0458    1.7586    0.0095
    0.0259    1.7586    0.0027    0.0116    1.7586   -0.0045
    0.0030    1.7586   -0.0121    0.0002    1.7586   -0.0201
    0.0033    1.7586   -0.0278    0.0122    1.7586   -0.0351
    0.0268    1.7586   -0.0418    0.0470    1.7586   -0.0478
    0.0724    1.7586   -0.0530    0.1029    1.7586   -0.0573
    0.1380    1.7586   -0.0607    0.1774    1.7586   -0.0630
    0.2205    1.7586   -0.0643    0.2669    1.7586   -0.0645
    0.3161    1.7586   -0.0637    0.3674    1.7586   -0.0619
    0.4202    1.7586   -0.0593    0.4739    1.7586   -0.0560
    0.5280    1.7586   -0.0520    0.5818    1.7586   -0.0476
    0.6345    1.7586   -0.0428    0.6858    1.7586   -0.0378
    0.7348    1.7586   -0.0327    0.7811    1.7586   -0.0276
    0.8241    1.7586   -0.0227    0.8633    1.7586   -0.0180
    0.8983    1.7586   -0.0136    0.9286    1.7586   -0.0097
    0.9539    1.7586   -0.0064    0.9739    1.7586   -0.0036
    0.9883    1.7586   -0.0016    0.9971    1.7586   -0.0004
    1.0000    1.7586    0.0000
    1.0000    1.8621    0.0000    0.9971    1.8621    0.0003
    0.9883    1.8621    0.0012    0.9738    1.8621    0.0026
    0.9537    1.8621    0.0045    0.9283    1.8621    0.0068
    0.8978    1.8621    0.0095    0.8627    1.8621    0.0125
    0.8233    1.8621    0.0156    0.7802    1.8621    0.0188
    0.7337    1.8621    0.0220    0.6845    1.8621    0.0251
    0.6331    1.8621    0.0280    0.5802    1.8621    0.0307
    0.5263    1.8621    0.0329    0.4721    1.8621    0.0347
    0.4183    1.8621    0.0359    0.3654    1.8621    0.0364
    0.3141    1.8621    0.0360    0.2649    1.8621    0.0349
    0.2186    1.8621    0.0328    0.1755    1.8621    0.0298
    0.1363    1.8621    0.0258    0.1013    1.8621    0.0211
    0.0711    1.8621    0.0155    0.0458    1.8621    0.0093
    0.0259    1.8621    0.0025    0.0116    1.8621   -0.0048
    0.0030    1.8621   -0.0124    0.0002    1.8621   -0.0203
    0.0033    1.8621   -0.0281    0.0122    1.8621   -0.0353
    0.0268    1.8621   -0.0420    0.0470    1.8621   -0.0480
    0.0725    1.8621   -0.0532    0.1029    1.8621   -0.0575
    0.1381    1.8621   -0.0609    0.1774    1.8621   -0.0632
    0.2206    1.8621   -0.0645    0.2670    1.8621   -0.0647
    0.3161    1.8621   -0.0639    0.3674    1.8621   -0.0621
    0.4202    1.8621   -0.0595    0.4740    1.8621   -0.0561
    0.5280    1.8621   -0.0521    0.5818    1.8621   -0.0477
    0.6346    1.8621   -0.0429    0.6858    1.8621   -0.0379
    0.7348    1.8621   -0.0328    0.7811    1.8621   -0.0277
    0.8241    1.8621   -0.0227    0.8633    1.8621   -0.0180
    0.8983    1.8621   -0.0137    0.9286    1.8621   -0.0097
    0.9539    1.8621   -0.0064    0.9739    1.8621   -0.0036
    0.9883    1.8621   -0.0016    0.9971    1.8621   -0.0004
    1.0000    1.8621    0.0000
    1.0000    1.9655    0.0000    0.9971    1.9655    0.0003
    0.9883    1.9655    0.0012    0.9738    1.9655    0.0026
    0.9537    1.9655    0.0045    0.9283    1.9655    0.0068
    0.8978    1.9655    0.0095    0.8627    1.9655    0.0124
    0.8233    1.9655    0.0155    0.7802    1.9655    0.0187
    0.7337    1.9655    0.0219    0.6845    1.9655    0.0250
    0.6331    1.9655    0.0279    0.5802    1.9655    0.0306
    0.5263    1.9655    0.0328    0.4721    1.9655    0.0346
    0.4183    1.9655    0.0357    0.3654    1.9655    0.0362
    0.3140    1.9655    0.0359    0.2649    1.9655    0.0347
    0.2186    1.9655    0.0326    0.1755    1.9655    0.0295
    0.1363    1.9655    0.0256    0.1013    1.9655    0.0208
    0.0711    1.9655    0.0153    0.0458    1.9655    0.0090
    0.0259    1.9655    0.0022    0.0116    1.9655   -0.0050
    0.0030    1.9655   -0.0127    0.0002    1.9655   -0.0206
    0.0033    1.9655   -0.0283    0.0122    1.9655   -0.0356
    0.0268    1.9655   -0.0423    0.0470    1.9655   -0.0482
    0.0725    1.9655   -0.0534    0.1030    1.9655   -0.0578
    0.1381    1.9655   -0.0611    0.1774    1.9655   -0.0634
    0.2206    1.9655   -0.0647    0.2670    1.9655   -0.0649
    0.3161    1.9655   -0.0640    0.3674    1.9655   -0.0623
    0.4202    1.9655   -0.0596    0.4740    1.9655   -0.0562
    0.5280    1.9655   -0.0523    0.5818    1.9655   -0.0478
    0.6346    1.9655   -0.0430    0.6858    1.9655   -0.0380
    0.7348    1.9655   -0.0328    0.7811    1.9655   -0.0277
    0.8241    1.9655   -0.0228    0.8633    1.9655   -0.0181
    0.8983    1.9655   -0.0137    0.9286    1.9655   -0.0098
    0.9539    1.9655   -0.0064    0.9739    1.9655   -0.0037
    0.9883    1.9655   -0.0016    0.9971    1.9655   -0.0004
    1.0000    1.9655    0.0000
    1.0000    2.0690    0.0000    0.9971    2.0690    0.0003
    0.9883    2.0690    0.0012    0.9738    2.0690    0.0026
    0.9537    2.0690    0.0045    0.9283    2.0690    0.0068
    0.8978    2.0690    0.0095    0.8627    2.0690    0.0124
    0.8233    2.0690    0.0155    0.7802    2.0690    0.0187
    0.7337    2.0690    0.0218    0.6845    2.0690    0.0249
    0.6331    2.0690    0.0278    0.5802    2.0690    0.0304
    0.5263    2.0690    0.0327    0.4721    2.0690    0.0344
    0.4182    2.0690    0.0356    0.3653    2.0690    0.0360
    0.3140    2.0690    0.0357    0.2649    2.0690    0.0345
    0.2186    2.0690    0.0323    0.1755    2.0690    0.0293
    0.1363    2.0690    0.0253    0.1013    2.0690    0.0206
    0.0711    2.0690    0.0150    0.0458    2.0690    0.0087
    0.0259    2.0690    0.0019    0.0116    2.0690   -0.0053
    0.0030    2.0690   -0.0130    0.0002    2.0690   -0.0209
    0.0033    2.0690   -0.0287    0.0122    2.0690   -0.0359
    0.0268    2.0690   -0.0426    0.0470    2.0690   -0.0485
    0.0725    2.0690   -0.0537    0.1030    2.0690   -0.0580
    0.1381    2.0690   -0.0614    0.1775    2.0690   -0.0637
    0.2206    2.0690   -0.0649    0.2670    2.0690   -0.0651
    0.3161    2.0690   -0.0642    0.3674    2.0690   -0.0624
    0.4202    2.0690   -0.0598    0.4740    2.0690   -0.0564
    0.5281    2.0690   -0.0524    0.5818    2.0690   -0.0479
    0.6346    2.0690   -0.0431    0.6858    2.0690   -0.0381
    0.7348    2.0690   -0.0329    0.7811    2.0690   -0.0278
    0.8241    2.0690   -0.0228    0.8633    2.0690   -0.0181
    0.8983    2.0690   -0.0137    0.9286    2.0690   -0.0098
    0.9539    2.0690   -0.0064    0.9739    2.0690   -0.0037
    0.9883    2.0690   -0.0016    0.9971    2.0690   -0.0004
    1.0000    2.0690    0.0000
    1.0000    2.1724    0.0000    0.9971    2.1724    0.0003
    0.9883    2.1724    0.0012    0.9738    2.1724    0.0026
    0.9537    2.1724    0.0045    0.9283    2.1724    0.0068
    0.8978    2.1724    0.0094    0.8627    2.1724    0.0123
    0.8233    2.1724    0.0154    0.7802    2.1724    0.0186
    0.7337    2.1724    0.0217    0.6845    2.1724    0.0248
    0.6331    2.1724    0.0277    0.5802    2.1724    0.0303
    0.5263    2.1724    0.0325    0.4721    2.1724    0.0342
    0.4182    2.1724    0.0354    0.3653    2.1724    0.0358
    0.3140    2.1724    0.0354    0.2649    2.1724    0.0342
    0.2186    2.1724    0.0321    0.1755    2.1724    0.0290
    0.1363    2.1724    0.0251    0.1013    2.1724    0.0202
    0.0711    2.1724    0.0147    0.0458    2.1724    0.0084
    0.0259    2.1724    0.0016    0.0116    2.1724   -0.0057
    0.0030    2.1724   -0.0133    0.0002    2.1724   -0.0212
    0.0033    2.1724   -0.0290    0.0122    2.1724   -0.0362
    0.0269    2.1724   -0.0429    0.0470    2.1724   -0.0489
    0.0725    2.1724   -0.0540    0.1030    2.1724   -0.0583
    0.1381    2.1724   -0.0617    0.1775    2.1724   -0.0639
    0.2206    2.1724   -0.0652    0.2670    2.1724   -0.0653
    0.3161    2.1724   -0.0645    0.3674    2.1724   -0.0627
    0.4203    2.1724   -0.0600    0.4740    2.1724   -0.0566
    0.5281    2.1724   -0.0526    0.5818    2.1724   -0.0481
    0.6346    2.1724   -0.0432    0.6858    2.1724   -0.0382
    0.7348    2.1724   -0.0330    0.7811    2.1724   -0.0279
    0.8241    2.1724   -0.0229    0.8634    2.1724   -0.0181
    0.8983    2.1724   -0.0137    0.9286    2.1724   -0.0098
    0.9539    2.1724   -0.0064    0.9739    2.1724   -0.0037
    0.9883    2.1724   -0.0017    0.9971    2.1724   -0.0004
    1.0000    2.1724    0.0000
    1.0000    2.2759    0.0000    0.9971    2.2759    0.0003
    0.9883    2.2759    0.0012    0.9738    2.2759    0.0026
    0.9537    2.2759    0.0044    0.9283    2.2759    0.0067
    0.8978    2.2759    0.0094    0.8627    2.2759    0.0123
    0.8233    2.2759    0.0153    0.7801    2.2759    0.0185
    0.7337    2.2759    0.0216    0.6845    2.2759    0.0247
    0.6331    2.2759    0.0276    0.5801    2.2759    0.0301
    0.5263    2.2759    0.0323    0.4721    2.2759    0.0340
    0.4182    2.2759    0.0351    0.3653    2.2759    0.0355
    0.3140    2.2759    0.0352    0.2649    2.2759    0.0339
    0.2185    2.2759    0.0318    0.1755    2.2759    0.0287
    0.1363    2.2759    0.0247    0.1013    2.2759    0.0199
    0.0710    2.2759    0.0143    0.0458    2.2759    0.0080
    0.0259    2.2759    0.0012    0.0116    2.2759   -0.0061
    0.0030    2.2759   -0.0137    0.0002    2.2759   -0.0216
    0.0033    2.2759   -0.0294    0.0123    2.2759   -0.0366
    0.0269    2.2759   -0.0433    0.0471    2.2759   -0.0492
    0.0725    2.2759   -0.0544    0.1030    2.2759   -0.0587
    0.1381    2.2759   -0.0620    0.1775    2.2759   -0.0643
    0.2206    2.2759   -0.0655    0.2670    2.2759   -0.0656
    0.3162    2.2759   -0.0647    0.3674    2.2759   -0.0629
    0.4203    2.2759   -0.0602    0.4740    2.2759   -0.0568
    0.5281    2.2759   -0.0528    0.5818    2.2759   -0.0482
    0.6346    2.2759   -0.0434    0.6858    2.2759   -0.0383
    0.7349    2.2759   -0.0331    0.7811    2.2759   -0.0280
    0.8241    2.2759   -0.0230    0.8634    2.2759   -0.0182
    0.8983    2.2759   -0.0138    0.9286    2.2759   -0.0098
    0.9539    2.2759   -0.0064    0.9739    2.2759   -0.0037
    0.9883    2.2759   -0.0017    0.9971    2.2759   -0.0004
    1.0000    2.2759    0.0000
    1.0000    2.3793    0.0000    0.9971    2.3793    0.0003
    0.9883    2.3793    0.0011    0.9738    2.3793    0.0025
    0.9537    2.3793    0.0044    0.9283    2.3793    0.0067
    0.8978    2.3793    0.0093    0.8627    2.3793    0.0122
    0.8233    2.3793    0.0153    0.7801    2.3793    0.0184
    0.7337    2.3793    0.0215    0.6845    2.3793    0.0246
    0.6331    2.3793    0.0274    0.5801    2.3793    0.0299
    0.5262    2.3793    0.0321    0.4721    2.3793    0.0338
    0.4182    2.3793    0.0349    0.3653    2.3793    0.0353
    0.3140    2.3793    0.0349    0.2649    2.3793    0.0336
    0.2185    2.3793    0.0314    0.1755    2.3793    0.0283
    0.1363    2.3793    0.0243    0.1013    2.3793    0.0195
    0.0710    2.3793    0.0139    0.0458    2.3793    0.0076
    0.0259    2.3793    0.0008    0.0116    2.3793   -0.0065
    0.0030    2.3793   -0.0141    0.0002    2.3793   -0.0220
    0.0033    2.3793   -0.0298    0.0123    2.3793   -0.0371
    0.0269    2.3793   -0.0437    0.0471    2.3793   -0.0497
    0.0726    2.3793   -0.0548    0.1030    2.3793   -0.0591
    0.1382    2.3793   -0.0624    0.1775    2.3793   -0.0646
    0.2207    2.3793   -0.0658    0.2671    2.3793   -0.0659
    0.3162    2.3793   -0.0650    0.3675    2.3793   -0.0632
    0.4203    2.3793   -0.0605    0.4741    2.3793   -0.0570
    0.5281    2.3793   -0.0530    0.5819    2.3793   -0.0484
    0.6346    2.3793   -0.0435    0.6858    2.3793   -0.0384
    0.7349    2.3793   -0.0332    0.7812    2.3793   -0.0281
    0.8242    2.3793   -0.0230    0.8634    2.3793   -0.0183
    0.8983    2.3793   -0.0138    0.9286    2.3793   -0.0099
    0.9539    2.3793   -0.0065    0.9739    2.3793   -0.0037
    0.9883    2.3793   -0.0017    0.9971    2.3793   -0.0004
    1.0000    2.3793    0.0000
    1.0000    2.4828    0.0000    0.9971    2.4828    0.0003
    0.9883    2.4828    0.0011    0.9738    2.4828    0.0025
    0.9537    2.4828    0.0044    0.9283    2.4828    0.0067
    0.8978    2.4828    0.0093    0.8627    2.4828    0.0121
    0.8233    2.4828    0.0152    0.7801    2.4828    0.0183
    0.7337    2.4828    0.0214    0.6844    2.4828    0.0244
    0.6331    2.4828    0.0272    0.5801    2.4828    0.0297
    0.5262    2.4828    0.0319    0.4720    2.4828    0.0335
    0.4182    2.4828    0.0346    0.3653    2.4828    0.0349
    0.3140    2.4828    0.0345    0.2649    2.4828    0.0332
    0.2185    2.4828    0.0310    0.1755    2.4828    0.0279
    0.1362    2.4828    0.0239    0.1013    2.4828    0.0190
    0.0710    2.4828    0.0134    0.0458    2.4828    0.0071
    0.0259    2.4828    0.0003    0.0116    2.4828   -0.0070
    0.0030    2.4828   -0.0146    0.0003    2.4828   -0.0225
    0.0034    2.4828   -0.0303    0.0123    2.4828   -0.0376
    0.0269    2.4828   -0.0442    0.0471    2.4828   -0.0501
    0.0726    2.4828   -0.0553    0.1031    2.4828   -0.0595
    0.1382    2.4828   -0.0628    0.1776    2.4828   -0.0650
    0.2207    2.4828   -0.0662    0.2671    2.4828   -0.0663
    0.3162    2.4828   -0.0654    0.3675    2.4828   -0.0635
    0.4203    2.4828   -0.0608    0.4741    2.4828   -0.0573
    0.5281    2.4828   -0.0532    0.5819    2.4828   -0.0486
    0.6347    2.4828   -0.0437    0.6859    2.4828   -0.0386
    0.7349    2.4828   -0.0334    0.7812    2.4828   -0.0282
    0.8242    2.4828   -0.0231    0.8634    2.4828   -0.0183
    0.8983    2.4828   -0.0139    0.9286    2.4828   -0.0099
    0.9539    2.4828   -0.0065    0.9739    2.4828   -0.0037
    0.9883    2.4828   -0.0017    0.9971    2.4828   -0.0004
    1.0000    2.4828    0.0000
    1.0000    2.5862    0.0000    0.9971    2.5862    0.0003
    0.9883    2.5862    0.0011    0.9738    2.5862    0.0025
    0.9537    2.5862    0.0044    0.9283    2.5862    0.0066
    0.8978    2.5862    0.0092    0.8627    2.5862    0.0121
    0.8233    2.5862    0.0151    0.7801    2.5862    0.0182
    0.7336    2.5862    0.0212    0.6844    2.5862    0.0242
    0.6330    2.5862    0.0270    0.5801    2.5862    0.0295
    0.5262    2.5862    0.0316    0.4720    2.5862    0.0332
    0.4182    2.5862    0.0343    0.3653    2.5862    0.0346
    0.3140    2.5862    0.0341    0.2648    2.5862    0.0328
    0.2185    2.5862    0.0306    0.1755    2.5862    0.0275
    0.1362    2.5862    0.0234    0.1013    2.5862    0.0186
    0.0710    2.5862    0.0129    0.0458    2.5862    0.0066
    0.0259    2.5862   -0.0002    0.0116    2.5862   -0.0075
    0.0030    2.5862   -0.0152    0.0003    2.5862   -0.0231
    0.0034    2.5862   -0.0309    0.0123    2.5862   -0.0381
    0.0269    2.5862   -0.0447    0.0471    2.5862   -0.0507
    0.0726    2.5862   -0.0558    0.1031    2.5862   -0.0600
    0.1382    2.5862   -0.0633    0.1776    2.5862   -0.0655
    0.2207    2.5862   -0.0666    0.2671    2.5862   -0.0667
    0.3163    2.5862   -0.0658    0.3675    2.5862   -0.0639
    0.4204    2.5862   -0.0611    0.4741    2.5862   -0.0576
    0.5282    2.5862   -0.0535    0.5819    2.5862   -0.0489
    0.6347    2.5862   -0.0439    0.6859    2.5862   -0.0388
    0.7349    2.5862   -0.0335    0.7812    2.5862   -0.0283
    0.8242    2.5862   -0.0232    0.8634    2.5862   -0.0184
    0.8983    2.5862   -0.0139    0.9286    2.5862   -0.0099
    0.9539    2.5862   -0.0065    0.9739    2.5862   -0.0037
    0.9883    2.5862   -0.0017    0.9971    2.5862   -0.0004
    1.0000    2.5862    0.0000
    1.0000    2.6897    0.0000    0.9971    2.6897    0.0003
    0.9883    2.6897    0.0011    0.9738    2.6897    0.0025
    0.9537    2.6897    0.0043    0.9283    2.6897    0.0066
    0.8978    2.6897    0.0092    0.8627    2.6897    0.0120
    0.8233    2.6897    0.0150    0.7801    2.6897    0.0180
    0.7336    2.6897    0.0211    0.6844    2.6897    0.0240
    0.6330    2.6897    0.0268    0.5801    2.6897    0.0292
    0.5262    2.6897    0.0313    0.4720    2.6897    0.0329
    0.4181    2.6897    0.0339    0.3652    2.6897    0.0342
    0.3139    2.6897    0.0337    0.2648    2.6897    0.0324
    0.2185    2.6897    0.0301    0.1754    2.6897    0.0269
    0.1362    2.6897    0.0229    0.1013    2.6897    0.0180
    0.0710    2.6897    0.0123    0.0458    2.6897    0.0060
    0.0259    2.6897   -0.0008    0.0116    2.6897   -0.0081
    0.0030    2.6897   -0.0158    0.0003    2.6897   -0.0237
    0.0034    2.6897   -0.0315    0.0123    2.6897   -0.0387
    0.0270    2.6897   -0.0453    0.0472    2.6897   -0.0512
    0.0726    2.6897   -0.0564    0.1031    2.6897   -0.0606
    0.1383    2.6897   -0.0638    0.1776    2.6897   -0.0660
    0.2208    2.6897   -0.0671    0.2672    2.6897   -0.0672
    0.3163    2.6897   -0.0662    0.3676    2.6897   -0.0642
    0.4204    2.6897   -0.0614    0.4742    2.6897   -0.0579
    0.5282    2.6897   -0.0537    0.5819    2.6897   -0.0491
    0.6347    2.6897   -0.0441    0.6859    2.6897   -0.0390
    0.7349    2.6897   -0.0337    0.7812    2.6897   -0.0284
    0.8242    2.6897   -0.0233    0.8634    2.6897   -0.0185
    0.8983    2.6897   -0.0140    0.9286    2.6897   -0.0100
    0.9539    2.6897   -0.0065    0.9739    2.6897   -0.0037
    0.9883    2.6897   -0.0017    0.9971    2.6897   -0.0004
    1.0000    2.6897    0.0000
    1.0000    2.7931    0.0000    0.9971    2.7931    0.0003
    0.9883    2.7931    0.0011    0.9738    2.7931    0.0025
    0.9537    2.7931    0.0043    0.9282    2.7931    0.0065
    0.8978    2.7931    0.0091    0.8627    2.7931    0.0119
    0.8233    2.7931    0.0149    0.7801    2.7931    0.0179
    0.7336    2.7931    0.0209    0.6844    2.7931    0.0238
    0.6330    2.7931    0.0265    0.5801    2.7931    0.0290
    0.5262    2.7931    0.0310    0.4720    2.7931    0.0325
    0.4181    2.7931    0.0335    0.3652    2.7931    0.0338
    0.3139    2.7931    0.0332    0.2648    2.7931    0.0319
    0.2185    2.7931    0.0296    0.1754    2.7931    0.0264
    0.1362    2.7931    0.0223    0.1013    2.7931    0.0174
    0.0710    2.7931    0.0117    0.0458    2.7931    0.0054
    0.0259    2.7931   -0.0015    0.0116    2.7931   -0.0088
    0.0030    2.7931   -0.0165    0.0003    2.7931   -0.0244
    0.0034    2.7931   -0.0322    0.0124    2.7931   -0.0394
    0.0270    2.7931   -0.0460    0.0472    2.7931   -0.0519
    0.0727    2.7931   -0.0570    0.1032    2.7931   -0.0612
    0.1383    2.7931   -0.0644    0.1777    2.7931   -0.0666
    0.2208    2.7931   -0.0677    0.2672    2.7931   -0.0677
    0.3164    2.7931   -0.0667    0.3676    2.7931   -0.0647
    0.4204    2.7931   -0.0618    0.4742    2.7931   -0.0583
    0.5282    2.7931   -0.0541    0.5820    2.7931   -0.0494
    0.6347    2.7931   -0.0444    0.6859    2.7931   -0.0392
    0.7350    2.7931   -0.0339    0.7812    2.7931   -0.0286
    0.8242    2.7931   -0.0235    0.8634    2.7931   -0.0186
    0.8984    2.7931   -0.0141    0.9287    2.7931   -0.0100
    0.9539    2.7931   -0.0066    0.9739    2.7931   -0.0038
    0.9883    2.7931   -0.0017    0.9971    2.7931   -0.0004
    1.0000    2.7931    0.0000
    1.0000    2.8966    0.0000    0.9971    2.8966    0.0003
    0.9883    2.8966    0.0011    0.9738    2.8966    0.0025
    0.9537    2.8966    0.0043    0.9282    2.8966    0.0065
    0.8978    2.8966    0.0090    0.8627    2.8966    0.0118
    0.8233    2.8966    0.0147    0.7801    2.8966    0.0177
    0.7336    2.8966    0.0207    0.6844    2.8966    0.0236
    0.6330    2.8966    0.0262    0.5800    2.8966    0.0286
    0.5261    2.8966    0.0306    0.4720    2.8966    0.0321
    0.4181    2.8966    0.0331    0.3652    2.8966    0.0333
    0.3139    2.8966    0.0327    0.2648    2.8966    0.0313
    0.2184    2.8966    0.0290    0.1754    2.8966    0.0257
    0.1362    2.8966    0.0216    0.1012    2.8966    0.0167
    0.0710    2.8966    0.0110    0.0458    2.8966    0.0046
    0.0259    2.8966   -0.0023    0.0116    2.8966   -0.0096
    0.0030    2.8966   -0.0172    0.0003    2.8966   -0.0252
    0.0034    2.8966   -0.0329    0.0124    2.8966   -0.0402
    0.0270    2.8966   -0.0467    0.0472    2.8966   -0.0526
    0.0727    2.8966   -0.0577    0.1032    2.8966   -0.0619
    0.1384    2.8966   -0.0651    0.1777    2.8966   -0.0672
    0.2209    2.8966   -0.0683    0.2673    2.8966   -0.0682
    0.3164    2.8966   -0.0672    0.3677    2.8966   -0.0652
    0.4205    2.8966   -0.0623    0.4742    2.8966   -0.0587
    0.5283    2.8966   -0.0544    0.5820    2.8966   -0.0497
    0.6348    2.8966   -0.0447    0.6860    2.8966   -0.0394
    0.7350    2.8966   -0.0341    0.7812    2.8966   -0.0288
    0.8242    2.8966   -0.0236    0.8634    2.8966   -0.0187
    0.8984    2.8966   -0.0141    0.9287    2.8966   -0.0101
    0.9539    2.8966   -0.0066    0.9739    2.8966   -0.0038
    0.9883    2.8966   -0.0017    0.9971    2.8966   -0.0004
    1.0000    2.8966    0.0000
    1.0000    3.0000    0.0000    0.9971    3.0000    0.0003
    0.9883    3.0000    0.0011    0.9738    3.0000    0.0024
    0.9537    3.0000    0.0042    0.9282    3.0000    0.0064
    0.8978    3.0000    0.0089    0.8626    3.0000    0.0117
    0.8233    3.0000    0.0146    0.7801    3.0000    0.0175
    0.7336    3.0000    0.0205    0.6844    3.0000    0.0233
    0.6330    3.0000    0.0259    0.5800    3.0000    0.0283
    0.5261    3.0000    0.0302    0.4719    3.0000    0.0317
    0.4181    3.0000    0.0326    0.3652    3.0000    0.0327
    0.3139    3.0000    0.0321    0.2647    3.0000    0.0307
    0.2184    3.0000    0.0283    0.1754    3.0000    0.0250
    0.1362    3.0000    0.0209    0.1012    3.0000    0.0159
    0.0710    3.0000    0.0102    0.0458    3.0000    0.0038
    0.0259    3.0000   -0.0031    0.0116    3.0000   -0.0104
    0.0031    3.0000   -0.0181    0.0003    3.0000   -0.0260
    0.0035    3.0000   -0.0338    0.0124    3.0000   -0.0410
    0.0271    3.0000   -0.0476    0.0473    3.0000   -0.0534
    0.0728    3.0000   -0.0585    0.1033    3.0000   -0.0626
    0.1384    3.0000   -0.0658    0.1778    3.0000   -0.0679
    0.2209    3.0000   -0.0689    0.2673    3.0000   -0.0689
    0.3165    3.0000   -0.0678    0.3677    3.0000   -0.0657
    0.4205    3.0000   -0.0628    0.4743    3.0000   -0.0591
    0.5283    3.0000   -0.0548    0.5821    3.0000   -0.0501
    0.6348    3.0000   -0.0450    0.6860    3.0000   -0.0397
    0.7350    3.0000   -0.0343    0.7813    3.0000   -0.0289
    0.8243    3.0000   -0.0237    0.8634    3.0000   -0.0188
    0.8984    3.0000   -0.0142    0.9287    3.0000   -0.0101
    0.9539    3.0000   -0.0066    0.9739    3.0000   -0.0038
    0.9884    3.0000   -0.0017    0.9971    3.0000   -0.0004
    1.0000    3.0000    0.0000
$POINTS for network #  2   wingtip                                           
       1.0
       1.0                                     0.0       0.0
      30.0       8.0                                                  wingtip   
    1.0000    3.0000    0.0000    0.9971    3.0000    0.0003
    0.9883    3.0000    0.0011    0.9738    3.0000    0.0024
    0.9537    3.0000    0.0042    0.9282    3.0000    0.0064
    0.8978    3.0000    0.0089    0.8626    3.0000    0.0117
    0.8233    3.0000    0.0146    0.7801    3.0000    0.0175
    0.7336    3.0000    0.0205    0.6844    3.0000    0.0233
    0.6330    3.0000    0.0259    0.5800    3.0000    0.0283
    0.5261    3.0000    0.0302    0.4719    3.0000    0.0317
    0.4181    3.0000    0.0326    0.3652    3.0000    0.0327
    0.3139    3.0000    0.0321    0.2647    3.0000    0.0307
    0.2184    3.0000    0.0283    0.1754    3.0000    0.0250
    0.1362    3.0000    0.0209    0.1012    3.0000    0.0159
    0.0710    3.0000    0.0102    0.0458    3.0000    0.0038
    0.0259    3.0000   -0.0031    0.0116    3.0000   -0.0104
    0.0031    3.0000   -0.0181    0.0003    3.0000   -0.0260
    1.0000    3.0000    0.0000    0.9971    3.0002    0.0002
    0.9883    3.0006    0.0010    0.9738    3.0014    0.0021
    0.9537    3.0024    0.0037    0.9283    3.0036    0.0056
    0.8978    3.0050    0.0078    0.8627    3.0066    0.0102
    0.8233    3.0083    0.0127    0.7801    3.0101    0.0152
    0.7337    3.0119    0.0178    0.6844    3.0137    0.0202
    0.6331    3.0154    0.0224    0.5801    3.0170    0.0244
    0.5262    3.0185    0.0260    0.4720    3.0197    0.0272
    0.4182    3.0207    0.0278    0.3653    3.0214    0.0279
    0.3140    3.0217    0.0272    0.2649    3.0216    0.0257
    0.2185    3.0211    0.0235    0.1755    3.0202    0.0204
    0.1363    3.0188    0.0166    0.1013    3.0170    0.0120
    0.0711    3.0149    0.0068    0.0459    3.0124    0.0010
    0.0260    3.0097   -0.0053    0.0117    3.0066   -0.0119
    0.0031    3.0034   -0.0189    0.0003    3.0000   -0.0260
    1.0000    3.0000    0.0000    0.9971    3.0003    0.0001
    0.9883    3.0011    0.0006    0.9738    3.0024    0.0013
    0.9537    3.0042    0.0022    0.9283    3.0065    0.0033
    0.8979    3.0091    0.0046    0.8628    3.0119    0.0059
    0.8234    3.0150    0.0074    0.7803    3.0182    0.0088
    0.7339    3.0214    0.0102    0.6847    3.0246    0.0114
    0.6333    3.0277    0.0126    0.5804    3.0306    0.0135
    0.5265    3.0333    0.0142    0.4724    3.0355    0.0146
    0.4185    3.0373    0.0146    0.3657    3.0385    0.0142
    0.3144    3.0391    0.0133    0.2652    3.0389    0.0119
    0.2189    3.0380    0.0100    0.1758    3.0363    0.0076
    0.1366    3.0339    0.0046    0.1016    3.0307    0.0011
    0.0713    3.0269   -0.0027    0.0461    3.0224   -0.0070
    0.0261    3.0174   -0.0115    0.0118    3.0120   -0.0162
    0.0031    3.0061   -0.0210    0.0003    3.0000   -0.0260
    1.0000    3.0000    0.0000    0.9971    3.0003    0.0000
    0.9883    3.0014    0.0000    0.9738    3.0030    0.0000
    0.9538    3.0053    0.0000    0.9284    3.0081   -0.0000
    0.8980    3.0113   -0.0001    0.8630    3.0149   -0.0002
    0.8236    3.0187   -0.0003    0.7805    3.0227   -0.0005
    0.7341    3.0267   -0.0008    0.6850    3.0307   -0.0012
    0.6337    3.0346   -0.0016    0.5808    3.0382   -0.0022
    0.5270    3.0415   -0.0028    0.4728    3.0443   -0.0036
    0.4190    3.0465   -0.0045    0.3662    3.0480   -0.0055
    0.3149    3.0487   -0.0067    0.2658    3.0485   -0.0080
    0.2194    3.0474   -0.0095    0.1763    3.0453   -0.0111
    0.1370    3.0423   -0.0128    0.1020    3.0383   -0.0146
    0.0717    3.0335   -0.0165    0.0464    3.0279   -0.0184
    0.0264    3.0217   -0.0204    0.0119    3.0149   -0.0223
    0.0032    3.0077   -0.0242    0.0003    3.0000   -0.0260
    1.0000    3.0000    0.0000    0.9971    3.0003   -0.0002
    0.9883    3.0014   -0.0006    0.9739    3.0030   -0.0014
    0.9538    3.0053   -0.0024    0.9285    3.0081   -0.0037
    0.8981    3.0113   -0.0052    0.8631    3.0149   -0.0070
    0.8239    3.0187   -0.0088    0.7808    3.0227   -0.0109
    0.7345    3.0267   -0.0130    0.6854    3.0307   -0.0152
    0.6341    3.0346   -0.0174    0.5813    3.0382   -0.0196
    0.5275    3.0415   -0.0218    0.4734    3.0443   -0.0238
    0.4196    3.0465   -0.0257    0.3667    3.0480   -0.0274
    0.3155    3.0487   -0.0289    0.2663    3.0485   -0.0302
    0.2200    3.0474   -0.0311    0.1769    3.0453   -0.0318
    0.1375    3.0423   -0.0321    0.1025    3.0383   -0.0321
    0.0721    3.0335   -0.0318    0.0467    3.0279   -0.0312
    0.0266    3.0217   -0.0303    0.0121    3.0149   -0.0291
    0.0033    3.0077   -0.0277    0.0003    3.0000   -0.0260
    1.0000    3.0000    0.0000    0.9971    3.0003   -0.0003
    0.9883    3.0011   -0.0012    0.9739    3.0024   -0.0026
    0.9539    3.0042   -0.0046    0.9286    3.0065   -0.0070
    0.8983    3.0091   -0.0099    0.8633    3.0119   -0.0131
    0.8241    3.0150   -0.0165    0.7810    3.0182   -0.0202
    0.7347    3.0214   -0.0240    0.6857    3.0246   -0.0278
    0.6345    3.0277   -0.0316    0.5817    3.0306   -0.0353
    0.5279    3.0333   -0.0388    0.4738    3.0355   -0.0420
    0.4201    3.0373   -0.0448    0.3672    3.0385   -0.0472
    0.3160    3.0391   -0.0490    0.2669    3.0389   -0.0501
    0.2205    3.0380   -0.0506    0.1773    3.0363   -0.0504
    0.1380    3.0339   -0.0495    0.1029    3.0307   -0.0479
    0.0724    3.0269   -0.0456    0.0470    3.0224   -0.0427
    0.0269    3.0174   -0.0392    0.0123    3.0120   -0.0352
    0.0034    3.0061   -0.0308    0.0003    3.0000   -0.0260
    1.0000    3.0000    0.0000    0.9971    3.0002   -0.0004
    0.9883    3.0006   -0.0016    0.9739    3.0014   -0.0035
    0.9539    3.0024   -0.0061    0.9286    3.0036   -0.0093
    0.8984    3.0050   -0.0131    0.8634    3.0066   -0.0173
    0.8242    3.0083   -0.0218    0.7812    3.0101   -0.0266
    0.7349    3.0119   -0.0316    0.6859    3.0137   -0.0366
    0.6347    3.0154   -0.0415    0.5820    3.0170   -0.0462
    0.5282    3.0185   -0.0506    0.4742    3.0197   -0.0546
    0.4204    3.0207   -0.0581    0.3676    3.0214   -0.0608
    0.3163    3.0217   -0.0628    0.2672    3.0216   -0.0639
    0.2208    3.0211   -0.0641    0.1777    3.0202   -0.0633
    0.1383    3.0188   -0.0615    0.1032    3.0170   -0.0588
    0.0727    3.0149   -0.0551    0.0472    3.0124   -0.0506
    0.0270    3.0097   -0.0454    0.0124    3.0066   -0.0395
    0.0035    3.0034   -0.0330    0.0003    3.0000   -0.0260
    1.0000    3.0000    0.0000    0.9971    3.0000   -0.0004
    0.9884    3.0000   -0.0017    0.9739    3.0000   -0.0038
    0.9539    3.0000   -0.0066    0.9287    3.0000   -0.0101
    0.8984    3.0000   -0.0142    0.8634    3.0000   -0.0188
    0.8243    3.0000   -0.0237    0.7813    3.0000   -0.0289
    0.7350    3.0000   -0.0343    0.6860    3.0000   -0.0397
    0.6348    3.0000   -0.0450    0.5821    3.0000   -0.0501
    0.5283    3.0000   -0.0548    0.4743    3.0000   -0.0591
    0.4205    3.0000   -0.0628    0.3677    3.0000   -0.0657
    0.3165    3.0000   -0.0678    0.2673    3.0000   -0.0689
    0.2209    3.0000   -0.0689    0.1778    3.0000   -0.0679
    0.1384    3.0000   -0.0658    0.1033    3.0000   -0.0626
    0.0728    3.0000   -0.0585    0.0473    3.0000   -0.0534
    0.0271    3.0000   -0.0476    0.0124    3.0000   -0.0410
    0.0035    3.0000   -0.0338    0.0003    3.0000   -0.0260
$POINTS for network #  3   wingwake                                          
       1.0
      18.0                                     0.0       0.0
       2.0      30.0                                                  wingwake  
    1.0000    0.0000    0.0000   50.0000    0.0000    0.0000
    1.0000    0.1034    0.0000   50.0000    0.1034    0.0000
    1.0000    0.2069    0.0000   50.0000    0.2069    0.0000
    1.0000    0.3103    0.0000   50.0000    0.3103    0.0000
    1.0000    0.4138    0.0000   50.0000    0.4138    0.0000
    1.0000    0.5172    0.0000   50.0000    0.5172    0.0000
    1.0000    0.6207    0.0000   50.0000    0.6207    0.0000
    1.0000    0.7241    0.0000   50.0000    0.7241    0.0000
    1.0000    0.8276    0.0000   50.0000    0.8276    0.0000
    1.0000    0.9310    0.0000   50.0000    0.9310    0.0000
    1.0000    1.0345    0.0000   50.0000    1.0345    0.0000
    1.0000    1.1379    0.0000   50.0000    1.1379    0.0000
    1.0000    1.2414    0.0000   50.0000    1.2414    0.0000
    1.0000    1.3448    0.0000   50.0000    1.3448    0.0000
    1.0000    1.4483    0.0000   50.0000    1.4483    0.0000
    1.0000    1.5517    0.0000   50.0000    1.5517    0.0000
    1.0000    1.6552    0.0000   50.0000    1.6552    0.0000
    1.0000    1.7586    0.0000   50.0000    1.7586    0.0000
    1.0000    1.8621    0.0000   50.0000    1.8621    0.0000
    1.0000    1.9655    0.0000   50.0000    1.9655    0.0000
    1.0000    2.0690    0.0000   50.0000    2.0690    0.0000
    1.0000    2.1724    0.0000   50.0000    2.1724    0.0000
    1.0000    2.2759    0.0000   50.0000    2.2759    0.0000
    1.0000    2.3793    0.0000   50.0000    2.3793    0.0000
    1.0000    2.4828    0.0000   50.0000    2.4828    0.0000
    1.0000    2.5862    0.0000   50.0000    2.5862    0.0000
    1.0000    2.6897    0.0000   50.0000    2.6897    0.0000
    1.0000    2.7931    0.0000   50.0000    2.7931    0.0000
    1.0000    2.8966    0.0000   50.0000    2.8966    0.0000
    1.0000    3.0000    0.0000   50.0000    3.0000    0.0000
$END OF INPUT DATA
