$TITLE    Created by panin, version 1.0 (4Jan2000) on                
INPUT FILE FOR PanAir (A502-ht2)                                                
Created by PANIN                                                                
$DATACHECK
    0.0000
$SYM
    1.0000    0.0000
$MACH NUMBER
    0.5000
$CASES
    1.0000
$ANGLES OF ATTACK
    0.0000
    7.4200
$YAW ANGLES
    0.0000
    0.0000
$REFERENCE DATA FOR 3-D FORCES AND MOMENTS
    0.2500    0.0000    0.0000    1.0000
    6.0000    6.0000    1.0000    6.0000
$PRINTOUT CONTROL
       0.0       0.0       0.0       0.0       0.0       0.0
       0.0       0.0       0.0       0.0       0.0       0.0
$EAT
  0.000000       0.0       0.0       0.0       0.0       0.0
$VELOCITY CORRECTION
    0.0000
$POINTS for network #  1   wing                                              
       1.0
       1.0                                     0.0       0.0
      59.0      30.0                                                  wing      
    1.0000    0.0000    0.0000    0.9971    0.0000    0.0004
    0.9883    0.0000    0.0014    0.9738    0.0000    0.0031
    0.9538    0.0000    0.0054    0.9284    0.0000    0.0083
    0.8980    0.0000    0.0116    0.8630    0.0000    0.0152
    0.8237    0.0000    0.0192    0.7806    0.0000    0.0232
    0.7342    0.0000    0.0274    0.6851    0.0000    0.0315
    0.6338    0.0000    0.0355    0.5809    0.0000    0.0392
    0.5271    0.0000    0.0425    0.4729    0.0000    0.0454
    0.4191    0.0000    0.0477    0.3662    0.0000    0.0492
    0.3149    0.0000    0.0500    0.2658    0.0000    0.0498
    0.2194    0.0000    0.0486    0.1763    0.0000    0.0465
    0.1370    0.0000    0.0434    0.1020    0.0000    0.0393
    0.0716    0.0000    0.0344    0.0462    0.0000    0.0286
    0.0262    0.0000    0.0222    0.0117    0.0000    0.0153
    0.0029    0.0000    0.0079    0.0000    0.0000    0.0000
    0.0029    0.0000   -0.0079    0.0117    0.0000   -0.0153
    0.0262    0.0000   -0.0222    0.0462    0.0000   -0.0286
    0.0716    0.0000   -0.0344    0.1020    0.0000   -0.0393
    0.1370    0.0000   -0.0434    0.1763    0.0000   -0.0465
    0.2194    0.0000   -0.0486    0.2658    0.0000   -0.0498
    0.3149    0.0000   -0.0500    0.3662    0.0000   -0.0492
    0.4191    0.0000   -0.0477    0.4729    0.0000   -0.0454
    0.5271    0.0000   -0.0425    0.5809    0.0000   -0.0392
    0.6338    0.0000   -0.0355    0.6851    0.0000   -0.0315
    0.7342    0.0000   -0.0274    0.7806    0.0000   -0.0232
    0.8237    0.0000   -0.0192    0.8630    0.0000   -0.0152
    0.8980    0.0000   -0.0116    0.9284    0.0000   -0.0083
    0.9538    0.0000   -0.0054    0.9738    0.0000   -0.0031
    0.9883    0.0000   -0.0014    0.9971    0.0000   -0.0004
    1.0000    0.0000    0.0000
    1.0000    0.1034    0.0000    0.9971    0.1034    0.0003
    0.9883    0.1034    0.0013    0.9738    0.1034    0.0030
    0.9538    0.1034    0.0052    0.9284    0.1034    0.0079
    0.8980    0.1034    0.0111    0.8629    0.1034    0.0145
    0.8236    0.1034    0.0183    0.7805    0.1034    0.0221
    0.7341    0.1034    0.0260    0.6849    0.1034    0.0299
    0.6336    0.1034    0.0336    0.5807    0.1034    0.0371
    0.5269    0.1034    0.0402    0.4727    0.1034    0.0428
    0.4189    0.1034    0.0448    0.3660    0.1034    0.0460
    0.3147    0.1034    0.0465    0.2656    0.1034    0.0461
    0.2192    0.1034    0.0447    0.1761    0.1034    0.0423
    0.1368    0.1034    0.0390    0.1018    0.1034    0.0348
    0.0714    0.1034    0.0297    0.0461    0.1034    0.0238
    0.0261    0.1034    0.0173    0.0116    0.1034    0.0103
    0.0029    0.1034    0.0028    0.0000    0.1034   -0.0050
    0.0030    0.1034   -0.0129    0.0118    0.1034   -0.0203
    0.0263    0.1034   -0.0272    0.0464    0.1034   -0.0334
    0.0718    0.1034   -0.0390    0.1022    0.1034   -0.0438
    0.1372    0.1034   -0.0477    0.1766    0.1034   -0.0506
    0.2197    0.1034   -0.0526    0.2661    0.1034   -0.0535
    0.3152    0.1034   -0.0534    0.3665    0.1034   -0.0524
    0.4194    0.1034   -0.0506    0.4732    0.1034   -0.0481
    0.5273    0.1034   -0.0449    0.5811    0.1034   -0.0413
    0.6339    0.1034   -0.0373    0.6852    0.1034   -0.0331
    0.7343    0.1034   -0.0287    0.7807    0.1034   -0.0243
    0.8238    0.1034   -0.0200    0.8631    0.1034   -0.0159
    0.8981    0.1034   -0.0121    0.9285    0.1034   -0.0086
    0.9538    0.1034   -0.0057    0.9738    0.1034   -0.0032
    0.9883    0.1034   -0.0015    0.9971    0.1034   -0.0004
    1.0000    0.1034    0.0000
    1.0000    0.2069    0.0000    0.9971    0.2069    0.0003
    0.9883    0.2069    0.0013    0.9738    0.2069    0.0029
    0.9538    0.2069    0.0051    0.9284    0.2069    0.0078
    0.8980    0.2069    0.0109    0.8629    0.2069    0.0144
    0.8236    0.2069    0.0180    0.7804    0.2069    0.0218
    0.7340    0.2069    0.0257    0.6849    0.2069    0.0295
    0.6335    0.2069    0.0331    0.5806    0.2069    0.0365
    0.5268    0.2069    0.0395    0.4726    0.2069    0.0420
    0.4188    0.2069    0.0439    0.3659    0.2069    0.0451
    0.3146    0.2069    0.0455    0.2655    0.2069    0.0450
    0.2191    0.2069    0.0436    0.1760    0.2069    0.0412
    0.1367    0.2069    0.0378    0.1017    0.2069    0.0335
    0.0714    0.2069    0.0284    0.0460    0.2069    0.0225
    0.0260    0.2069    0.0160    0.0116    0.2069    0.0089
    0.0029    0.2069    0.0014    0.0000    0.2069   -0.0065
    0.0030    0.2069   -0.0143    0.0118    0.2069   -0.0217
    0.0263    0.2069   -0.0285    0.0464    0.2069   -0.0348
    0.0718    0.2069   -0.0404    0.1022    0.2069   -0.0451
    0.1373    0.2069   -0.0489    0.1766    0.2069   -0.0518
    0.2197    0.2069   -0.0537    0.2661    0.2069   -0.0545
    0.3153    0.2069   -0.0544    0.3666    0.2069   -0.0533
    0.4194    0.2069   -0.0514    0.4732    0.2069   -0.0488
    0.5274    0.2069   -0.0456    0.5812    0.2069   -0.0419
    0.6340    0.2069   -0.0378    0.6853    0.2069   -0.0335
    0.7344    0.2069   -0.0291    0.7807    0.2069   -0.0247
    0.8238    0.2069   -0.0203    0.8631    0.2069   -0.0161
    0.8981    0.2069   -0.0122    0.9285    0.2069   -0.0087
    0.9538    0.2069   -0.0057    0.9738    0.2069   -0.0033
    0.9883    0.2069   -0.0015    0.9971    0.2069   -0.0004
    1.0000    0.2069    0.0000
    1.0000    0.3103    0.0000    0.9971    0.3103    0.0003
    0.9883    0.3103    0.0013    0.9738    0.3103    0.0029
    0.9537    0.3103    0.0051    0.9284    0.3103    0.0078
    0.8980    0.3103    0.0108    0.8629    0.3103    0.0142
    0.8236    0.3103    0.0179    0.7804    0.3103    0.0216
    0.7340    0.3103    0.0254    0.6848    0.3103    0.0292
    0.6335    0.3103    0.0328    0.5806    0.3103    0.0361
    0.5268    0.3103    0.0391    0.4726    0.3103    0.0416
    0.4188    0.3103    0.0434    0.3659    0.3103    0.0446
    0.3146    0.3103    0.0449    0.2655    0.3103    0.0444
    0.2191    0.3103    0.0429    0.1760    0.3103    0.0404
    0.1367    0.3103    0.0370    0.1017    0.3103    0.0327
    0.0713    0.3103    0.0275    0.0460    0.3103    0.0216
    0.0260    0.3103    0.0151    0.0116    0.3103    0.0080
    0.0029    0.3103    0.0005    0.0000    0.3103   -0.0073
    0.0030    0.3103   -0.0152    0.0118    0.3103   -0.0225
    0.0264    0.3103   -0.0294    0.0464    0.3103   -0.0356
    0.0718    0.3103   -0.0412    0.1023    0.3103   -0.0459
    0.1373    0.3103   -0.0497    0.1767    0.3103   -0.0525
    0.2198    0.3103   -0.0544    0.2662    0.3103   -0.0552
    0.3153    0.3103   -0.0550    0.3666    0.3103   -0.0539
    0.4195    0.3103   -0.0519    0.4733    0.3103   -0.0493
    0.5274    0.3103   -0.0460    0.5812    0.3103   -0.0423
    0.6340    0.3103   -0.0382    0.6853    0.3103   -0.0338
    0.7344    0.3103   -0.0293    0.7808    0.3103   -0.0248
    0.8238    0.3103   -0.0205    0.8631    0.3103   -0.0162
    0.8981    0.3103   -0.0123    0.9285    0.3103   -0.0088
    0.9538    0.3103   -0.0058    0.9739    0.3103   -0.0033
    0.9883    0.3103   -0.0015    0.9971    0.3103   -0.0004
    1.0000    0.3103    0.0000
    1.0000    0.4138    0.0000    0.9971    0.4138    0.0003
    0.9883    0.4138    0.0013    0.9738    0.4138    0.0029
    0.9537    0.4138    0.0051    0.9284    0.4138    0.0077
    0.8980    0.4138    0.0108    0.8629    0.4138    0.0142
    0.8235    0.4138    0.0178    0.7804    0.4138    0.0215
    0.7340    0.4138    0.0253    0.6848    0.4138    0.0290
    0.6335    0.4138    0.0326    0.5806    0.4138    0.0359
    0.5267    0.4138    0.0388    0.4726    0.4138    0.0412
    0.4187    0.4138    0.0431    0.3659    0.4138    0.0442
    0.3146    0.4138    0.0445    0.2654    0.4138    0.0440
    0.2190    0.4138    0.0424    0.1760    0.4138    0.0400
    0.1367    0.4138    0.0365    0.1017    0.4138    0.0322
    0.0713    0.4138    0.0270    0.0460    0.4138    0.0211
    0.0260    0.4138    0.0145    0.0116    0.4138    0.0075
    0.0029    0.4138   -0.0000    0.0000    0.4138   -0.0079
    0.0030    0.4138   -0.0158    0.0118    0.4138   -0.0231
    0.0264    0.4138   -0.0300    0.0465    0.4138   -0.0362
    0.0719    0.4138   -0.0417    0.1023    0.4138   -0.0464
    0.1374    0.4138   -0.0502    0.1767    0.4138   -0.0530
    0.2198    0.4138   -0.0548    0.2662    0.4138   -0.0556
    0.3153    0.4138   -0.0554    0.3666    0.4138   -0.0543
    0.4195    0.4138   -0.0523    0.4733    0.4138   -0.0496
    0.5274    0.4138   -0.0463    0.5812    0.4138   -0.0425
    0.6341    0.4138   -0.0384    0.6853    0.4138   -0.0340
    0.7344    0.4138   -0.0295    0.7808    0.4138   -0.0250
    0.8239    0.4138   -0.0206    0.8631    0.4138   -0.0163
    0.8981    0.4138   -0.0124    0.9285    0.4138   -0.0089
    0.9538    0.4138   -0.0058    0.9739    0.4138   -0.0033
    0.9883    0.4138   -0.0015    0.9971    0.4138   -0.0004
    1.0000    0.4138    0.0000
    1.0000    0.5172    0.0000    0.9971    0.5172    0.0003
    0.9883    0.5172    0.0013    0.9738    0.5172    0.0029
    0.9537    0.5172    0.0050    0.9284    0.5172    0.0077
    0.8980    0.5172    0.0107    0.8629    0.5172    0.0141
    0.8235    0.5172    0.0177    0.7804    0.5172    0.0214
    0.7340    0.5172    0.0252    0.6848    0.5172    0.0289
    0.6335    0.5172    0.0324    0.5806    0.5172    0.0357
    0.5267    0.5172    0.0386    0.4726    0.5172    0.0410
    0.4187    0.5172    0.0428    0.3658    0.5172    0.0439
    0.3145    0.5172    0.0442    0.2654    0.5172    0.0436
    0.2190    0.5172    0.0421    0.1759    0.5172    0.0396
    0.1367    0.5172    0.0362    0.1017    0.5172    0.0318
    0.0713    0.5172    0.0266    0.0460    0.5172    0.0207
    0.0260    0.5172    0.0141    0.0116    0.5172    0.0070
    0.0029    0.5172   -0.0005    0.0000    0.5172   -0.0083
    0.0030    0.5172   -0.0162    0.0119    0.5172   -0.0235
    0.0264    0.5172   -0.0304    0.0465    0.5172   -0.0366
    0.0719    0.5172   -0.0421    0.1023    0.5172   -0.0468
    0.1374    0.5172   -0.0506    0.1767    0.5172   -0.0534
    0.2198    0.5172   -0.0551    0.2662    0.5172   -0.0559
    0.3154    0.5172   -0.0557    0.3667    0.5172   -0.0545
    0.4195    0.5172   -0.0525    0.4733    0.5172   -0.0498
    0.5274    0.5172   -0.0465    0.5812    0.5172   -0.0427
    0.6341    0.5172   -0.0385    0.6853    0.5172   -0.0341
    0.7344    0.5172   -0.0296    0.7808    0.5172   -0.0251
    0.8239    0.5172   -0.0206    0.8631    0.5172   -0.0164
    0.8981    0.5172   -0.0124    0.9285    0.5172   -0.0089
    0.9538    0.5172   -0.0058    0.9739    0.5172   -0.0033
    0.9883    0.5172   -0.0015    0.9971    0.5172   -0.0004
    1.0000    0.5172    0.0000
    1.0000    0.6207    0.0000    0.9971    0.6207    0.0003
    0.9883    0.6207    0.0013    0.9738    0.6207    0.0029
    0.9537    0.6207    0.0050    0.9284    0.6207    0.0077
    0.8979    0.6207    0.0107    0.8629    0.6207    0.0141
    0.8235    0.6207    0.0176    0.7804    0.6207    0.0213
    0.7340    0.6207    0.0251    0.6848    0.6207    0.0288
    0.6335    0.6207    0.0323    0.5806    0.6207    0.0356
    0.5267    0.6207    0.0384    0.4726    0.6207    0.0409
    0.4187    0.6207    0.0427    0.3658    0.6207    0.0437
    0.3145    0.6207    0.0440    0.2654    0.6207    0.0434
    0.2190    0.6207    0.0419    0.1759    0.6207    0.0394
    0.1367    0.6207    0.0359    0.1016    0.6207    0.0315
    0.0713    0.6207    0.0263    0.0460    0.6207    0.0204
    0.0260    0.6207    0.0138    0.0116    0.6207    0.0067
    0.0029    0.6207   -0.0008    0.0000    0.6207   -0.0087
    0.0030    0.6207   -0.0165    0.0119    0.6207   -0.0239
    0.0264    0.6207   -0.0307    0.0465    0.6207   -0.0369
    0.0719    0.6207   -0.0424    0.1023    0.6207   -0.0471
    0.1374    0.6207   -0.0508    0.1767    0.6207   -0.0536
    0.2199    0.6207   -0.0554    0.2663    0.6207   -0.0561
    0.3154    0.6207   -0.0559    0.3667    0.6207   -0.0547
    0.4195    0.6207   -0.0527    0.4733    0.6207   -0.0500
    0.5275    0.6207   -0.0466    0.5812    0.6207   -0.0428
    0.6341    0.6207   -0.0386    0.6854    0.6207   -0.0342
    0.7345    0.6207   -0.0297    0.7808    0.6207   -0.0251
    0.8239    0.6207   -0.0207    0.8631    0.6207   -0.0164
    0.8982    0.6207   -0.0125    0.9285    0.6207   -0.0089
    0.9538    0.6207   -0.0058    0.9739    0.6207   -0.0033
    0.9883    0.6207   -0.0015    0.9971    0.6207   -0.0004
    1.0000    0.6207    0.0000
    1.0000    0.7241    0.0000    0.9971    0.7241    0.0003
    0.9883    0.7241    0.0013    0.9738    0.7241    0.0029
    0.9537    0.7241    0.0050    0.9284    0.7241    0.0076
    0.8979    0.7241    0.0107    0.8629    0.7241    0.0140
    0.8235    0.7241    0.0176    0.7804    0.7241    0.0213
    0.7340    0.7241    0.0250    0.6848    0.7241    0.0287
    0.6335    0.7241    0.0322    0.5806    0.7241    0.0355
    0.5267    0.7241    0.0383    0.4725    0.7241    0.0407
    0.4187    0.7241    0.0425    0.3658    0.7241    0.0436
    0.3145    0.7241    0.0439    0.2654    0.7241    0.0432
    0.2190    0.7241    0.0417    0.1759    0.7241    0.0392
    0.1367    0.7241    0.0357    0.1016    0.7241    0.0313
    0.0713    0.7241    0.0261    0.0460    0.7241    0.0201
    0.0260    0.7241    0.0136    0.0116    0.7241    0.0065
    0.0029    0.7241   -0.0010    0.0000    0.7241   -0.0089
    0.0030    0.7241   -0.0167    0.0119    0.7241   -0.0241
    0.0264    0.7241   -0.0309    0.0465    0.7241   -0.0371
    0.0719    0.7241   -0.0426    0.1023    0.7241   -0.0473
    0.1374    0.7241   -0.0510    0.1768    0.7241   -0.0538
    0.2199    0.7241   -0.0556    0.2663    0.7241   -0.0563
    0.3154    0.7241   -0.0561    0.3667    0.7241   -0.0549
    0.4196    0.7241   -0.0529    0.4734    0.7241   -0.0501
    0.5275    0.7241   -0.0468    0.5813    0.7241   -0.0429
    0.6341    0.7241   -0.0387    0.6854    0.7241   -0.0343
    0.7345    0.7241   -0.0298    0.7808    0.7241   -0.0252
    0.8239    0.7241   -0.0207    0.8631    0.7241   -0.0165
    0.8982    0.7241   -0.0125    0.9285    0.7241   -0.0089
    0.9538    0.7241   -0.0058    0.9739    0.7241   -0.0034
    0.9883    0.7241   -0.0015    0.9971    0.7241   -0.0004
    1.0000    0.7241    0.0000
    1.0000    0.8276    0.0000    0.9971    0.8276    0.0003
    0.9883    0.8276    0.0013    0.9738    0.8276    0.0029
    0.9537    0.8276    0.0050    0.9284    0.8276    0.0076
    0.8979    0.8276    0.0107    0.8629    0.8276    0.0140
    0.8235    0.8276    0.0176    0.7804    0.8276    0.0212
    0.7340    0.8276    0.0250    0.6848    0.8276    0.0286
    0.6335    0.8276    0.0321    0.5806    0.8276    0.0354
    0.5267    0.8276    0.0382    0.4725    0.8276    0.0406
    0.4187    0.8276    0.0424    0.3658    0.8276    0.0435
    0.3145    0.8276    0.0437    0.2654    0.8276    0.0431
    0.2190    0.8276    0.0415    0.1759    0.8276    0.0390
    0.1366    0.8276    0.0355    0.1016    0.8276    0.0311
    0.0713    0.8276    0.0259    0.0460    0.8276    0.0200
    0.0260    0.8276    0.0134    0.0116    0.8276    0.0063
    0.0029    0.8276   -0.0012    0.0000    0.8276   -0.0091
    0.0030    0.8276   -0.0169    0.0119    0.8276   -0.0243
    0.0264    0.8276   -0.0311    0.0465    0.8276   -0.0373
    0.0719    0.8276   -0.0428    0.1023    0.8276   -0.0475
    0.1374    0.8276   -0.0512    0.1768    0.8276   -0.0540
    0.2199    0.8276   -0.0557    0.2663    0.8276   -0.0565
    0.3154    0.8276   -0.0562    0.3667    0.8276   -0.0550
    0.4196    0.8276   -0.0530    0.4734    0.8276   -0.0502
    0.5275    0.8276   -0.0468    0.5813    0.8276   -0.0430
    0.6341    0.8276   -0.0388    0.6854    0.8276   -0.0344
    0.7345    0.8276   -0.0298    0.7808    0.8276   -0.0252
    0.8239    0.8276   -0.0208    0.8631    0.8276   -0.0165
    0.8982    0.8276   -0.0125    0.9285    0.8276   -0.0089
    0.9538    0.8276   -0.0059    0.9739    0.8276   -0.0034
    0.9883    0.8276   -0.0015    0.9971    0.8276   -0.0004
    1.0000    0.8276    0.0000
    1.0000    0.9310    0.0000    0.9971    0.9310    0.0003
    0.9883    0.9310    0.0013    0.9738    0.9310    0.0029
    0.9537    0.9310    0.0050    0.9284    0.9310    0.0076
    0.8979    0.9310    0.0106    0.8629    0.9310    0.0140
    0.8235    0.9310    0.0175    0.7804    0.9310    0.0212
    0.7340    0.9310    0.0249    0.6848    0.9310    0.0286
    0.6335    0.9310    0.0321    0.5805    0.9310    0.0353
    0.5267    0.9310    0.0382    0.4725    0.9310    0.0405
    0.4187    0.9310    0.0423    0.3658    0.9310    0.0434
    0.3145    0.9310    0.0436    0.2654    0.9310    0.0430
    0.2190    0.9310    0.0414    0.1759    0.9310    0.0389
    0.1366    0.9310    0.0354    0.1016    0.9310    0.0310
    0.0713    0.9310    0.0258    0.0460    0.9310    0.0198
    0.0260    0.9310    0.0132    0.0116    0.9310    0.0062
    0.0029    0.9310   -0.0014    0.0000    0.9310   -0.0092
    0.0030    0.9310   -0.0171    0.0119    0.9310   -0.0244
    0.0264    0.9310   -0.0313    0.0465    0.9310   -0.0375
    0.0719    0.9310   -0.0429    0.1024    0.9310   -0.0476
    0.1374    0.9310   -0.0513    0.1768    0.9310   -0.0541
    0.2199    0.9310   -0.0558    0.2663    0.9310   -0.0566
    0.3154    0.9310   -0.0563    0.3667    0.9310   -0.0551
    0.4196    0.9310   -0.0531    0.4734    0.9310   -0.0503
    0.5275    0.9310   -0.0469    0.5813    0.9310   -0.0431
    0.6341    0.9310   -0.0389    0.6854    0.9310   -0.0344
    0.7345    0.9310   -0.0298    0.7808    0.9310   -0.0253
    0.8239    0.9310   -0.0208    0.8631    0.9310   -0.0165
    0.8982    0.9310   -0.0125    0.9285    0.9310   -0.0089
    0.9538    0.9310   -0.0059    0.9739    0.9310   -0.0034
    0.9883    0.9310   -0.0015    0.9971    0.9310   -0.0004
    1.0000    0.9310    0.0000
    1.0000    1.0345    0.0000    0.9971    1.0345    0.0003
    0.9883    1.0345    0.0013    0.9738    1.0345    0.0029
    0.9537    1.0345    0.0050    0.9284    1.0345    0.0076
    0.8979    1.0345    0.0106    0.8629    1.0345    0.0140
    0.8235    1.0345    0.0175    0.7804    1.0345    0.0212
    0.7340    1.0345    0.0249    0.6848    1.0345    0.0285
    0.6334    1.0345    0.0320    0.5805    1.0345    0.0353
    0.5267    1.0345    0.0381    0.4725    1.0345    0.0405
    0.4187    1.0345    0.0422    0.3658    1.0345    0.0433
    0.3145    1.0345    0.0435    0.2654    1.0345    0.0429
    0.2190    1.0345    0.0413    0.1759    1.0345    0.0388
    0.1366    1.0345    0.0353    0.1016    1.0345    0.0309
    0.0713    1.0345    0.0257    0.0460    1.0345    0.0197
    0.0260    1.0345    0.0131    0.0116    1.0345    0.0060
    0.0029    1.0345   -0.0015    0.0000    1.0345   -0.0094
    0.0030    1.0345   -0.0172    0.0119    1.0345   -0.0245
    0.0264    1.0345   -0.0314    0.0465    1.0345   -0.0376
    0.0719    1.0345   -0.0431    0.1024    1.0345   -0.0477
    0.1374    1.0345   -0.0514    0.1768    1.0345   -0.0542
    0.2199    1.0345   -0.0559    0.2663    1.0345   -0.0567
    0.3154    1.0345   -0.0564    0.3667    1.0345   -0.0552
    0.4196    1.0345   -0.0531    0.4734    1.0345   -0.0504
    0.5275    1.0345   -0.0470    0.5813    1.0345   -0.0431
    0.6341    1.0345   -0.0389    0.6854    1.0345   -0.0344
    0.7345    1.0345   -0.0299    0.7808    1.0345   -0.0253
    0.8239    1.0345   -0.0208    0.8631    1.0345   -0.0165
    0.8982    1.0345   -0.0125    0.9285    1.0345   -0.0090
    0.9538    1.0345   -0.0059    0.9739    1.0345   -0.0034
    0.9883    1.0345   -0.0015    0.9971    1.0345   -0.0004
    1.0000    1.0345    0.0000
    1.0000    1.1379    0.0000    0.9971    1.1379    0.0003
    0.9883    1.1379    0.0013    0.9738    1.1379    0.0029
    0.9537    1.1379    0.0050    0.9284    1.1379    0.0076
    0.8979    1.1379    0.0106    0.8629    1.1379    0.0139
    0.8235    1.1379    0.0175    0.7804    1.1379    0.0212
    0.7340    1.1379    0.0249    0.6848    1.1379    0.0285
    0.6334    1.1379    0.0320    0.5805    1.1379    0.0352
    0.5267    1.1379    0.0381    0.4725    1.1379    0.0404
    0.4187    1.1379    0.0422    0.3658    1.1379    0.0432
    0.3145    1.1379    0.0435    0.2654    1.1379    0.0428
    0.2190    1.1379    0.0412    0.1759    1.1379    0.0387
    0.1366    1.1379    0.0352    0.1016    1.1379    0.0308
    0.0713    1.1379    0.0256    0.0460    1.1379    0.0196
    0.0260    1.1379    0.0130    0.0116    1.1379    0.0059
    0.0029    1.1379   -0.0016    0.0000    1.1379   -0.0095
    0.0031    1.1379   -0.0173    0.0119    1.1379   -0.0247
    0.0264    1.1379   -0.0315    0.0465    1.1379   -0.0377
    0.0719    1.1379   -0.0431    0.1024    1.1379   -0.0478
    0.1375    1.1379   -0.0515    0.1768    1.1379   -0.0543
    0.2199    1.1379   -0.0560    0.2663    1.1379   -0.0567
    0.3154    1.1379   -0.0564    0.3667    1.1379   -0.0552
    0.4196    1.1379   -0.0532    0.4734    1.1379   -0.0504
    0.5275    1.1379   -0.0470    0.5813    1.1379   -0.0432
    0.6341    1.1379   -0.0389    0.6854    1.1379   -0.0345
    0.7345    1.1379   -0.0299    0.7808    1.1379   -0.0253
    0.8239    1.1379   -0.0208    0.8631    1.1379   -0.0165
    0.8982    1.1379   -0.0125    0.9285    1.1379   -0.0090
    0.9538    1.1379   -0.0059    0.9739    1.1379   -0.0034
    0.9883    1.1379   -0.0015    0.9971    1.1379   -0.0004
    1.0000    1.1379    0.0000
    1.0000    1.2414    0.0000    0.9971    1.2414    0.0003
    0.9883    1.2414    0.0013    0.9738    1.2414    0.0029
    0.9537    1.2414    0.0050    0.9284    1.2414    0.0076
    0.8979    1.2414    0.0106    0.8629    1.2414    0.0139
    0.8235    1.2414    0.0175    0.7804    1.2414    0.0211
    0.7340    1.2414    0.0248    0.6848    1.2414    0.0285
    0.6334    1.2414    0.0320    0.5805    1.2414    0.0352
    0.5267    1.2414    0.0380    0.4725    1.2414    0.0404
    0.4187    1.2414    0.0421    0.3658    1.2414    0.0432
    0.3145    1.2414    0.0434    0.2654    1.2414    0.0428
    0.2190    1.2414    0.0412    0.1759    1.2414    0.0386
    0.1366    1.2414    0.0351    0.1016    1.2414    0.0307
    0.0713    1.2414    0.0255    0.0460    1.2414    0.0195
    0.0260    1.2414    0.0129    0.0116    1.2414    0.0058
    0.0029    1.2414   -0.0017    0.0000    1.2414   -0.0096
    0.0031    1.2414   -0.0174    0.0119    1.2414   -0.0247
    0.0264    1.2414   -0.0316    0.0465    1.2414   -0.0378
    0.0719    1.2414   -0.0432    0.1024    1.2414   -0.0479
    0.1375    1.2414   -0.0516    0.1768    1.2414   -0.0544
    0.2199    1.2414   -0.0561    0.2663    1.2414   -0.0568
    0.3154    1.2414   -0.0565    0.3667    1.2414   -0.0553
    0.4196    1.2414   -0.0532    0.4734    1.2414   -0.0505
    0.5275    1.2414   -0.0471    0.5813    1.2414   -0.0432
    0.6341    1.2414   -0.0390    0.6854    1.2414   -0.0345
    0.7345    1.2414   -0.0299    0.7808    1.2414   -0.0253
    0.8239    1.2414   -0.0208    0.8631    1.2414   -0.0165
    0.8982    1.2414   -0.0126    0.9285    1.2414   -0.0090
    0.9538    1.2414   -0.0059    0.9739    1.2414   -0.0034
    0.9883    1.2414   -0.0015    0.9971    1.2414   -0.0004
    1.0000    1.2414    0.0000
    1.0000    1.3448    0.0000    0.9971    1.3448    0.0003
    0.9883    1.3448    0.0013    0.9738    1.3448    0.0029
    0.9537    1.3448    0.0050    0.9284    1.3448    0.0076
    0.8979    1.3448    0.0106    0.8629    1.3448    0.0139
    0.8235    1.3448    0.0175    0.7804    1.3448    0.0211
    0.7340    1.3448    0.0248    0.6848    1.3448    0.0285
    0.6334    1.3448    0.0319    0.5805    1.3448    0.0351
    0.5267    1.3448    0.0380    0.4725    1.3448    0.0403
    0.4187    1.3448    0.0421    0.3658    1.3448    0.0431
    0.3145    1.3448    0.0433    0.2653    1.3448    0.0427
    0.2190    1.3448    0.0411    0.1759    1.3448    0.0385
    0.1366    1.3448    0.0350    0.1016    1.3448    0.0306
    0.0713    1.3448    0.0254    0.0460    1.3448    0.0194
    0.0260    1.3448    0.0128    0.0116    1.3448    0.0058
    0.0029    1.3448   -0.0018    0.0000    1.3448   -0.0097
    0.0031    1.3448   -0.0175    0.0119    1.3448   -0.0248
    0.0264    1.3448   -0.0316    0.0465    1.3448   -0.0378
    0.0719    1.3448   -0.0433    0.1024    1.3448   -0.0480
    0.1375    1.3448   -0.0517    0.1768    1.3448   -0.0544
    0.2199    1.3448   -0.0562    0.2663    1.3448   -0.0569
    0.3154    1.3448   -0.0566    0.3667    1.3448   -0.0554
    0.4196    1.3448   -0.0533    0.4734    1.3448   -0.0505
    0.5275    1.3448   -0.0471    0.5813    1.3448   -0.0432
    0.6341    1.3448   -0.0390    0.6854    1.3448   -0.0345
    0.7345    1.3448   -0.0300    0.7808    1.3448   -0.0254
    0.8239    1.3448   -0.0209    0.8632    1.3448   -0.0166
    0.8982    1.3448   -0.0126    0.9285    1.3448   -0.0090
    0.9538    1.3448   -0.0059    0.9739    1.3448   -0.0034
    0.9883    1.3448   -0.0015    0.9971    1.3448   -0.0004
    1.0000    1.3448    0.0000
    1.0000    1.4483    0.0000    0.9971    1.4483    0.0003
    0.9883    1.4483    0.0013    0.9738    1.4483    0.0029
    0.9537    1.4483    0.0050    0.9284    1.4483    0.0076
    0.8979    1.4483    0.0106    0.8629    1.4483    0.0139
    0.8235    1.4483    0.0174    0.7804    1.4483    0.0211
    0.7340    1.4483    0.0248    0.6848    1.4483    0.0284
    0.6334    1.4483    0.0319    0.5805    1.4483    0.0351
    0.5267    1.4483    0.0379    0.4725    1.4483    0.0403
    0.4187    1.4483    0.0420    0.3658    1.4483    0.0431
    0.3145    1.4483    0.0433    0.2653    1.4483    0.0426
    0.2190    1.4483    0.0410    0.1759    1.4483    0.0385
    0.1366    1.4483    0.0350    0.1016    1.4483    0.0305
    0.0713    1.4483    0.0253    0.0460    1.4483    0.0193
    0.0260    1.4483    0.0128    0.0116    1.4483    0.0057
    0.0029    1.4483   -0.0019    0.0000    1.4483   -0.0097
    0.0031    1.4483   -0.0176    0.0119    1.4483   -0.0249
    0.0264    1.4483   -0.0317    0.0465    1.4483   -0.0379
    0.0720    1.4483   -0.0434    0.1024    1.4483   -0.0480
    0.1375    1.4483   -0.0518    0.1768    1.4483   -0.0545
    0.2199    1.4483   -0.0562    0.2663    1.4483   -0.0569
    0.3154    1.4483   -0.0566    0.3667    1.4483   -0.0554
    0.4196    1.4483   -0.0533    0.4734    1.4483   -0.0505
    0.5275    1.4483   -0.0472    0.5813    1.4483   -0.0433
    0.6341    1.4483   -0.0390    0.6854    1.4483   -0.0346
    0.7345    1.4483   -0.0300    0.7808    1.4483   -0.0254
    0.8239    1.4483   -0.0209    0.8632    1.4483   -0.0166
    0.8982    1.4483   -0.0126    0.9285    1.4483   -0.0090
    0.9538    1.4483   -0.0059    0.9739    1.4483   -0.0034
    0.9883    1.4483   -0.0015    0.9971    1.4483   -0.0004
    1.0000    1.4483    0.0000
    1.0000    1.5517    0.0000    0.9971    1.5517    0.0003
    0.9883    1.5517    0.0013    0.9738    1.5517    0.0029
    0.9537    1.5517    0.0050    0.9284    1.5517    0.0076
    0.8979    1.5517    0.0106    0.8629    1.5517    0.0139
    0.8235    1.5517    0.0174    0.7804    1.5517    0.0211
    0.7339    1.5517    0.0248    0.6848    1.5517    0.0284
    0.6334    1.5517    0.0319    0.5805    1.5517    0.0351
    0.5267    1.5517    0.0379    0.4725    1.5517    0.0402
    0.4187    1.5517    0.0420    0.3658    1.5517    0.0430
    0.3145    1.5517    0.0432    0.2653    1.5517    0.0426
    0.2190    1.5517    0.0410    0.1759    1.5517    0.0384
    0.1366    1.5517    0.0349    0.1016    1.5517    0.0305
    0.0713    1.5517    0.0252    0.0460    1.5517    0.0193
    0.0260    1.5517    0.0127    0.0116    1.5517    0.0056
    0.0029    1.5517   -0.0019    0.0000    1.5517   -0.0098
    0.0031    1.5517   -0.0176    0.0119    1.5517   -0.0250
    0.0264    1.5517   -0.0318    0.0465    1.5517   -0.0380
    0.0720    1.5517   -0.0435    0.1024    1.5517   -0.0481
    0.1375    1.5517   -0.0518    0.1768    1.5517   -0.0546
    0.2199    1.5517   -0.0563    0.2663    1.5517   -0.0570
    0.3155    1.5517   -0.0567    0.3668    1.5517   -0.0555
    0.4196    1.5517   -0.0534    0.4734    1.5517   -0.0506
    0.5275    1.5517   -0.0472    0.5813    1.5517   -0.0433
    0.6341    1.5517   -0.0391    0.6854    1.5517   -0.0346
    0.7345    1.5517   -0.0300    0.7808    1.5517   -0.0254
    0.8239    1.5517   -0.0209    0.8632    1.5517   -0.0166
    0.8982    1.5517   -0.0126    0.9285    1.5517   -0.0090
    0.9538    1.5517   -0.0059    0.9739    1.5517   -0.0034
    0.9883    1.5517   -0.0015    0.9971    1.5517   -0.0004
    1.0000    1.5517    0.0000
    1.0000    1.6552    0.0000    0.9971    1.6552    0.0003
    0.9883    1.6552    0.0013    0.9738    1.6552    0.0029
    0.9537    1.6552    0.0050    0.9283    1.6552    0.0076
    0.8979    1.6552    0.0106    0.8629    1.6552    0.0139
    0.8235    1.6552    0.0174    0.7804    1.6552    0.0211
    0.7339    1.6552    0.0247    0.6848    1.6552    0.0284
    0.6334    1.6552    0.0318    0.5805    1.6552    0.0350
    0.5267    1.6552    0.0379    0.4725    1.6552    0.0402
    0.4187    1.6552    0.0419    0.3658    1.6552    0.0429
    0.3145    1.6552    0.0432    0.2653    1.6552    0.0425
    0.2190    1.6552    0.0409    0.1759    1.6552    0.0383
    0.1366    1.6552    0.0348    0.1016    1.6552    0.0304
    0.0713    1.6552    0.0251    0.0460    1.6552    0.0192
    0.0260    1.6552    0.0126    0.0116    1.6552    0.0055
    0.0029    1.6552   -0.0020    0.0000    1.6552   -0.0099
    0.0031    1.6552   -0.0177    0.0119    1.6552   -0.0251
    0.0264    1.6552   -0.0319    0.0465    1.6552   -0.0381
    0.0720    1.6552   -0.0436    0.1024    1.6552   -0.0482
    0.1375    1.6552   -0.0519    0.1768    1.6552   -0.0547
    0.2199    1.6552   -0.0564    0.2663    1.6552   -0.0571
    0.3155    1.6552   -0.0568    0.3668    1.6552   -0.0555
    0.4196    1.6552   -0.0534    0.4734    1.6552   -0.0506
    0.5275    1.6552   -0.0472    0.5813    1.6552   -0.0433
    0.6341    1.6552   -0.0391    0.6854    1.6552   -0.0346
    0.7345    1.6552   -0.0300    0.7808    1.6552   -0.0254
    0.8239    1.6552   -0.0209    0.8632    1.6552   -0.0166
    0.8982    1.6552   -0.0126    0.9285    1.6552   -0.0090
    0.9538    1.6552   -0.0059    0.9739    1.6552   -0.0034
    0.9883    1.6552   -0.0015    0.9971    1.6552   -0.0004
    1.0000    1.6552    0.0000
    1.0000    1.7586    0.0000    0.9971    1.7586    0.0003
    0.9883    1.7586    0.0013    0.9738    1.7586    0.0029
    0.9537    1.7586    0.0050    0.9283    1.7586    0.0076
    0.8979    1.7586    0.0106    0.8629    1.7586    0.0139
    0.8235    1.7586    0.0174    0.7804    1.7586    0.0210
    0.7339    1.7586    0.0247    0.6848    1.7586    0.0283
    0.6334    1.7586    0.0318    0.5805    1.7586    0.0350
    0.5267    1.7586    0.0378    0.4725    1.7586    0.0401
    0.4187    1.7586    0.0419    0.3658    1.7586    0.0429
    0.3145    1.7586    0.0431    0.2653    1.7586    0.0424
    0.2190    1.7586    0.0408    0.1759    1.7586    0.0382
    0.1366    1.7586    0.0347    0.1016    1.7586    0.0303
    0.0713    1.7586    0.0250    0.0460    1.7586    0.0191
    0.0260    1.7586    0.0125    0.0116    1.7586    0.0054
    0.0029    1.7586   -0.0021    0.0001    1.7586   -0.0100
    0.0031    1.7586   -0.0178    0.0119    1.7586   -0.0252
    0.0264    1.7586   -0.0320    0.0465    1.7586   -0.0382
    0.0720    1.7586   -0.0437    0.1024    1.7586   -0.0483
    0.1375    1.7586   -0.0520    0.1768    1.7586   -0.0547
    0.2199    1.7586   -0.0565    0.2663    1.7586   -0.0571
    0.3155    1.7586   -0.0568    0.3668    1.7586   -0.0556
    0.4196    1.7586   -0.0535    0.4734    1.7586   -0.0507
    0.5275    1.7586   -0.0473    0.5813    1.7586   -0.0434
    0.6341    1.7586   -0.0391    0.6854    1.7586   -0.0347
    0.7345    1.7586   -0.0301    0.7808    1.7586   -0.0254
    0.8239    1.7586   -0.0209    0.8632    1.7586   -0.0166
    0.8982    1.7586   -0.0126    0.9285    1.7586   -0.0090
    0.9538    1.7586   -0.0059    0.9739    1.7586   -0.0034
    0.9883    1.7586   -0.0015    0.9971    1.7586   -0.0004
    1.0000    1.7586    0.0000
    1.0000    1.8621    0.0000    0.9971    1.8621    0.0003
    0.9883    1.8621    0.0013    0.9738    1.8621    0.0029
    0.9537    1.8621    0.0050    0.9283    1.8621    0.0076
    0.8979    1.8621    0.0105    0.8629    1.8621    0.0138
    0.8235    1.8621    0.0174    0.7804    1.8621    0.0210
    0.7339    1.8621    0.0247    0.6848    1.8621    0.0283
    0.6334    1.8621    0.0318    0.5805    1.8621    0.0349
    0.5267    1.8621    0.0377    0.4725    1.8621    0.0401
    0.4187    1.8621    0.0418    0.3658    1.8621    0.0428
    0.3145    1.8621    0.0430    0.2653    1.8621    0.0423
    0.2190    1.8621    0.0407    0.1759    1.8621    0.0381
    0.1366    1.8621    0.0346    0.1016    1.8621    0.0302
    0.0713    1.8621    0.0249    0.0460    1.8621    0.0190
    0.0260    1.8621    0.0124    0.0116    1.8621    0.0053
    0.0029    1.8621   -0.0023    0.0001    1.8621   -0.0101
    0.0031    1.8621   -0.0180    0.0119    1.8621   -0.0253
    0.0264    1.8621   -0.0321    0.0466    1.8621   -0.0383
    0.0720    1.8621   -0.0438    0.1024    1.8621   -0.0484
    0.1375    1.8621   -0.0521    0.1768    1.8621   -0.0548
    0.2199    1.8621   -0.0565    0.2663    1.8621   -0.0572
    0.3155    1.8621   -0.0569    0.3668    1.8621   -0.0557
    0.4196    1.8621   -0.0536    0.4734    1.8621   -0.0508
    0.5275    1.8621   -0.0473    0.5813    1.8621   -0.0434
    0.6341    1.8621   -0.0392    0.6854    1.8621   -0.0347
    0.7345    1.8621   -0.0301    0.7808    1.8621   -0.0255
    0.8239    1.8621   -0.0209    0.8632    1.8621   -0.0166
    0.8982    1.8621   -0.0126    0.9285    1.8621   -0.0090
    0.9538    1.8621   -0.0059    0.9739    1.8621   -0.0034
    0.9883    1.8621   -0.0015    0.9971    1.8621   -0.0004
    1.0000    1.8621    0.0000
    1.0000    1.9655    0.0000    0.9971    1.9655    0.0003
    0.9883    1.9655    0.0013    0.9738    1.9655    0.0028
    0.9537    1.9655    0.0050    0.9283    1.9655    0.0075
    0.8979    1.9655    0.0105    0.8628    1.9655    0.0138
    0.8235    1.9655    0.0173    0.7804    1.9655    0.0210
    0.7339    1.9655    0.0247    0.6848    1.9655    0.0283
    0.6334    1.9655    0.0317    0.5805    1.9655    0.0349
    0.5267    1.9655    0.0377    0.4725    1.9655    0.0400
    0.4186    1.9655    0.0417    0.3658    1.9655    0.0427
    0.3145    1.9655    0.0429    0.2653    1.9655    0.0422
    0.2189    1.9655    0.0406    0.1759    1.9655    0.0380
    0.1366    1.9655    0.0345    0.1016    1.9655    0.0301
    0.0713    1.9655    0.0248    0.0460    1.9655    0.0188
    0.0260    1.9655    0.0122    0.0116    1.9655    0.0051
    0.0029    1.9655   -0.0024    0.0001    1.9655   -0.0103
    0.0031    1.9655   -0.0181    0.0119    1.9655   -0.0254
    0.0265    1.9655   -0.0323    0.0466    1.9655   -0.0384
    0.0720    1.9655   -0.0439    0.1024    1.9655   -0.0485
    0.1375    1.9655   -0.0522    0.1768    1.9655   -0.0550
    0.2199    1.9655   -0.0567    0.2663    1.9655   -0.0573
    0.3155    1.9655   -0.0570    0.3668    1.9655   -0.0557
    0.4196    1.9655   -0.0537    0.4734    1.9655   -0.0508
    0.5275    1.9655   -0.0474    0.5813    1.9655   -0.0435
    0.6341    1.9655   -0.0392    0.6854    1.9655   -0.0347
    0.7345    1.9655   -0.0301    0.7808    1.9655   -0.0255
    0.8239    1.9655   -0.0210    0.8632    1.9655   -0.0166
    0.8982    1.9655   -0.0126    0.9285    1.9655   -0.0090
    0.9538    1.9655   -0.0059    0.9739    1.9655   -0.0034
    0.9883    1.9655   -0.0015    0.9971    1.9655   -0.0004
    1.0000    1.9655    0.0000
    1.0000    2.0690    0.0000    0.9971    2.0690    0.0003
    0.9883    2.0690    0.0013    0.9738    2.0690    0.0028
    0.9537    2.0690    0.0050    0.9283    2.0690    0.0075
    0.8979    2.0690    0.0105    0.8628    2.0690    0.0138
    0.8235    2.0690    0.0173    0.7804    2.0690    0.0209
    0.7339    2.0690    0.0246    0.6848    2.0690    0.0282
    0.6334    2.0690    0.0316    0.5805    2.0690    0.0348
    0.5267    2.0690    0.0376    0.4725    2.0690    0.0399
    0.4186    2.0690    0.0416    0.3658    2.0690    0.0426
    0.3144    2.0690    0.0428    0.2653    2.0690    0.0421
    0.2189    2.0690    0.0405    0.1759    2.0690    0.0379
    0.1366    2.0690    0.0344    0.1016    2.0690    0.0299
    0.0713    2.0690    0.0247    0.0460    2.0690    0.0187
    0.0260    2.0690    0.0121    0.0116    2.0690    0.0050
    0.0029    2.0690   -0.0026    0.0001    2.0690   -0.0104
    0.0031    2.0690   -0.0183    0.0119    2.0690   -0.0256
    0.0265    2.0690   -0.0324    0.0466    2.0690   -0.0386
    0.0720    2.0690   -0.0440    0.1024    2.0690   -0.0487
    0.1375    2.0690   -0.0524    0.1768    2.0690   -0.0551
    0.2200    2.0690   -0.0568    0.2664    2.0690   -0.0574
    0.3155    2.0690   -0.0571    0.3668    2.0690   -0.0558
    0.4196    2.0690   -0.0537    0.4734    2.0690   -0.0509
    0.5275    2.0690   -0.0475    0.5813    2.0690   -0.0436
    0.6342    2.0690   -0.0393    0.6854    2.0690   -0.0348
    0.7345    2.0690   -0.0302    0.7808    2.0690   -0.0255
    0.8239    2.0690   -0.0210    0.8632    2.0690   -0.0167
    0.8982    2.0690   -0.0126    0.9285    2.0690   -0.0090
    0.9538    2.0690   -0.0059    0.9739    2.0690   -0.0034
    0.9883    2.0690   -0.0015    0.9971    2.0690   -0.0004
    1.0000    2.0690    0.0000
    1.0000    2.1724    0.0000    0.9971    2.1724    0.0003
    0.9883    2.1724    0.0013    0.9738    2.1724    0.0028
    0.9537    2.1724    0.0049    0.9283    2.1724    0.0075
    0.8979    2.1724    0.0105    0.8628    2.1724    0.0138
    0.8235    2.1724    0.0173    0.7804    2.1724    0.0209
    0.7339    2.1724    0.0246    0.6848    2.1724    0.0282
    0.6334    2.1724    0.0316    0.5805    2.1724    0.0347
    0.5266    2.1724    0.0375    0.4725    2.1724    0.0398
    0.4186    2.1724    0.0415    0.3657    2.1724    0.0425
    0.3144    2.1724    0.0427    0.2653    2.1724    0.0420
    0.2189    2.1724    0.0404    0.1759    2.1724    0.0378
    0.1366    2.1724    0.0342    0.1016    2.1724    0.0298
    0.0713    2.1724    0.0245    0.0460    2.1724    0.0185
    0.0260    2.1724    0.0119    0.0116    2.1724    0.0048
    0.0029    2.1724   -0.0027    0.0001    2.1724   -0.0106
    0.0031    2.1724   -0.0184    0.0119    2.1724   -0.0258
    0.0265    2.1724   -0.0326    0.0466    2.1724   -0.0388
    0.0720    2.1724   -0.0442    0.1024    2.1724   -0.0488
    0.1375    2.1724   -0.0525    0.1768    2.1724   -0.0552
    0.2200    2.1724   -0.0569    0.2664    2.1724   -0.0576
    0.3155    2.1724   -0.0572    0.3668    2.1724   -0.0560
    0.4196    2.1724   -0.0538    0.4734    2.1724   -0.0510
    0.5275    2.1724   -0.0476    0.5813    2.1724   -0.0436
    0.6342    2.1724   -0.0394    0.6854    2.1724   -0.0348
    0.7345    2.1724   -0.0302    0.7809    2.1724   -0.0256
    0.8239    2.1724   -0.0210    0.8632    2.1724   -0.0167
    0.8982    2.1724   -0.0127    0.9285    2.1724   -0.0090
    0.9538    2.1724   -0.0059    0.9739    2.1724   -0.0034
    0.9883    2.1724   -0.0015    0.9971    2.1724   -0.0004
    1.0000    2.1724    0.0000
    1.0000    2.2759    0.0000    0.9971    2.2759    0.0003
    0.9883    2.2759    0.0013    0.9738    2.2759    0.0028
    0.9537    2.2759    0.0049    0.9283    2.2759    0.0075
    0.8979    2.2759    0.0105    0.8628    2.2759    0.0138
    0.8235    2.2759    0.0173    0.7804    2.2759    0.0209
    0.7339    2.2759    0.0245    0.6847    2.2759    0.0281
    0.6334    2.2759    0.0315    0.5805    2.2759    0.0347
    0.5266    2.2759    0.0374    0.4725    2.2759    0.0397
    0.4186    2.2759    0.0414    0.3657    2.2759    0.0424
    0.3144    2.2759    0.0426    0.2653    2.2759    0.0418
    0.2189    2.2759    0.0402    0.1759    2.2759    0.0376
    0.1366    2.2759    0.0340    0.1016    2.2759    0.0296
    0.0713    2.2759    0.0243    0.0460    2.2759    0.0183
    0.0260    2.2759    0.0117    0.0116    2.2759    0.0046
    0.0029    2.2759   -0.0029    0.0001    2.2759   -0.0108
    0.0031    2.2759   -0.0186    0.0119    2.2759   -0.0260
    0.0265    2.2759   -0.0328    0.0466    2.2759   -0.0389
    0.0720    2.2759   -0.0444    0.1024    2.2759   -0.0490
    0.1375    2.2759   -0.0527    0.1769    2.2759   -0.0554
    0.2200    2.2759   -0.0571    0.2664    2.2759   -0.0577
    0.3155    2.2759   -0.0574    0.3668    2.2759   -0.0561
    0.4197    2.2759   -0.0540    0.4735    2.2759   -0.0511
    0.5276    2.2759   -0.0477    0.5813    2.2759   -0.0437
    0.6342    2.2759   -0.0394    0.6854    2.2759   -0.0349
    0.7345    2.2759   -0.0303    0.7809    2.2759   -0.0256
    0.8239    2.2759   -0.0211    0.8632    2.2759   -0.0167
    0.8982    2.2759   -0.0127    0.9285    2.2759   -0.0091
    0.9538    2.2759   -0.0059    0.9739    2.2759   -0.0034
    0.9883    2.2759   -0.0015    0.9971    2.2759   -0.0004
    1.0000    2.2759    0.0000
    1.0000    2.3793    0.0000    0.9971    2.3793    0.0003
    0.9883    2.3793    0.0013    0.9738    2.3793    0.0028
    0.9537    2.3793    0.0049    0.9283    2.3793    0.0075
    0.8979    2.3793    0.0105    0.8628    2.3793    0.0137
    0.8235    2.3793    0.0172    0.7804    2.3793    0.0208
    0.7339    2.3793    0.0245    0.6847    2.3793    0.0280
    0.6334    2.3793    0.0314    0.5805    2.3793    0.0346
    0.5266    2.3793    0.0373    0.4725    2.3793    0.0396
    0.4186    2.3793    0.0413    0.3657    2.3793    0.0422
    0.3144    2.3793    0.0424    0.2653    2.3793    0.0417
    0.2189    2.3793    0.0400    0.1758    2.3793    0.0374
    0.1366    2.3793    0.0339    0.1016    2.3793    0.0294
    0.0712    2.3793    0.0241    0.0460    2.3793    0.0181
    0.0260    2.3793    0.0115    0.0116    2.3793    0.0044
    0.0029    2.3793   -0.0031    0.0001    2.3793   -0.0110
    0.0031    2.3793   -0.0188    0.0119    2.3793   -0.0262
    0.0265    2.3793   -0.0330    0.0466    2.3793   -0.0391
    0.0720    2.3793   -0.0446    0.1024    2.3793   -0.0492
    0.1375    2.3793   -0.0529    0.1769    2.3793   -0.0556
    0.2200    2.3793   -0.0572    0.2664    2.3793   -0.0579
    0.3155    2.3793   -0.0575    0.3668    2.3793   -0.0562
    0.4197    2.3793   -0.0541    0.4735    2.3793   -0.0512
    0.5276    2.3793   -0.0478    0.5813    2.3793   -0.0438
    0.6342    2.3793   -0.0395    0.6854    2.3793   -0.0350
    0.7345    2.3793   -0.0303    0.7809    2.3793   -0.0257
    0.8239    2.3793   -0.0211    0.8632    2.3793   -0.0167
    0.8982    2.3793   -0.0127    0.9285    2.3793   -0.0091
    0.9539    2.3793   -0.0059    0.9739    2.3793   -0.0034
    0.9883    2.3793   -0.0015    0.9971    2.3793   -0.0004
    1.0000    2.3793    0.0000
    1.0000    2.4828    0.0000    0.9971    2.4828    0.0003
    0.9883    2.4828    0.0013    0.9738    2.4828    0.0028
    0.9537    2.4828    0.0049    0.9283    2.4828    0.0075
    0.8979    2.4828    0.0104    0.8628    2.4828    0.0137
    0.8235    2.4828    0.0172    0.7803    2.4828    0.0208
    0.7339    2.4828    0.0244    0.6847    2.4828    0.0279
    0.6334    2.4828    0.0313    0.5805    2.4828    0.0345
    0.5266    2.4828    0.0372    0.4725    2.4828    0.0395
    0.4186    2.4828    0.0411    0.3657    2.4828    0.0421
    0.3144    2.4828    0.0422    0.2653    2.4828    0.0415
    0.2189    2.4828    0.0398    0.1758    2.4828    0.0372
    0.1366    2.4828    0.0336    0.1016    2.4828    0.0292
    0.0712    2.4828    0.0239    0.0460    2.4828    0.0179
    0.0260    2.4828    0.0113    0.0116    2.4828    0.0042
    0.0029    2.4828   -0.0034    0.0001    2.4828   -0.0113
    0.0031    2.4828   -0.0191    0.0119    2.4828   -0.0264
    0.0265    2.4828   -0.0332    0.0466    2.4828   -0.0394
    0.0720    2.4828   -0.0448    0.1025    2.4828   -0.0494
    0.1375    2.4828   -0.0531    0.1769    2.4828   -0.0558
    0.2200    2.4828   -0.0574    0.2664    2.4828   -0.0580
    0.3155    2.4828   -0.0577    0.3668    2.4828   -0.0564
    0.4197    2.4828   -0.0542    0.4735    2.4828   -0.0514
    0.5276    2.4828   -0.0479    0.5814    2.4828   -0.0439
    0.6342    2.4828   -0.0396    0.6854    2.4828   -0.0350
    0.7345    2.4828   -0.0304    0.7809    2.4828   -0.0257
    0.8239    2.4828   -0.0211    0.8632    2.4828   -0.0168
    0.8982    2.4828   -0.0127    0.9285    2.4828   -0.0091
    0.9539    2.4828   -0.0060    0.9739    2.4828   -0.0034
    0.9883    2.4828   -0.0015    0.9971    2.4828   -0.0004
    1.0000    2.4828    0.0000
    1.0000    2.5862    0.0000    0.9971    2.5862    0.0003
    0.9883    2.5862    0.0013    0.9738    2.5862    0.0028
    0.9537    2.5862    0.0049    0.9283    2.5862    0.0075
    0.8979    2.5862    0.0104    0.8628    2.5862    0.0137
    0.8235    2.5862    0.0171    0.7803    2.5862    0.0207
    0.7339    2.5862    0.0243    0.6847    2.5862    0.0279
    0.6334    2.5862    0.0312    0.5805    2.5862    0.0343
    0.5266    2.5862    0.0371    0.4724    2.5862    0.0393
    0.4186    2.5862    0.0410    0.3657    2.5862    0.0419
    0.3144    2.5862    0.0420    0.2653    2.5862    0.0413
    0.2189    2.5862    0.0396    0.1758    2.5862    0.0370
    0.1366    2.5862    0.0334    0.1016    2.5862    0.0289
    0.0712    2.5862    0.0236    0.0459    2.5862    0.0176
    0.0260    2.5862    0.0110    0.0116    2.5862    0.0039
    0.0029    2.5862   -0.0037    0.0001    2.5862   -0.0115
    0.0031    2.5862   -0.0194    0.0119    2.5862   -0.0267
    0.0265    2.5862   -0.0335    0.0466    2.5862   -0.0396
    0.0720    2.5862   -0.0451    0.1025    2.5862   -0.0497
    0.1376    2.5862   -0.0533    0.1769    2.5862   -0.0560
    0.2200    2.5862   -0.0576    0.2664    2.5862   -0.0583
    0.3156    2.5862   -0.0579    0.3668    2.5862   -0.0565
    0.4197    2.5862   -0.0544    0.4735    2.5862   -0.0515
    0.5276    2.5862   -0.0480    0.5814    2.5862   -0.0440
    0.6342    2.5862   -0.0397    0.6855    2.5862   -0.0351
    0.7345    2.5862   -0.0305    0.7809    2.5862   -0.0258
    0.8239    2.5862   -0.0212    0.8632    2.5862   -0.0168
    0.8982    2.5862   -0.0128    0.9285    2.5862   -0.0091
    0.9539    2.5862   -0.0060    0.9739    2.5862   -0.0034
    0.9883    2.5862   -0.0015    0.9971    2.5862   -0.0004
    1.0000    2.5862    0.0000
    1.0000    2.6897    0.0000    0.9971    2.6897    0.0003
    0.9883    2.6897    0.0013    0.9738    2.6897    0.0028
    0.9537    2.6897    0.0049    0.9283    2.6897    0.0074
    0.8979    2.6897    0.0104    0.8628    2.6897    0.0136
    0.8235    2.6897    0.0171    0.7803    2.6897    0.0206
    0.7339    2.6897    0.0242    0.6847    2.6897    0.0278
    0.6334    2.6897    0.0311    0.5805    2.6897    0.0342
    0.5266    2.6897    0.0369    0.4724    2.6897    0.0392
    0.4186    2.6897    0.0408    0.3657    2.6897    0.0417
    0.3144    2.6897    0.0418    0.2653    2.6897    0.0411
    0.2189    2.6897    0.0394    0.1758    2.6897    0.0367
    0.1365    2.6897    0.0331    0.1016    2.6897    0.0286
    0.0712    2.6897    0.0233    0.0459    2.6897    0.0173
    0.0260    2.6897    0.0107    0.0116    2.6897    0.0036
    0.0029    2.6897   -0.0040    0.0001    2.6897   -0.0119
    0.0031    2.6897   -0.0197    0.0119    2.6897   -0.0270
    0.0265    2.6897   -0.0338    0.0466    2.6897   -0.0399
    0.0720    2.6897   -0.0454    0.1025    2.6897   -0.0499
    0.1376    2.6897   -0.0536    0.1769    2.6897   -0.0563
    0.2200    2.6897   -0.0579    0.2664    2.6897   -0.0585
    0.3156    2.6897   -0.0581    0.3669    2.6897   -0.0567
    0.4197    2.6897   -0.0546    0.4735    2.6897   -0.0517
    0.5276    2.6897   -0.0482    0.5814    2.6897   -0.0442
    0.6342    2.6897   -0.0398    0.6855    2.6897   -0.0352
    0.7345    2.6897   -0.0305    0.7809    2.6897   -0.0258
    0.8239    2.6897   -0.0212    0.8632    2.6897   -0.0169
    0.8982    2.6897   -0.0128    0.9285    2.6897   -0.0091
    0.9539    2.6897   -0.0060    0.9739    2.6897   -0.0034
    0.9883    2.6897   -0.0015    0.9971    2.6897   -0.0004
    1.0000    2.6897    0.0000
    1.0000    2.7931    0.0000    0.9971    2.7931    0.0003
    0.9883    2.7931    0.0013    0.9738    2.7931    0.0028
    0.9537    2.7931    0.0049    0.9283    2.7931    0.0074
    0.8979    2.7931    0.0103    0.8628    2.7931    0.0136
    0.8235    2.7931    0.0170    0.7803    2.7931    0.0206
    0.7339    2.7931    0.0241    0.6847    2.7931    0.0277
    0.6334    2.7931    0.0310    0.5804    2.7931    0.0341
    0.5266    2.7931    0.0368    0.4724    2.7931    0.0390
    0.4186    2.7931    0.0406    0.3657    2.7931    0.0415
    0.3144    2.7931    0.0416    0.2652    2.7931    0.0408
    0.2189    2.7931    0.0391    0.1758    2.7931    0.0364
    0.1365    2.7931    0.0328    0.1015    2.7931    0.0283
    0.0712    2.7931    0.0230    0.0459    2.7931    0.0170
    0.0260    2.7931    0.0104    0.0116    2.7931    0.0032
    0.0029    2.7931   -0.0043    0.0001    2.7931   -0.0122
    0.0031    2.7931   -0.0200    0.0119    2.7931   -0.0273
    0.0265    2.7931   -0.0341    0.0466    2.7931   -0.0403
    0.0721    2.7931   -0.0457    0.1025    2.7931   -0.0502
    0.1376    2.7931   -0.0539    0.1769    2.7931   -0.0565
    0.2201    2.7931   -0.0582    0.2665    2.7931   -0.0587
    0.3156    2.7931   -0.0583    0.3669    2.7931   -0.0570
    0.4197    2.7931   -0.0548    0.4735    2.7931   -0.0518
    0.5276    2.7931   -0.0483    0.5814    2.7931   -0.0443
    0.6342    2.7931   -0.0399    0.6855    2.7931   -0.0353
    0.7346    2.7931   -0.0306    0.7809    2.7931   -0.0259
    0.8239    2.7931   -0.0213    0.8632    2.7931   -0.0169
    0.8982    2.7931   -0.0128    0.9285    2.7931   -0.0092
    0.9539    2.7931   -0.0060    0.9739    2.7931   -0.0034
    0.9883    2.7931   -0.0015    0.9971    2.7931   -0.0004
    1.0000    2.7931    0.0000
    1.0000    2.8966    0.0000    0.9971    2.8966    0.0003
    0.9883    2.8966    0.0013    0.9738    2.8966    0.0028
    0.9537    2.8966    0.0049    0.9283    2.8966    0.0074
    0.8979    2.8966    0.0103    0.8628    2.8966    0.0135
    0.8235    2.8966    0.0169    0.7803    2.8966    0.0205
    0.7339    2.8966    0.0240    0.6847    2.8966    0.0275
    0.6333    2.8966    0.0309    0.5804    2.8966    0.0339
    0.5266    2.8966    0.0366    0.4724    2.8966    0.0388
    0.4186    2.8966    0.0404    0.3657    2.8966    0.0413
    0.3144    2.8966    0.0413    0.2652    2.8966    0.0405
    0.2189    2.8966    0.0388    0.1758    2.8966    0.0361
    0.1365    2.8966    0.0325    0.1015    2.8966    0.0280
    0.0712    2.8966    0.0227    0.0459    2.8966    0.0166
    0.0260    2.8966    0.0100    0.0116    2.8966    0.0029
    0.0029    2.8966   -0.0047    0.0001    2.8966   -0.0126
    0.0031    2.8966   -0.0204    0.0120    2.8966   -0.0277
    0.0265    2.8966   -0.0345    0.0466    2.8966   -0.0406
    0.0721    2.8966   -0.0460    0.1025    2.8966   -0.0506
    0.1376    2.8966   -0.0542    0.1770    2.8966   -0.0569
    0.2201    2.8966   -0.0585    0.2665    2.8966   -0.0590
    0.3156    2.8966   -0.0586    0.3669    2.8966   -0.0572
    0.4198    2.8966   -0.0550    0.4735    2.8966   -0.0520
    0.5276    2.8966   -0.0485    0.5814    2.8966   -0.0445
    0.6342    2.8966   -0.0401    0.6855    2.8966   -0.0355
    0.7346    2.8966   -0.0307    0.7809    2.8966   -0.0260
    0.8239    2.8966   -0.0214    0.8632    2.8966   -0.0170
    0.8982    2.8966   -0.0129    0.9285    2.8966   -0.0092
    0.9539    2.8966   -0.0060    0.9739    2.8966   -0.0034
    0.9883    2.8966   -0.0016    0.9971    2.8966   -0.0004
    1.0000    2.8966    0.0000
    1.0000    3.0000    0.0000    0.9971    3.0000    0.0003
    0.9883    3.0000    0.0013    0.9738    3.0000    0.0028
    0.9537    3.0000    0.0048    0.9283    3.0000    0.0074
    0.8979    3.0000    0.0103    0.8628    3.0000    0.0135
    0.8235    3.0000    0.0169    0.7803    3.0000    0.0204
    0.7339    3.0000    0.0239    0.6847    3.0000    0.0274
    0.6333    3.0000    0.0307    0.5804    3.0000    0.0337
    0.5266    3.0000    0.0364    0.4724    3.0000    0.0386
    0.4185    3.0000    0.0401    0.3656    3.0000    0.0410
    0.3143    3.0000    0.0410    0.2652    3.0000    0.0402
    0.2188    3.0000    0.0385    0.1758    3.0000    0.0358
    0.1365    3.0000    0.0321    0.1015    3.0000    0.0276
    0.0712    3.0000    0.0223    0.0459    3.0000    0.0162
    0.0260    3.0000    0.0096    0.0116    3.0000    0.0024
    0.0029    3.0000   -0.0051    0.0001    3.0000   -0.0130
    0.0031    3.0000   -0.0208    0.0120    3.0000   -0.0281
    0.0265    3.0000   -0.0349    0.0467    3.0000   -0.0410
    0.0721    3.0000   -0.0464    0.1025    3.0000   -0.0510
    0.1376    3.0000   -0.0546    0.1770    3.0000   -0.0572
    0.2201    3.0000   -0.0588    0.2665    3.0000   -0.0593
    0.3156    3.0000   -0.0589    0.3669    3.0000   -0.0575
    0.4198    3.0000   -0.0552    0.4736    3.0000   -0.0523
    0.5277    3.0000   -0.0487    0.5814    3.0000   -0.0446
    0.6343    3.0000   -0.0402    0.6855    3.0000   -0.0356
    0.7346    3.0000   -0.0308    0.7809    3.0000   -0.0261
    0.8240    3.0000   -0.0214    0.8632    3.0000   -0.0170
    0.8982    3.0000   -0.0129    0.9285    3.0000   -0.0092
    0.9539    3.0000   -0.0060    0.9739    3.0000   -0.0035
    0.9883    3.0000   -0.0016    0.9971    3.0000   -0.0004
    1.0000    3.0000    0.0000
$POINTS for network #  2   wingtip                                           
       1.0
       1.0                                     0.0       0.0
      30.0       8.0                                                  wingtip   
    1.0000    3.0000    0.0000    0.9971    3.0000    0.0003
    0.9883    3.0000    0.0013    0.9738    3.0000    0.0028
    0.9537    3.0000    0.0048    0.9283    3.0000    0.0074
    0.8979    3.0000    0.0103    0.8628    3.0000    0.0135
    0.8235    3.0000    0.0169    0.7803    3.0000    0.0204
    0.7339    3.0000    0.0239    0.6847    3.0000    0.0274
    0.6333    3.0000    0.0307    0.5804    3.0000    0.0337
    0.5266    3.0000    0.0364    0.4724    3.0000    0.0386
    0.4185    3.0000    0.0401    0.3656    3.0000    0.0410
    0.3143    3.0000    0.0410    0.2652    3.0000    0.0402
    0.2188    3.0000    0.0385    0.1758    3.0000    0.0358
    0.1365    3.0000    0.0321    0.1015    3.0000    0.0276
    0.0712    3.0000    0.0223    0.0459    3.0000    0.0162
    0.0260    3.0000    0.0096    0.0116    3.0000    0.0024
    0.0029    3.0000   -0.0051    0.0001    3.0000   -0.0130
    1.0000    3.0000    0.0000    0.9971    3.0002    0.0003
    0.9883    3.0006    0.0011    0.9738    3.0014    0.0025
    0.9537    3.0024    0.0043    0.9283    3.0036    0.0065
    0.8979    3.0050    0.0091    0.8628    3.0066    0.0119
    0.8235    3.0083    0.0150    0.7803    3.0101    0.0181
    0.7339    3.0119    0.0212    0.6847    3.0137    0.0243
    0.6334    3.0154    0.0272    0.5805    3.0170    0.0299
    0.5266    3.0185    0.0322    0.4724    3.0197    0.0341
    0.4186    3.0207    0.0354    0.3657    3.0214    0.0361
    0.3144    3.0217    0.0361    0.2653    3.0216    0.0353
    0.2189    3.0211    0.0337    0.1758    3.0202    0.0312
    0.1366    3.0188    0.0278    0.1016    3.0170    0.0237
    0.0712    3.0149    0.0189    0.0460    3.0124    0.0134
    0.0260    3.0097    0.0074    0.0116    3.0066    0.0009
    0.0029    3.0034   -0.0059    0.0001    3.0000   -0.0130
    1.0000    3.0000    0.0000    0.9971    3.0003    0.0002
    0.9883    3.0011    0.0007    0.9738    3.0024    0.0016
    0.9537    3.0042    0.0028    0.9284    3.0065    0.0042
    0.8980    3.0091    0.0059    0.8629    3.0119    0.0077
    0.8236    3.0150    0.0097    0.7804    3.0182    0.0116
    0.7340    3.0214    0.0136    0.6848    3.0246    0.0155
    0.6335    3.0277    0.0173    0.5806    3.0306    0.0190
    0.5268    3.0333    0.0204    0.4726    3.0355    0.0215
    0.4188    3.0373    0.0222    0.3659    3.0385    0.0225
    0.3146    3.0391    0.0222    0.2655    3.0389    0.0215
    0.2191    3.0380    0.0202    0.1760    3.0363    0.0183
    0.1367    3.0339    0.0158    0.1017    3.0307    0.0128
    0.0714    3.0269    0.0093    0.0461    3.0224    0.0054
    0.0261    3.0174    0.0012    0.0116    3.0120   -0.0033
    0.0030    3.0061   -0.0081    0.0001    3.0000   -0.0130
    1.0000    3.0000    0.0000    0.9971    3.0003    0.0000
    0.9883    3.0014    0.0002    0.9738    3.0030    0.0004
    0.9538    3.0053    0.0006    0.9284    3.0081    0.0009
    0.8980    3.0113    0.0013    0.8630    3.0149    0.0016
    0.8237    3.0187    0.0020    0.7805    3.0227    0.0023
    0.7341    3.0267    0.0026    0.6850    3.0307    0.0029
    0.6337    3.0346    0.0031    0.5808    3.0382    0.0033
    0.5270    3.0415    0.0033    0.4728    3.0443    0.0033
    0.4190    3.0465    0.0031    0.3661    3.0480    0.0027
    0.3148    3.0487    0.0022    0.2657    3.0485    0.0015
    0.2193    3.0474    0.0007    0.1762    3.0453   -0.0004
    0.1369    3.0423   -0.0016    0.1019    3.0383   -0.0029
    0.0716    3.0335   -0.0044    0.0462    3.0279   -0.0060
    0.0262    3.0217   -0.0077    0.0117    3.0149   -0.0095
    0.0030    3.0077   -0.0112    0.0001    3.0000   -0.0130
    1.0000    3.0000    0.0000    0.9971    3.0003   -0.0001
    0.9883    3.0014   -0.0005    0.9738    3.0030   -0.0010
    0.9538    3.0053   -0.0018    0.9285    3.0081   -0.0028
    0.8981    3.0113   -0.0039    0.8631    3.0149   -0.0052
    0.8238    3.0187   -0.0066    0.7807    3.0227   -0.0080
    0.7343    3.0267   -0.0096    0.6852    3.0307   -0.0111
    0.6339    3.0346   -0.0127    0.5810    3.0382   -0.0142
    0.5272    3.0415   -0.0156    0.4731    3.0443   -0.0170
    0.4193    3.0465   -0.0182    0.3664    3.0480   -0.0192
    0.3151    3.0487   -0.0200    0.2660    3.0485   -0.0206
    0.2196    3.0474   -0.0210    0.1765    3.0453   -0.0211
    0.1372    3.0423   -0.0209    0.1021    3.0383   -0.0204
    0.0717    3.0335   -0.0197    0.0464    3.0279   -0.0188
    0.0263    3.0217   -0.0176    0.0118    3.0149   -0.0163
    0.0030    3.0077   -0.0147    0.0001    3.0000   -0.0130
    1.0000    3.0000    0.0000    0.9971    3.0003   -0.0003
    0.9883    3.0011   -0.0010    0.9739    3.0024   -0.0023
    0.9538    3.0042   -0.0040    0.9285    3.0065   -0.0061
    0.8981    3.0091   -0.0085    0.8631    3.0119   -0.0113
    0.8239    3.0150   -0.0142    0.7808    3.0182   -0.0173
    0.7344    3.0214   -0.0205    0.6854    3.0246   -0.0237
    0.6341    3.0277   -0.0269    0.5812    3.0306   -0.0299
    0.5275    3.0333   -0.0327    0.4733    3.0355   -0.0352
    0.4195    3.0373   -0.0373    0.3667    3.0385   -0.0389
    0.3154    3.0391   -0.0401    0.2663    3.0389   -0.0406
    0.2199    3.0380   -0.0405    0.1768    3.0363   -0.0397
    0.1374    3.0339   -0.0383    0.1023    3.0307   -0.0362
    0.0719    3.0269   -0.0335    0.0465    3.0224   -0.0303
    0.0264    3.0174   -0.0265    0.0119    3.0120   -0.0224
    0.0031    3.0061   -0.0179    0.0001    3.0000   -0.0130
    1.0000    3.0000    0.0000    0.9971    3.0002   -0.0004
    0.9883    3.0006   -0.0014    0.9739    3.0014   -0.0031
    0.9539    3.0024   -0.0055    0.9285    3.0036   -0.0084
    0.8982    3.0050   -0.0118    0.8632    3.0066   -0.0155
    0.8239    3.0083   -0.0196    0.7809    3.0101   -0.0238
    0.7345    3.0119   -0.0281    0.6855    3.0137   -0.0325
    0.6342    3.0154   -0.0367    0.5814    3.0170   -0.0408
    0.5276    3.0185   -0.0445    0.4735    3.0197   -0.0478
    0.4197    3.0207   -0.0505    0.3669    3.0214   -0.0526
    0.3156    3.0217   -0.0539    0.2664    3.0216   -0.0544
    0.2200    3.0211   -0.0540    0.1769    3.0202   -0.0526
    0.1376    3.0188   -0.0503    0.1025    3.0170   -0.0471
    0.0721    3.0149   -0.0430    0.0466    3.0124   -0.0382
    0.0265    3.0097   -0.0327    0.0120    3.0066   -0.0266
    0.0031    3.0034   -0.0200    0.0001    3.0000   -0.0130
    1.0000    3.0000    0.0000    0.9971    3.0000   -0.0004
    0.9883    3.0000   -0.0016    0.9739    3.0000   -0.0035
    0.9539    3.0000   -0.0060    0.9285    3.0000   -0.0092
    0.8982    3.0000   -0.0129    0.8632    3.0000   -0.0170
    0.8240    3.0000   -0.0214    0.7809    3.0000   -0.0261
    0.7346    3.0000   -0.0308    0.6855    3.0000   -0.0356
    0.6343    3.0000   -0.0402    0.5814    3.0000   -0.0446
    0.5277    3.0000   -0.0487    0.4736    3.0000   -0.0523
    0.4198    3.0000   -0.0552    0.3669    3.0000   -0.0575
    0.3156    3.0000   -0.0589    0.2665    3.0000   -0.0593
    0.2201    3.0000   -0.0588    0.1770    3.0000   -0.0572
    0.1376    3.0000   -0.0546    0.1025    3.0000   -0.0510
    0.0721    3.0000   -0.0464    0.0467    3.0000   -0.0410
    0.0265    3.0000   -0.0349    0.0120    3.0000   -0.0281
    0.0031    3.0000   -0.0208    0.0001    3.0000   -0.0130
$POINTS for network #  3   wingwake                                          
       1.0
      18.0                                     0.0       0.0
       2.0      30.0                                                  wingwake  
    1.0000    0.0000    0.0000   50.0000    0.0000    0.0000
    1.0000    0.1034    0.0000   50.0000    0.1034    0.0000
    1.0000    0.2069    0.0000   50.0000    0.2069    0.0000
    1.0000    0.3103    0.0000   50.0000    0.3103    0.0000
    1.0000    0.4138    0.0000   50.0000    0.4138    0.0000
    1.0000    0.5172    0.0000   50.0000    0.5172    0.0000
    1.0000    0.6207    0.0000   50.0000    0.6207    0.0000
    1.0000    0.7241    0.0000   50.0000    0.7241    0.0000
    1.0000    0.8276    0.0000   50.0000    0.8276    0.0000
    1.0000    0.9310    0.0000   50.0000    0.9310    0.0000
    1.0000    1.0345    0.0000   50.0000    1.0345    0.0000
    1.0000    1.1379    0.0000   50.0000    1.1379    0.0000
    1.0000    1.2414    0.0000   50.0000    1.2414    0.0000
    1.0000    1.3448    0.0000   50.0000    1.3448    0.0000
    1.0000    1.4483    0.0000   50.0000    1.4483    0.0000
    1.0000    1.5517    0.0000   50.0000    1.5517    0.0000
    1.0000    1.6552    0.0000   50.0000    1.6552    0.0000
    1.0000    1.7586    0.0000   50.0000    1.7586    0.0000
    1.0000    1.8621    0.0000   50.0000    1.8621    0.0000
    1.0000    1.9655    0.0000   50.0000    1.9655    0.0000
    1.0000    2.0690    0.0000   50.0000    2.0690    0.0000
    1.0000    2.1724    0.0000   50.0000    2.1724    0.0000
    1.0000    2.2759    0.0000   50.0000    2.2759    0.0000
    1.0000    2.3793    0.0000   50.0000    2.3793    0.0000
    1.0000    2.4828    0.0000   50.0000    2.4828    0.0000
    1.0000    2.5862    0.0000   50.0000    2.5862    0.0000
    1.0000    2.6897    0.0000   50.0000    2.6897    0.0000
    1.0000    2.7931    0.0000   50.0000    2.7931    0.0000
    1.0000    2.8966    0.0000   50.0000    2.8966    0.0000
    1.0000    3.0000    0.0000   50.0000    3.0000    0.0000
$END OF INPUT DATA
