$TITLE    Created by panin, version 1.0 (4Jan2000) on                
INPUT FILE FOR PanAir (A502-ht2)                                                
Created by PANIN                                                                
$DATACHECK
    0.0000
$SYM
    1.0000    0.0000
$MACH NUMBER
    0.6000
$CASES
    3.0000
$ANGLES OF ATTACK
    0.0000
   -2.0000    0.0000    2.0000
$YAW ANGLES
    0.0000
    0.0000    0.0000    0.0000
$REFERENCE DATA FOR 3-D FORCES AND MOMENTS
    0.5049    0.0000    0.0000    1.0000
    0.1454    1.1714    0.1412    1.1714
$PRINTOUT CONTROL
       0.0       0.0       0.0       0.0       0.0       0.0
       0.0       0.0       0.0       0.0       0.0       0.0
$EAT
  0.000000       0.0       0.0       0.0       0.0       0.0
$VELOCITY CORRECTION
    0.0000
$POINTS for network #  1   wing                                              
       1.0
       1.0                                     0.0       0.0
      81.0      27.0                                                  wing      
    0.5871    0.0000   -0.0438    0.5784    0.0000   -0.0406
    0.5696    0.0000   -0.0380    0.5609    0.0000   -0.0355
    0.5523    0.0000   -0.0333    0.5437    0.0000   -0.0312
    0.5352    0.0000   -0.0293    0.5269    0.0000   -0.0275
    0.5186    0.0000   -0.0258    0.5105    0.0000   -0.0242
    0.5024    0.0000   -0.0228    0.4945    0.0000   -0.0214
    0.4867    0.0000   -0.0202    0.4791    0.0000   -0.0190
    0.4715    0.0000   -0.0180    0.4641    0.0000   -0.0170
    0.4569    0.0000   -0.0160    0.4497    0.0000   -0.0152
    0.4428    0.0000   -0.0144    0.4360    0.0000   -0.0137
    0.4293    0.0000   -0.0130    0.4228    0.0000   -0.0125
    0.4164    0.0000   -0.0120    0.4103    0.0000   -0.0116
    0.4043    0.0000   -0.0113    0.3985    0.0000   -0.0111
    0.3928    0.0000   -0.0109    0.3874    0.0000   -0.0109
    0.3822    0.0000   -0.0110    0.3772    0.0000   -0.0111
    0.3724    0.0000   -0.0114    0.3678    0.0000   -0.0118
    0.3636    0.0000   -0.0123    0.3596    0.0000   -0.0129
    0.3559    0.0000   -0.0137    0.3526    0.0000   -0.0148
    0.3499    0.0000   -0.0164    0.3481    0.0000   -0.0184
    0.3473    0.0000   -0.0206    0.3470    0.0000   -0.0224
    0.3470    0.0000   -0.0234    0.3470    0.0000   -0.0243
    0.3474    0.0000   -0.0261    0.3485    0.0000   -0.0281
    0.3503    0.0000   -0.0302    0.3527    0.0000   -0.0322
    0.3556    0.0000   -0.0341    0.3589    0.0000   -0.0358
    0.3627    0.0000   -0.0373    0.3667    0.0000   -0.0388
    0.3710    0.0000   -0.0402    0.3756    0.0000   -0.0414
    0.3805    0.0000   -0.0426    0.3856    0.0000   -0.0436
    0.3909    0.0000   -0.0446    0.3964    0.0000   -0.0455
    0.4022    0.0000   -0.0464    0.4081    0.0000   -0.0471
    0.4142    0.0000   -0.0478    0.4205    0.0000   -0.0484
    0.4270    0.0000   -0.0490    0.4336    0.0000   -0.0495
    0.4405    0.0000   -0.0499    0.4474    0.0000   -0.0501
    0.4546    0.0000   -0.0503    0.4619    0.0000   -0.0504
    0.4693    0.0000   -0.0504    0.4769    0.0000   -0.0501
    0.4846    0.0000   -0.0496    0.4924    0.0000   -0.0490
    0.5004    0.0000   -0.0482    0.5085    0.0000   -0.0473
    0.5167    0.0000   -0.0463    0.5250    0.0000   -0.0452
    0.5335    0.0000   -0.0443    0.5421    0.0000   -0.0436
    0.5508    0.0000   -0.0432    0.5597    0.0000   -0.0431
    0.5688    0.0000   -0.0431    0.5779    0.0000   -0.0435
    0.5871    0.0000   -0.0438
    0.5872    0.0247   -0.0412    0.5789    0.0247   -0.0382
    0.5706    0.0247   -0.0357    0.5623    0.0247   -0.0334
    0.5541    0.0247   -0.0313    0.5460    0.0247   -0.0293
    0.5380    0.0247   -0.0274    0.5301    0.0247   -0.0257
    0.5223    0.0247   -0.0241    0.5146    0.0247   -0.0226
    0.5069    0.0247   -0.0213    0.4994    0.0247   -0.0200
    0.4921    0.0247   -0.0188    0.4848    0.0247   -0.0177
    0.4777    0.0247   -0.0167    0.4706    0.0247   -0.0158
    0.4638    0.0247   -0.0149    0.4570    0.0247   -0.0141
    0.4504    0.0247   -0.0133    0.4440    0.0247   -0.0127
    0.4377    0.0247   -0.0121    0.4315    0.0247   -0.0115
    0.4255    0.0247   -0.0111    0.4196    0.0247   -0.0107
    0.4140    0.0247   -0.0104    0.4085    0.0247   -0.0102
    0.4031    0.0247   -0.0101    0.3980    0.0247   -0.0100
    0.3930    0.0247   -0.0101    0.3883    0.0247   -0.0102
    0.3838    0.0247   -0.0105    0.3794    0.0247   -0.0109
    0.3754    0.0247   -0.0113    0.3716    0.0247   -0.0119
    0.3681    0.0247   -0.0127    0.3650    0.0247   -0.0137
    0.3624    0.0247   -0.0152    0.3607    0.0247   -0.0172
    0.3599    0.0247   -0.0192    0.3597    0.0247   -0.0209
    0.3597    0.0247   -0.0218    0.3597    0.0247   -0.0228
    0.3601    0.0247   -0.0244    0.3611    0.0247   -0.0264
    0.3628    0.0247   -0.0284    0.3651    0.0247   -0.0302
    0.3678    0.0247   -0.0320    0.3710    0.0247   -0.0336
    0.3745    0.0247   -0.0351    0.3784    0.0247   -0.0365
    0.3825    0.0247   -0.0377    0.3868    0.0247   -0.0389
    0.3914    0.0247   -0.0400    0.3962    0.0247   -0.0410
    0.4013    0.0247   -0.0420    0.4065    0.0247   -0.0428
    0.4120    0.0247   -0.0436    0.4176    0.0247   -0.0443
    0.4234    0.0247   -0.0450    0.4294    0.0247   -0.0456
    0.4355    0.0247   -0.0461    0.4418    0.0247   -0.0466
    0.4482    0.0247   -0.0469    0.4549    0.0247   -0.0472
    0.4616    0.0247   -0.0474    0.4685    0.0247   -0.0475
    0.4756    0.0247   -0.0475    0.4827    0.0247   -0.0472
    0.4900    0.0247   -0.0467    0.4975    0.0247   -0.0461
    0.5050    0.0247   -0.0454    0.5126    0.0247   -0.0445
    0.5204    0.0247   -0.0436    0.5283    0.0247   -0.0425
    0.5363    0.0247   -0.0417    0.5445    0.0247   -0.0410
    0.5528    0.0247   -0.0407    0.5612    0.0247   -0.0405
    0.5698    0.0247   -0.0406    0.5784    0.0247   -0.0409
    0.5872    0.0247   -0.0412
    0.5872    0.0495   -0.0386    0.5794    0.0495   -0.0357
    0.5716    0.0495   -0.0334    0.5638    0.0495   -0.0312
    0.5560    0.0495   -0.0292    0.5484    0.0495   -0.0273
    0.5408    0.0495   -0.0256    0.5333    0.0495   -0.0240
    0.5259    0.0495   -0.0225    0.5186    0.0495   -0.0211
    0.5115    0.0495   -0.0198    0.5044    0.0495   -0.0186
    0.4974    0.0495   -0.0175    0.4905    0.0495   -0.0164
    0.4838    0.0495   -0.0155    0.4772    0.0495   -0.0146
    0.4707    0.0495   -0.0138    0.4643    0.0495   -0.0130
    0.4581    0.0495   -0.0123    0.4520    0.0495   -0.0117
    0.4460    0.0495   -0.0111    0.4402    0.0495   -0.0106
    0.4345    0.0495   -0.0102    0.4290    0.0495   -0.0098
    0.4236    0.0495   -0.0095    0.4184    0.0495   -0.0093
    0.4134    0.0495   -0.0092    0.4086    0.0495   -0.0092
    0.4039    0.0495   -0.0092    0.3994    0.0495   -0.0094
    0.3951    0.0495   -0.0096    0.3911    0.0495   -0.0099
    0.3872    0.0495   -0.0104    0.3837    0.0495   -0.0110
    0.3804    0.0495   -0.0117    0.3774    0.0495   -0.0127
    0.3750    0.0495   -0.0140    0.3734    0.0495   -0.0159
    0.3726    0.0495   -0.0178    0.3724    0.0495   -0.0194
    0.3724    0.0495   -0.0203    0.3724    0.0495   -0.0212
    0.3728    0.0495   -0.0228    0.3737    0.0495   -0.0246
    0.3753    0.0495   -0.0265    0.3775    0.0495   -0.0283
    0.3801    0.0495   -0.0299    0.3831    0.0495   -0.0314
    0.3864    0.0495   -0.0328    0.3900    0.0495   -0.0341
    0.3939    0.0495   -0.0353    0.3980    0.0495   -0.0365
    0.4024    0.0495   -0.0375    0.4069    0.0495   -0.0384
    0.4117    0.0495   -0.0393    0.4166    0.0495   -0.0401
    0.4218    0.0495   -0.0409    0.4271    0.0495   -0.0416
    0.4325    0.0495   -0.0422    0.4382    0.0495   -0.0427
    0.4440    0.0495   -0.0432    0.4499    0.0495   -0.0437
    0.4560    0.0495   -0.0440    0.4623    0.0495   -0.0443
    0.4686    0.0495   -0.0444    0.4752    0.0495   -0.0445
    0.4818    0.0495   -0.0445    0.4886    0.0495   -0.0442
    0.4955    0.0495   -0.0438    0.5025    0.0495   -0.0433
    0.5096    0.0495   -0.0426    0.5168    0.0495   -0.0417
    0.5242    0.0495   -0.0408    0.5316    0.0495   -0.0399
    0.5392    0.0495   -0.0390    0.5469    0.0495   -0.0385
    0.5548    0.0495   -0.0381    0.5627    0.0495   -0.0379
    0.5708    0.0495   -0.0380    0.5789    0.0495   -0.0383
    0.5872    0.0495   -0.0386
    0.5872    0.0742   -0.0360    0.5799    0.0742   -0.0333
    0.5725    0.0742   -0.0311    0.5652    0.0742   -0.0291
    0.5579    0.0742   -0.0272    0.5507    0.0742   -0.0254
    0.5436    0.0742   -0.0238    0.5365    0.0742   -0.0222
    0.5296    0.0742   -0.0208    0.5227    0.0742   -0.0195
    0.5160    0.0742   -0.0183    0.5093    0.0742   -0.0172
    0.5027    0.0742   -0.0161    0.4963    0.0742   -0.0152
    0.4899    0.0742   -0.0142    0.4837    0.0742   -0.0134
    0.4776    0.0742   -0.0126    0.4716    0.0742   -0.0119
    0.4657    0.0742   -0.0112    0.4600    0.0742   -0.0106
    0.4544    0.0742   -0.0101    0.4489    0.0742   -0.0097
    0.4436    0.0742   -0.0092    0.4384    0.0742   -0.0089
    0.4333    0.0742   -0.0086    0.4284    0.0742   -0.0084
    0.4237    0.0742   -0.0083    0.4191    0.0742   -0.0083
    0.4147    0.0742   -0.0083    0.4105    0.0742   -0.0085
    0.4065    0.0742   -0.0087    0.4027    0.0742   -0.0090
    0.3991    0.0742   -0.0095    0.3957    0.0742   -0.0100
    0.3926    0.0742   -0.0107    0.3898    0.0742   -0.0116
    0.3875    0.0742   -0.0129    0.3860    0.0742   -0.0146
    0.3853    0.0742   -0.0165    0.3851    0.0742   -0.0180
    0.3851    0.0742   -0.0188    0.3851    0.0742   -0.0196
    0.3855    0.0742   -0.0211    0.3864    0.0742   -0.0228
    0.3879    0.0742   -0.0246    0.3899    0.0742   -0.0263
    0.3923    0.0742   -0.0278    0.3952    0.0742   -0.0292
    0.3983    0.0742   -0.0306    0.4017    0.0742   -0.0318
    0.4053    0.0742   -0.0329    0.4092    0.0742   -0.0340
    0.4133    0.0742   -0.0350    0.4176    0.0742   -0.0359
    0.4221    0.0742   -0.0367    0.4267    0.0742   -0.0374
    0.4316    0.0742   -0.0382    0.4365    0.0742   -0.0388
    0.4417    0.0742   -0.0394    0.4470    0.0742   -0.0399
    0.4525    0.0742   -0.0403    0.4581    0.0742   -0.0408
    0.4638    0.0742   -0.0411    0.4697    0.0742   -0.0413
    0.4757    0.0742   -0.0415    0.4818    0.0742   -0.0416
    0.4881    0.0742   -0.0416    0.4944    0.0742   -0.0413
    0.5009    0.0742   -0.0409    0.5075    0.0742   -0.0404
    0.5142    0.0742   -0.0397    0.5210    0.0742   -0.0390
    0.5279    0.0742   -0.0381    0.5349    0.0742   -0.0372
    0.5421    0.0742   -0.0364    0.5493    0.0742   -0.0359
    0.5567    0.0742   -0.0355    0.5642    0.0742   -0.0354
    0.5718    0.0742   -0.0354    0.5795    0.0742   -0.0357
    0.5872    0.0742   -0.0360
    0.5873    0.0972   -0.0335    0.5804    0.0972   -0.0309
    0.5734    0.0972   -0.0289    0.5665    0.0972   -0.0270
    0.5597    0.0972   -0.0252    0.5529    0.0972   -0.0236
    0.5462    0.0972   -0.0220    0.5396    0.0972   -0.0206
    0.5330    0.0972   -0.0193    0.5266    0.0972   -0.0181
    0.5202    0.0972   -0.0169    0.5139    0.0972   -0.0159
    0.5077    0.0972   -0.0150    0.5017    0.0972   -0.0141
    0.4957    0.0972   -0.0133    0.4898    0.0972   -0.0125
    0.4841    0.0972   -0.0118    0.4784    0.0972   -0.0112
    0.4729    0.0972   -0.0106    0.4675    0.0972   -0.0101
    0.4622    0.0972   -0.0096    0.4571    0.0972   -0.0092
    0.4521    0.0972   -0.0088    0.4472    0.0972   -0.0085
    0.4424    0.0972   -0.0083    0.4378    0.0972   -0.0082
    0.4334    0.0972   -0.0081    0.4291    0.0972   -0.0081
    0.4249    0.0972   -0.0081    0.4210    0.0972   -0.0083
    0.4172    0.0972   -0.0085    0.4136    0.0972   -0.0088
    0.4102    0.0972   -0.0092    0.4070    0.0972   -0.0097
    0.4041    0.0972   -0.0104    0.4015    0.0972   -0.0112
    0.3993    0.0972   -0.0124    0.3979    0.0972   -0.0140
    0.3972    0.0972   -0.0157    0.3969    0.0972   -0.0171
    0.3969    0.0972   -0.0179    0.3970    0.0972   -0.0187
    0.3973    0.0972   -0.0200    0.3982    0.0972   -0.0216
    0.3997    0.0972   -0.0232    0.4016    0.0972   -0.0247
    0.4039    0.0972   -0.0261    0.4066    0.0972   -0.0274
    0.4096    0.0972   -0.0286    0.4128    0.0972   -0.0297
    0.4162    0.0972   -0.0308    0.4199    0.0972   -0.0317
    0.4237    0.0972   -0.0326    0.4277    0.0972   -0.0335
    0.4320    0.0972   -0.0342    0.4363    0.0972   -0.0349
    0.4409    0.0972   -0.0356    0.4456    0.0972   -0.0362
    0.4504    0.0972   -0.0367    0.4554    0.0972   -0.0372
    0.4605    0.0972   -0.0376    0.4658    0.0972   -0.0380
    0.4712    0.0972   -0.0383    0.4767    0.0972   -0.0385
    0.4824    0.0972   -0.0386    0.4881    0.0972   -0.0387
    0.4940    0.0972   -0.0386    0.5000    0.0972   -0.0384
    0.5061    0.0972   -0.0380    0.5123    0.0972   -0.0375
    0.5186    0.0972   -0.0369    0.5250    0.0972   -0.0362
    0.5315    0.0972   -0.0354    0.5381    0.0972   -0.0345
    0.5448    0.0972   -0.0338    0.5516    0.0972   -0.0332
    0.5586    0.0972   -0.0329    0.5656    0.0972   -0.0328
    0.5728    0.0972   -0.0328    0.5800    0.0972   -0.0331
    0.5873    0.0972   -0.0335
    0.5873    0.1202   -0.0309    0.5809    0.1202   -0.0285
    0.5743    0.1202   -0.0266    0.5679    0.1202   -0.0249
    0.5614    0.1202   -0.0232    0.5551    0.1202   -0.0217
    0.5488    0.1202   -0.0203    0.5426    0.1202   -0.0190
    0.5364    0.1202   -0.0177    0.5304    0.1202   -0.0166
    0.5244    0.1202   -0.0156    0.5185    0.1202   -0.0147
    0.5127    0.1202   -0.0138    0.5071    0.1202   -0.0130
    0.5015    0.1202   -0.0123    0.4960    0.1202   -0.0116
    0.4906    0.1202   -0.0110    0.4853    0.1202   -0.0104
    0.4801    0.1202   -0.0099    0.4750    0.1202   -0.0095
    0.4701    0.1202   -0.0091    0.4653    0.1202   -0.0087
    0.4605    0.1202   -0.0084    0.4560    0.1202   -0.0082
    0.4515    0.1202   -0.0080    0.4472    0.1202   -0.0079
    0.4430    0.1202   -0.0078    0.4390    0.1202   -0.0078
    0.4351    0.1202   -0.0079    0.4314    0.1202   -0.0081
    0.4278    0.1202   -0.0083    0.4245    0.1202   -0.0086
    0.4213    0.1202   -0.0090    0.4183    0.1202   -0.0095
    0.4156    0.1202   -0.0101    0.4132    0.1202   -0.0109
    0.4111    0.1202   -0.0120    0.4097    0.1202   -0.0134
    0.4090    0.1202   -0.0150    0.4087    0.1202   -0.0163
    0.4087    0.1202   -0.0170    0.4088    0.1202   -0.0177
    0.4091    0.1202   -0.0190    0.4100    0.1202   -0.0204
    0.4115    0.1202   -0.0218    0.4133    0.1202   -0.0232
    0.4155    0.1202   -0.0244    0.4180    0.1202   -0.0256
    0.4208    0.1202   -0.0267    0.4238    0.1202   -0.0277
    0.4271    0.1202   -0.0286    0.4305    0.1202   -0.0295
    0.4341    0.1202   -0.0303    0.4379    0.1202   -0.0310
    0.4418    0.1202   -0.0318    0.4460    0.1202   -0.0324
    0.4502    0.1202   -0.0330    0.4546    0.1202   -0.0335
    0.4592    0.1202   -0.0340    0.4638    0.1202   -0.0344
    0.4686    0.1202   -0.0348    0.4736    0.1202   -0.0352
    0.4786    0.1202   -0.0354    0.4838    0.1202   -0.0356
    0.4891    0.1202   -0.0357    0.4945    0.1202   -0.0357
    0.5000    0.1202   -0.0357    0.5056    0.1202   -0.0355
    0.5113    0.1202   -0.0351    0.5171    0.1202   -0.0347
    0.5230    0.1202   -0.0341    0.5290    0.1202   -0.0334
    0.5351    0.1202   -0.0326    0.5413    0.1202   -0.0318
    0.5476    0.1202   -0.0311    0.5540    0.1202   -0.0306
    0.5605    0.1202   -0.0303    0.5670    0.1202   -0.0301
    0.5737    0.1202   -0.0302    0.5805    0.1202   -0.0305
    0.5873    0.1202   -0.0309
    0.5874    0.1431   -0.0284    0.5813    0.1431   -0.0262
    0.5752    0.1431   -0.0244    0.5692    0.1431   -0.0228
    0.5632    0.1431   -0.0212    0.5573    0.1431   -0.0198
    0.5514    0.1431   -0.0185    0.5456    0.1431   -0.0173
    0.5399    0.1431   -0.0162    0.5342    0.1431   -0.0152
    0.5287    0.1431   -0.0143    0.5232    0.1431   -0.0134
    0.5178    0.1431   -0.0127    0.5124    0.1431   -0.0120
    0.5072    0.1431   -0.0113    0.5021    0.1431   -0.0107
    0.4970    0.1431   -0.0102    0.4921    0.1431   -0.0097
    0.4873    0.1431   -0.0093    0.4826    0.1431   -0.0089
    0.4779    0.1431   -0.0085    0.4734    0.1431   -0.0083
    0.4690    0.1431   -0.0080    0.4648    0.1431   -0.0078
    0.4606    0.1431   -0.0077    0.4566    0.1431   -0.0076
    0.4527    0.1431   -0.0076    0.4489    0.1431   -0.0076
    0.4453    0.1431   -0.0077    0.4418    0.1431   -0.0079
    0.4385    0.1431   -0.0081    0.4354    0.1431   -0.0084
    0.4324    0.1431   -0.0087    0.4297    0.1431   -0.0092
    0.4271    0.1431   -0.0098    0.4248    0.1431   -0.0105
    0.4229    0.1431   -0.0115    0.4216    0.1431   -0.0128
    0.4208    0.1431   -0.0142    0.4205    0.1431   -0.0154
    0.4205    0.1431   -0.0161    0.4206    0.1431   -0.0168
    0.4210    0.1431   -0.0179    0.4219    0.1431   -0.0192
    0.4233    0.1431   -0.0205    0.4250    0.1431   -0.0217
    0.4271    0.1431   -0.0228    0.4295    0.1431   -0.0238
    0.4321    0.1431   -0.0247    0.4349    0.1431   -0.0256
    0.4379    0.1431   -0.0265    0.4411    0.1431   -0.0272
    0.4445    0.1431   -0.0280    0.4481    0.1431   -0.0286
    0.4517    0.1431   -0.0293    0.4556    0.1431   -0.0299
    0.4595    0.1431   -0.0304    0.4636    0.1431   -0.0309
    0.4679    0.1431   -0.0313    0.4722    0.1431   -0.0317
    0.4767    0.1431   -0.0321    0.4813    0.1431   -0.0324
    0.4860    0.1431   -0.0326    0.4909    0.1431   -0.0327
    0.4958    0.1431   -0.0328    0.5008    0.1431   -0.0328
    0.5060    0.1431   -0.0328    0.5112    0.1431   -0.0326
    0.5165    0.1431   -0.0322    0.5219    0.1431   -0.0318
    0.5275    0.1431   -0.0313    0.5330    0.1431   -0.0306
    0.5387    0.1431   -0.0299    0.5445    0.1431   -0.0292
    0.5503    0.1431   -0.0285    0.5563    0.1431   -0.0280
    0.5623    0.1431   -0.0276    0.5685    0.1431   -0.0275
    0.5747    0.1431   -0.0276    0.5810    0.1431   -0.0280
    0.5874    0.1431   -0.0284
    0.5874    0.1661   -0.0258    0.5818    0.1661   -0.0238
    0.5762    0.1661   -0.0222    0.5705    0.1661   -0.0207
    0.5650    0.1661   -0.0193    0.5595    0.1661   -0.0180
    0.5540    0.1661   -0.0168    0.5486    0.1661   -0.0157
    0.5433    0.1661   -0.0147    0.5381    0.1661   -0.0137
    0.5329    0.1661   -0.0129    0.5278    0.1661   -0.0122
    0.5228    0.1661   -0.0115    0.5178    0.1661   -0.0109
    0.5130    0.1661   -0.0103    0.5082    0.1661   -0.0098
    0.5035    0.1661   -0.0094    0.4989    0.1661   -0.0090
    0.4945    0.1661   -0.0086    0.4901    0.1661   -0.0083
    0.4858    0.1661   -0.0080    0.4816    0.1661   -0.0078
    0.4775    0.1661   -0.0076    0.4735    0.1661   -0.0075
    0.4697    0.1661   -0.0074    0.4660    0.1661   -0.0073
    0.4623    0.1661   -0.0073    0.4589    0.1661   -0.0074
    0.4555    0.1661   -0.0075    0.4523    0.1661   -0.0077
    0.4492    0.1661   -0.0079    0.4463    0.1661   -0.0082
    0.4436    0.1661   -0.0085    0.4410    0.1661   -0.0089
    0.4386    0.1661   -0.0094    0.4365    0.1661   -0.0101
    0.4347    0.1661   -0.0111    0.4334    0.1661   -0.0122
    0.4327    0.1661   -0.0135    0.4324    0.1661   -0.0146
    0.4323    0.1661   -0.0152    0.4324    0.1661   -0.0158
    0.4328    0.1661   -0.0169    0.4337    0.1661   -0.0180
    0.4350    0.1661   -0.0191    0.4367    0.1661   -0.0201
    0.4387    0.1661   -0.0211    0.4409    0.1661   -0.0220
    0.4434    0.1661   -0.0228    0.4460    0.1661   -0.0236
    0.4488    0.1661   -0.0243    0.4518    0.1661   -0.0250
    0.4549    0.1661   -0.0256    0.4582    0.1661   -0.0262
    0.4616    0.1661   -0.0268    0.4652    0.1661   -0.0273
    0.4689    0.1661   -0.0278    0.4727    0.1661   -0.0283
    0.4766    0.1661   -0.0287    0.4806    0.1661   -0.0290
    0.4848    0.1661   -0.0293    0.4891    0.1661   -0.0296
    0.4934    0.1661   -0.0297    0.4979    0.1661   -0.0299
    0.5025    0.1661   -0.0299    0.5072    0.1661   -0.0299
    0.5119    0.1661   -0.0299    0.5168    0.1661   -0.0297
    0.5217    0.1661   -0.0294    0.5268    0.1661   -0.0290
    0.5319    0.1661   -0.0285    0.5370    0.1661   -0.0279
    0.5423    0.1661   -0.0272    0.5476    0.1661   -0.0265
    0.5530    0.1661   -0.0258    0.5586    0.1661   -0.0253
    0.5642    0.1661   -0.0250    0.5699    0.1661   -0.0249
    0.5757    0.1661   -0.0250    0.5815    0.1661   -0.0254
    0.5874    0.1661   -0.0258
    0.5874    0.1891   -0.0233    0.5823    0.1891   -0.0214
    0.5771    0.1891   -0.0199    0.5719    0.1891   -0.0186
    0.5667    0.1891   -0.0173    0.5617    0.1891   -0.0161
    0.5566    0.1891   -0.0150    0.5517    0.1891   -0.0140
    0.5467    0.1891   -0.0131    0.5419    0.1891   -0.0123
    0.5371    0.1891   -0.0116    0.5324    0.1891   -0.0109
    0.5278    0.1891   -0.0103    0.5232    0.1891   -0.0098
    0.5187    0.1891   -0.0094    0.5143    0.1891   -0.0089
    0.5100    0.1891   -0.0086    0.5058    0.1891   -0.0082
    0.5016    0.1891   -0.0079    0.4976    0.1891   -0.0077
    0.4936    0.1891   -0.0075    0.4898    0.1891   -0.0073
    0.4860    0.1891   -0.0072    0.4823    0.1891   -0.0071
    0.4788    0.1891   -0.0071    0.4753    0.1891   -0.0071
    0.4720    0.1891   -0.0071    0.4688    0.1891   -0.0072
    0.4657    0.1891   -0.0073    0.4627    0.1891   -0.0075
    0.4599    0.1891   -0.0077    0.4572    0.1891   -0.0079
    0.4547    0.1891   -0.0082    0.4523    0.1891   -0.0086
    0.4501    0.1891   -0.0091    0.4482    0.1891   -0.0098
    0.4465    0.1891   -0.0106    0.4453    0.1891   -0.0116
    0.4445    0.1891   -0.0127    0.4442    0.1891   -0.0137
    0.4441    0.1891   -0.0143    0.4442    0.1891   -0.0149
    0.4446    0.1891   -0.0158    0.4456    0.1891   -0.0168
    0.4468    0.1891   -0.0177    0.4484    0.1891   -0.0186
    0.4503    0.1891   -0.0194    0.4524    0.1891   -0.0201
    0.4546    0.1891   -0.0208    0.4571    0.1891   -0.0215
    0.4597    0.1891   -0.0221    0.4624    0.1891   -0.0227
    0.4653    0.1891   -0.0233    0.4684    0.1891   -0.0238
    0.4715    0.1891   -0.0243    0.4748    0.1891   -0.0248
    0.4782    0.1891   -0.0252    0.4817    0.1891   -0.0256
    0.4853    0.1891   -0.0260    0.4891    0.1891   -0.0263
    0.4929    0.1891   -0.0265    0.4968    0.1891   -0.0268
    0.5009    0.1891   -0.0269    0.5050    0.1891   -0.0270
    0.5092    0.1891   -0.0270    0.5135    0.1891   -0.0270
    0.5179    0.1891   -0.0269    0.5224    0.1891   -0.0267
    0.5269    0.1891   -0.0265    0.5316    0.1891   -0.0261
    0.5363    0.1891   -0.0257    0.5410    0.1891   -0.0251
    0.5459    0.1891   -0.0245    0.5508    0.1891   -0.0238
    0.5558    0.1891   -0.0232    0.5609    0.1891   -0.0227
    0.5661    0.1891   -0.0224    0.5713    0.1891   -0.0223
    0.5766    0.1891   -0.0224    0.5820    0.1891   -0.0228
    0.5874    0.1891   -0.0233
    0.5875    0.2121   -0.0208    0.5828    0.2121   -0.0190
    0.5780    0.2121   -0.0177    0.5732    0.2121   -0.0165
    0.5685    0.2121   -0.0153    0.5638    0.2121   -0.0143
    0.5592    0.2121   -0.0133    0.5547    0.2121   -0.0124
    0.5502    0.2121   -0.0116    0.5457    0.2121   -0.0109
    0.5414    0.2121   -0.0102    0.5370    0.2121   -0.0097
    0.5328    0.2121   -0.0092    0.5286    0.2121   -0.0087
    0.5245    0.2121   -0.0084    0.5205    0.2121   -0.0080
    0.5165    0.2121   -0.0077    0.5126    0.2121   -0.0075
    0.5088    0.2121   -0.0073    0.5051    0.2121   -0.0071
    0.5015    0.2121   -0.0070    0.4979    0.2121   -0.0069
    0.4945    0.2121   -0.0068    0.4911    0.2121   -0.0068
    0.4879    0.2121   -0.0068    0.4847    0.2121   -0.0068
    0.4817    0.2121   -0.0068    0.4787    0.2121   -0.0069
    0.4759    0.2121   -0.0071    0.4732    0.2121   -0.0073
    0.4706    0.2121   -0.0075    0.4681    0.2121   -0.0077
    0.4658    0.2121   -0.0080    0.4636    0.2121   -0.0084
    0.4616    0.2121   -0.0088    0.4599    0.2121   -0.0094
    0.4583    0.2121   -0.0101    0.4571    0.2121   -0.0110
    0.4564    0.2121   -0.0120    0.4560    0.2121   -0.0129
    0.4559    0.2121   -0.0134    0.4560    0.2121   -0.0139
    0.4565    0.2121   -0.0147    0.4574    0.2121   -0.0156
    0.4586    0.2121   -0.0163    0.4602    0.2121   -0.0171
    0.4619    0.2121   -0.0177    0.4638    0.2121   -0.0183
    0.4659    0.2121   -0.0189    0.4682    0.2121   -0.0195
    0.4706    0.2121   -0.0200    0.4731    0.2121   -0.0205
    0.4757    0.2121   -0.0210    0.4785    0.2121   -0.0214
    0.4814    0.2121   -0.0219    0.4844    0.2121   -0.0223
    0.4875    0.2121   -0.0227    0.4907    0.2121   -0.0230
    0.4941    0.2121   -0.0233    0.4975    0.2121   -0.0236
    0.5010    0.2121   -0.0238    0.5046    0.2121   -0.0239
    0.5083    0.2121   -0.0241    0.5120    0.2121   -0.0241
    0.5159    0.2121   -0.0241    0.5198    0.2121   -0.0241
    0.5239    0.2121   -0.0240    0.5280    0.2121   -0.0238
    0.5321    0.2121   -0.0236    0.5364    0.2121   -0.0233
    0.5407    0.2121   -0.0228    0.5450    0.2121   -0.0223
    0.5495    0.2121   -0.0217    0.5540    0.2121   -0.0211
    0.5585    0.2121   -0.0205    0.5632    0.2121   -0.0201
    0.5679    0.2121   -0.0198    0.5727    0.2121   -0.0196
    0.5776    0.2121   -0.0198    0.5825    0.2121   -0.0202
    0.5875    0.2121   -0.0208
    0.5875    0.2351   -0.0182    0.5832    0.2351   -0.0167
    0.5789    0.2351   -0.0155    0.5746    0.2351   -0.0144
    0.5703    0.2351   -0.0134    0.5660    0.2351   -0.0124
    0.5618    0.2351   -0.0116    0.5577    0.2351   -0.0108
    0.5536    0.2351   -0.0100    0.5496    0.2351   -0.0094
    0.5456    0.2351   -0.0089    0.5417    0.2351   -0.0084
    0.5378    0.2351   -0.0080    0.5340    0.2351   -0.0077
    0.5302    0.2351   -0.0074    0.5266    0.2351   -0.0071
    0.5230    0.2351   -0.0069    0.5194    0.2351   -0.0068
    0.5160    0.2351   -0.0066    0.5126    0.2351   -0.0065
    0.5093    0.2351   -0.0064    0.5061    0.2351   -0.0064
    0.5030    0.2351   -0.0064    0.4999    0.2351   -0.0064
    0.4970    0.2351   -0.0064    0.4941    0.2351   -0.0065
    0.4913    0.2351   -0.0066    0.4887    0.2351   -0.0067
    0.4861    0.2351   -0.0069    0.4836    0.2351   -0.0070
    0.4813    0.2351   -0.0073    0.4790    0.2351   -0.0075
    0.4769    0.2351   -0.0078    0.4750    0.2351   -0.0081
    0.4732    0.2351   -0.0085    0.4715    0.2351   -0.0090
    0.4701    0.2351   -0.0097    0.4690    0.2351   -0.0104
    0.4682    0.2351   -0.0112    0.4678    0.2351   -0.0120
    0.4677    0.2351   -0.0125    0.4678    0.2351   -0.0130
    0.4683    0.2351   -0.0137    0.4692    0.2351   -0.0144
    0.4704    0.2351   -0.0150    0.4719    0.2351   -0.0155
    0.4735    0.2351   -0.0160    0.4753    0.2351   -0.0165
    0.4772    0.2351   -0.0170    0.4792    0.2351   -0.0174
    0.4814    0.2351   -0.0178    0.4837    0.2351   -0.0182
    0.4861    0.2351   -0.0186    0.4887    0.2351   -0.0190
    0.4913    0.2351   -0.0194    0.4940    0.2351   -0.0197
    0.4969    0.2351   -0.0201    0.4998    0.2351   -0.0204
    0.5028    0.2351   -0.0206    0.5059    0.2351   -0.0208
    0.5091    0.2351   -0.0210    0.5123    0.2351   -0.0211
    0.5157    0.2351   -0.0212    0.5191    0.2351   -0.0212
    0.5226    0.2351   -0.0212    0.5262    0.2351   -0.0212
    0.5298    0.2351   -0.0211    0.5335    0.2351   -0.0209
    0.5373    0.2351   -0.0207    0.5412    0.2351   -0.0204
    0.5451    0.2351   -0.0200    0.5490    0.2351   -0.0196
    0.5531    0.2351   -0.0190    0.5571    0.2351   -0.0184
    0.5613    0.2351   -0.0179    0.5655    0.2351   -0.0174
    0.5698    0.2351   -0.0171    0.5742    0.2351   -0.0170
    0.5786    0.2351   -0.0171    0.5830    0.2351   -0.0176
    0.5875    0.2351   -0.0182
    0.5951    0.2570   -0.0162    0.5909    0.2570   -0.0147
    0.5867    0.2570   -0.0135    0.5825    0.2570   -0.0125
    0.5783    0.2570   -0.0115    0.5742    0.2570   -0.0106
    0.5702    0.2570   -0.0098    0.5662    0.2570   -0.0090
    0.5622    0.2570   -0.0083    0.5583    0.2570   -0.0077
    0.5544    0.2570   -0.0072    0.5506    0.2570   -0.0067
    0.5469    0.2570   -0.0064    0.5432    0.2570   -0.0060
    0.5396    0.2570   -0.0058    0.5360    0.2570   -0.0055
    0.5325    0.2570   -0.0053    0.5291    0.2570   -0.0052
    0.5258    0.2570   -0.0050    0.5225    0.2570   -0.0049
    0.5193    0.2570   -0.0049    0.5162    0.2570   -0.0048
    0.5131    0.2570   -0.0048    0.5102    0.2570   -0.0048
    0.5073    0.2570   -0.0049    0.5045    0.2570   -0.0049
    0.5018    0.2570   -0.0050    0.4993    0.2570   -0.0052
    0.4968    0.2570   -0.0053    0.4944    0.2570   -0.0055
    0.4921    0.2570   -0.0057    0.4899    0.2570   -0.0059
    0.4879    0.2570   -0.0062    0.4860    0.2570   -0.0065
    0.4842    0.2570   -0.0069    0.4827    0.2570   -0.0074
    0.4813    0.2570   -0.0080    0.4802    0.2570   -0.0088
    0.4794    0.2570   -0.0096    0.4790    0.2570   -0.0103
    0.4790    0.2570   -0.0108    0.4791    0.2570   -0.0112
    0.4795    0.2570   -0.0119    0.4804    0.2570   -0.0126
    0.4816    0.2570   -0.0132    0.4830    0.2570   -0.0137
    0.4846    0.2570   -0.0142    0.4863    0.2570   -0.0147
    0.4881    0.2570   -0.0151    0.4901    0.2570   -0.0155
    0.4923    0.2570   -0.0159    0.4945    0.2570   -0.0163
    0.4968    0.2570   -0.0167    0.4993    0.2570   -0.0171
    0.5018    0.2570   -0.0174    0.5045    0.2570   -0.0178
    0.5072    0.2570   -0.0181    0.5100    0.2570   -0.0184
    0.5130    0.2570   -0.0186    0.5160    0.2570   -0.0188
    0.5190    0.2570   -0.0190    0.5222    0.2570   -0.0191
    0.5255    0.2570   -0.0192    0.5288    0.2570   -0.0192
    0.5322    0.2570   -0.0192    0.5356    0.2570   -0.0191
    0.5392    0.2570   -0.0190    0.5428    0.2570   -0.0189
    0.5464    0.2570   -0.0187    0.5502    0.2570   -0.0184
    0.5539    0.2570   -0.0180    0.5578    0.2570   -0.0175
    0.5617    0.2570   -0.0170    0.5656    0.2570   -0.0164
    0.5696    0.2570   -0.0159    0.5737    0.2570   -0.0155
    0.5779    0.2570   -0.0152    0.5821    0.2570   -0.0151
    0.5864    0.2570   -0.0152    0.5907    0.2570   -0.0156
    0.5951    0.2570   -0.0162
    0.6026    0.2789   -0.0142    0.5986    0.2789   -0.0127
    0.5945    0.2789   -0.0116    0.5905    0.2789   -0.0106
    0.5864    0.2789   -0.0097    0.5825    0.2789   -0.0088
    0.5785    0.2789   -0.0080    0.5746    0.2789   -0.0072
    0.5708    0.2789   -0.0066    0.5670    0.2789   -0.0060
    0.5633    0.2789   -0.0055    0.5596    0.2789   -0.0051
    0.5560    0.2789   -0.0047    0.5524    0.2789   -0.0044
    0.5489    0.2789   -0.0041    0.5454    0.2789   -0.0039
    0.5421    0.2789   -0.0037    0.5387    0.2789   -0.0036
    0.5355    0.2789   -0.0035    0.5323    0.2789   -0.0034
    0.5292    0.2789   -0.0033    0.5262    0.2789   -0.0033
    0.5233    0.2789   -0.0033    0.5204    0.2789   -0.0033
    0.5177    0.2789   -0.0033    0.5150    0.2789   -0.0034
    0.5124    0.2789   -0.0035    0.5099    0.2789   -0.0036
    0.5074    0.2789   -0.0037    0.5051    0.2789   -0.0039
    0.5029    0.2789   -0.0041    0.5008    0.2789   -0.0043
    0.4989    0.2789   -0.0046    0.4970    0.2789   -0.0049
    0.4953    0.2789   -0.0053    0.4938    0.2789   -0.0058
    0.4925    0.2789   -0.0064    0.4914    0.2789   -0.0071
    0.4907    0.2789   -0.0079    0.4903    0.2789   -0.0086
    0.4902    0.2789   -0.0091    0.4903    0.2789   -0.0095
    0.4908    0.2789   -0.0102    0.4916    0.2789   -0.0108
    0.4928    0.2789   -0.0114    0.4941    0.2789   -0.0119
    0.4956    0.2789   -0.0124    0.4973    0.2789   -0.0128
    0.4991    0.2789   -0.0132    0.5010    0.2789   -0.0136
    0.5031    0.2789   -0.0140    0.5053    0.2789   -0.0144
    0.5075    0.2789   -0.0148    0.5099    0.2789   -0.0151
    0.5124    0.2789   -0.0155    0.5149    0.2789   -0.0158
    0.5176    0.2789   -0.0161    0.5203    0.2789   -0.0164
    0.5231    0.2789   -0.0166    0.5260    0.2789   -0.0168
    0.5290    0.2789   -0.0170    0.5321    0.2789   -0.0171
    0.5352    0.2789   -0.0171    0.5385    0.2789   -0.0172
    0.5417    0.2789   -0.0171    0.5451    0.2789   -0.0171
    0.5485    0.2789   -0.0170    0.5520    0.2789   -0.0168
    0.5555    0.2789   -0.0166    0.5591    0.2789   -0.0163
    0.5628    0.2789   -0.0160    0.5665    0.2789   -0.0155
    0.5703    0.2789   -0.0150    0.5741    0.2789   -0.0145
    0.5780    0.2789   -0.0139    0.5820    0.2789   -0.0135
    0.5860    0.2789   -0.0132    0.5901    0.2789   -0.0131
    0.5942    0.2789   -0.0132    0.5984    0.2789   -0.0136
    0.6026    0.2789   -0.0142
    0.6102    0.3008   -0.0122    0.6063    0.3008   -0.0108
    0.6023    0.3008   -0.0097    0.5984    0.3008   -0.0087
    0.5945    0.3008   -0.0078    0.5907    0.3008   -0.0070
    0.5869    0.3008   -0.0062    0.5831    0.3008   -0.0055
    0.5794    0.3008   -0.0049    0.5757    0.3008   -0.0043
    0.5721    0.3008   -0.0038    0.5685    0.3008   -0.0034
    0.5650    0.3008   -0.0031    0.5616    0.3008   -0.0028
    0.5582    0.3008   -0.0025    0.5549    0.3008   -0.0023
    0.5516    0.3008   -0.0021    0.5484    0.3008   -0.0020
    0.5453    0.3008   -0.0019    0.5422    0.3008   -0.0018
    0.5392    0.3008   -0.0017    0.5363    0.3008   -0.0017
    0.5334    0.3008   -0.0017    0.5307    0.3008   -0.0017
    0.5280    0.3008   -0.0018    0.5254    0.3008   -0.0018
    0.5229    0.3008   -0.0019    0.5205    0.3008   -0.0020
    0.5181    0.3008   -0.0022    0.5159    0.3008   -0.0023
    0.5138    0.3008   -0.0025    0.5117    0.3008   -0.0028
    0.5098    0.3008   -0.0030    0.5080    0.3008   -0.0033
    0.5064    0.3008   -0.0037    0.5049    0.3008   -0.0042
    0.5037    0.3008   -0.0048    0.5026    0.3008   -0.0055
    0.5019    0.3008   -0.0062    0.5015    0.3008   -0.0069
    0.5015    0.3008   -0.0073    0.5016    0.3008   -0.0078
    0.5020    0.3008   -0.0084    0.5029    0.3008   -0.0090
    0.5039    0.3008   -0.0096    0.5052    0.3008   -0.0101
    0.5067    0.3008   -0.0105    0.5083    0.3008   -0.0109
    0.5101    0.3008   -0.0114    0.5119    0.3008   -0.0117
    0.5139    0.3008   -0.0121    0.5160    0.3008   -0.0125
    0.5182    0.3008   -0.0128    0.5205    0.3008   -0.0132
    0.5229    0.3008   -0.0135    0.5254    0.3008   -0.0138
    0.5279    0.3008   -0.0141    0.5306    0.3008   -0.0144
    0.5333    0.3008   -0.0146    0.5361    0.3008   -0.0148
    0.5390    0.3008   -0.0149    0.5420    0.3008   -0.0150
    0.5450    0.3008   -0.0151    0.5481    0.3008   -0.0151
    0.5513    0.3008   -0.0151    0.5545    0.3008   -0.0150
    0.5579    0.3008   -0.0149    0.5612    0.3008   -0.0148
    0.5647    0.3008   -0.0146    0.5681    0.3008   -0.0143
    0.5717    0.3008   -0.0139    0.5753    0.3008   -0.0135
    0.5789    0.3008   -0.0130    0.5826    0.3008   -0.0125
    0.5864    0.3008   -0.0120    0.5902    0.3008   -0.0115
    0.5941    0.3008   -0.0112    0.5980    0.3008   -0.0111
    0.6021    0.3008   -0.0112    0.6061    0.3008   -0.0116
    0.6102    0.3008   -0.0122
    0.6177    0.3227   -0.0102    0.6140    0.3227   -0.0088
    0.6101    0.3227   -0.0078    0.6064    0.3227   -0.0068
    0.6026    0.3227   -0.0060    0.5989    0.3227   -0.0052
    0.5952    0.3227   -0.0044    0.5916    0.3227   -0.0037
    0.5880    0.3227   -0.0031    0.5844    0.3227   -0.0026
    0.5809    0.3227   -0.0021    0.5775    0.3227   -0.0017
    0.5741    0.3227   -0.0014    0.5708    0.3227   -0.0011
    0.5675    0.3227   -0.0009    0.5643    0.3227   -0.0007
    0.5611    0.3227   -0.0005    0.5580    0.3227   -0.0004
    0.5550    0.3227   -0.0003    0.5521    0.3227   -0.0002
    0.5492    0.3227   -0.0001    0.5463    0.3227   -0.0001
    0.5436    0.3227   -0.0001    0.5409    0.3227   -0.0001
    0.5383    0.3227   -0.0002    0.5358    0.3227   -0.0003
    0.5334    0.3227   -0.0004    0.5311    0.3227   -0.0005
    0.5288    0.3227   -0.0006    0.5266    0.3227   -0.0008
    0.5246    0.3227   -0.0010    0.5226    0.3227   -0.0012
    0.5208    0.3227   -0.0014    0.5191    0.3227   -0.0017
    0.5175    0.3227   -0.0021    0.5161    0.3227   -0.0026
    0.5148    0.3227   -0.0031    0.5138    0.3227   -0.0038
    0.5131    0.3227   -0.0045    0.5128    0.3227   -0.0052
    0.5127    0.3227   -0.0056    0.5128    0.3227   -0.0060
    0.5133    0.3227   -0.0067    0.5141    0.3227   -0.0072
    0.5151    0.3227   -0.0078    0.5164    0.3227   -0.0082
    0.5178    0.3227   -0.0087    0.5193    0.3227   -0.0091
    0.5210    0.3227   -0.0095    0.5228    0.3227   -0.0099
    0.5248    0.3227   -0.0102    0.5268    0.3227   -0.0106
    0.5289    0.3227   -0.0109    0.5311    0.3227   -0.0112
    0.5334    0.3227   -0.0116    0.5358    0.3227   -0.0119
    0.5383    0.3227   -0.0121    0.5408    0.3227   -0.0124
    0.5435    0.3227   -0.0126    0.5462    0.3227   -0.0128
    0.5490    0.3227   -0.0129    0.5519    0.3227   -0.0130
    0.5548    0.3227   -0.0131    0.5578    0.3227   -0.0131
    0.5609    0.3227   -0.0131    0.5640    0.3227   -0.0130
    0.5672    0.3227   -0.0129    0.5704    0.3227   -0.0127
    0.5738    0.3227   -0.0125    0.5771    0.3227   -0.0123
    0.5805    0.3227   -0.0119    0.5840    0.3227   -0.0115
    0.5875    0.3227   -0.0110    0.5911    0.3227   -0.0105
    0.5947    0.3227   -0.0100    0.5984    0.3227   -0.0096
    0.6022    0.3227   -0.0093    0.6060    0.3227   -0.0092
    0.6099    0.3227   -0.0093    0.6138    0.3227   -0.0096
    0.6177    0.3227   -0.0102
    0.6253    0.3446   -0.0081    0.6217    0.3446   -0.0068
    0.6180    0.3446   -0.0059    0.6143    0.3446   -0.0050
    0.6107    0.3446   -0.0041    0.6071    0.3446   -0.0033
    0.6035    0.3446   -0.0026    0.6000    0.3446   -0.0020
    0.5966    0.3446   -0.0014    0.5932    0.3446   -0.0009
    0.5898    0.3446   -0.0004    0.5865    0.3446   -0.0001
    0.5832    0.3446    0.0002    0.5800    0.3446    0.0005
    0.5768    0.3446    0.0007    0.5737    0.3446    0.0009
    0.5707    0.3446    0.0011    0.5677    0.3446    0.0012
    0.5648    0.3446    0.0013    0.5619    0.3446    0.0014
    0.5591    0.3446    0.0014    0.5564    0.3446    0.0015
    0.5538    0.3446    0.0014    0.5512    0.3446    0.0014
    0.5487    0.3446    0.0014    0.5463    0.3446    0.0013
    0.5439    0.3446    0.0012    0.5417    0.3446    0.0011
    0.5395    0.3446    0.0010    0.5374    0.3446    0.0008
    0.5354    0.3446    0.0006    0.5335    0.3446    0.0004
    0.5317    0.3446    0.0002    0.5301    0.3446   -0.0001
    0.5286    0.3446   -0.0005    0.5272    0.3446   -0.0009
    0.5260    0.3446   -0.0015    0.5251    0.3446   -0.0021
    0.5244    0.3446   -0.0028    0.5240    0.3446   -0.0035
    0.5240    0.3446   -0.0039    0.5241    0.3446   -0.0043
    0.5245    0.3446   -0.0049    0.5253    0.3446   -0.0055
    0.5263    0.3446   -0.0060    0.5275    0.3446   -0.0064
    0.5289    0.3446   -0.0068    0.5304    0.3446   -0.0072
    0.5320    0.3446   -0.0076    0.5337    0.3446   -0.0080
    0.5356    0.3446   -0.0083    0.5375    0.3446   -0.0087
    0.5396    0.3446   -0.0090    0.5417    0.3446   -0.0093
    0.5439    0.3446   -0.0096    0.5463    0.3446   -0.0099
    0.5486    0.3446   -0.0102    0.5511    0.3446   -0.0104
    0.5537    0.3446   -0.0106    0.5563    0.3446   -0.0108
    0.5590    0.3446   -0.0109    0.5617    0.3446   -0.0110
    0.5646    0.3446   -0.0110    0.5675    0.3446   -0.0110
    0.5704    0.3446   -0.0110    0.5734    0.3446   -0.0109
    0.5765    0.3446   -0.0108    0.5797    0.3446   -0.0107
    0.5829    0.3446   -0.0105    0.5861    0.3446   -0.0102
    0.5894    0.3446   -0.0099    0.5928    0.3446   -0.0095
    0.5962    0.3446   -0.0090    0.5996    0.3446   -0.0085
    0.6031    0.3446   -0.0080    0.6067    0.3446   -0.0076
    0.6103    0.3446   -0.0073    0.6140    0.3446   -0.0072
    0.6177    0.3446   -0.0073    0.6215    0.3446   -0.0076
    0.6253    0.3446   -0.0081
    0.6328    0.3665   -0.0061    0.6293    0.3665   -0.0049
    0.6258    0.3665   -0.0039    0.6223    0.3665   -0.0031
    0.6188    0.3665   -0.0023    0.6153    0.3665   -0.0015
    0.6119    0.3665   -0.0008    0.6085    0.3665   -0.0002
    0.6052    0.3665    0.0003    0.6019    0.3665    0.0008
    0.5986    0.3665    0.0012    0.5954    0.3665    0.0016
    0.5923    0.3665    0.0019    0.5892    0.3665    0.0021
    0.5861    0.3665    0.0024    0.5831    0.3665    0.0025
    0.5802    0.3665    0.0027    0.5773    0.3665    0.0028
    0.5745    0.3665    0.0029    0.5718    0.3665    0.0030
    0.5691    0.3665    0.0030    0.5665    0.3665    0.0030
    0.5639    0.3665    0.0030    0.5614    0.3665    0.0030
    0.5590    0.3665    0.0029    0.5567    0.3665    0.0029
    0.5544    0.3665    0.0028    0.5523    0.3665    0.0027
    0.5502    0.3665    0.0025    0.5482    0.3665    0.0024
    0.5462    0.3665    0.0022    0.5444    0.3665    0.0020
    0.5427    0.3665    0.0017    0.5411    0.3665    0.0015
    0.5396    0.3665    0.0011    0.5383    0.3665    0.0007
    0.5372    0.3665    0.0001    0.5363    0.3665   -0.0005
    0.5356    0.3665   -0.0012    0.5353    0.3665   -0.0018
    0.5352    0.3665   -0.0022    0.5353    0.3665   -0.0026
    0.5357    0.3665   -0.0031    0.5365    0.3665   -0.0037
    0.5375    0.3665   -0.0042    0.5386    0.3665   -0.0046
    0.5399    0.3665   -0.0050    0.5414    0.3665   -0.0054
    0.5430    0.3665   -0.0058    0.5446    0.3665   -0.0061
    0.5464    0.3665   -0.0064    0.5483    0.3665   -0.0067
    0.5503    0.3665   -0.0071    0.5523    0.3665   -0.0074
    0.5545    0.3665   -0.0076    0.5567    0.3665   -0.0079
    0.5590    0.3665   -0.0082    0.5614    0.3665   -0.0084
    0.5638    0.3665   -0.0086    0.5664    0.3665   -0.0087
    0.5690    0.3665   -0.0089    0.5716    0.3665   -0.0089
    0.5743    0.3665   -0.0090    0.5771    0.3665   -0.0090
    0.5800    0.3665   -0.0090    0.5829    0.3665   -0.0089
    0.5859    0.3665   -0.0088    0.5889    0.3665   -0.0086
    0.5920    0.3665   -0.0084    0.5951    0.3665   -0.0082
    0.5983    0.3665   -0.0078    0.6015    0.3665   -0.0074
    0.6048    0.3665   -0.0070    0.6081    0.3665   -0.0065
    0.6115    0.3665   -0.0060    0.6149    0.3665   -0.0056
    0.6184    0.3665   -0.0053    0.6219    0.3665   -0.0052
    0.6255    0.3665   -0.0053    0.6292    0.3665   -0.0056
    0.6328    0.3665   -0.0061
    0.6404    0.3884   -0.0041    0.6370    0.3884   -0.0029
    0.6336    0.3884   -0.0020    0.6302    0.3884   -0.0012
    0.6268    0.3884   -0.0004    0.6235    0.3884    0.0003
    0.6202    0.3884    0.0009    0.6170    0.3884    0.0015
    0.6138    0.3884    0.0021    0.6106    0.3884    0.0025
    0.6075    0.3884    0.0029    0.6044    0.3884    0.0033
    0.6014    0.3884    0.0035    0.5984    0.3884    0.0038
    0.5954    0.3884    0.0040    0.5926    0.3884    0.0042
    0.5897    0.3884    0.0043    0.5870    0.3884    0.0044
    0.5843    0.3884    0.0045    0.5816    0.3884    0.0045
    0.5790    0.3884    0.0046    0.5765    0.3884    0.0046
    0.5741    0.3884    0.0046    0.5717    0.3884    0.0046
    0.5694    0.3884    0.0045    0.5671    0.3884    0.0044
    0.5649    0.3884    0.0043    0.5629    0.3884    0.0042
    0.5608    0.3884    0.0041    0.5589    0.3884    0.0039
    0.5571    0.3884    0.0038    0.5553    0.3884    0.0036
    0.5537    0.3884    0.0033    0.5521    0.3884    0.0031
    0.5507    0.3884    0.0027    0.5494    0.3884    0.0023
    0.5484    0.3884    0.0018    0.5475    0.3884    0.0012
    0.5469    0.3884    0.0005    0.5465    0.3884   -0.0001
    0.5465    0.3884   -0.0005    0.5466    0.3884   -0.0008
    0.5470    0.3884   -0.0014    0.5477    0.3884   -0.0019
    0.5486    0.3884   -0.0024    0.5498    0.3884   -0.0028
    0.5510    0.3884   -0.0032    0.5524    0.3884   -0.0035
    0.5539    0.3884   -0.0039    0.5555    0.3884   -0.0042
    0.5573    0.3884   -0.0045    0.5591    0.3884   -0.0048
    0.5610    0.3884   -0.0051    0.5629    0.3884   -0.0054
    0.5650    0.3884   -0.0057    0.5671    0.3884   -0.0059
    0.5694    0.3884   -0.0062    0.5717    0.3884   -0.0064
    0.5740    0.3884   -0.0066    0.5764    0.3884   -0.0067
    0.5789    0.3884   -0.0068    0.5815    0.3884   -0.0069
    0.5841    0.3884   -0.0069    0.5868    0.3884   -0.0070
    0.5896    0.3884   -0.0069    0.5924    0.3884   -0.0068
    0.5952    0.3884   -0.0067    0.5981    0.3884   -0.0066
    0.6011    0.3884   -0.0064    0.6041    0.3884   -0.0061
    0.6071    0.3884   -0.0058    0.6102    0.3884   -0.0054
    0.6134    0.3884   -0.0050    0.6166    0.3884   -0.0045
    0.6198    0.3884   -0.0040    0.6231    0.3884   -0.0036
    0.6265    0.3884   -0.0034    0.6299    0.3884   -0.0033
    0.6334    0.3884   -0.0033    0.6369    0.3884   -0.0036
    0.6404    0.3884   -0.0041
    0.6479    0.4103   -0.0021    0.6447    0.4103   -0.0009
    0.6414    0.4103   -0.0001    0.6382    0.4103    0.0007
    0.6349    0.4103    0.0014    0.6317    0.4103    0.0021
    0.6286    0.4103    0.0027    0.6254    0.4103    0.0033
    0.6224    0.4103    0.0038    0.6193    0.4103    0.0042
    0.6163    0.4103    0.0046    0.6134    0.4103    0.0049
    0.6104    0.4103    0.0052    0.6076    0.4103    0.0054
    0.6048    0.4103    0.0056    0.6020    0.4103    0.0058
    0.5993    0.4103    0.0059    0.5966    0.4103    0.0060
    0.5940    0.4103    0.0061    0.5915    0.4103    0.0061
    0.5890    0.4103    0.0062    0.5866    0.4103    0.0062
    0.5842    0.4103    0.0061    0.5819    0.4103    0.0061
    0.5797    0.4103    0.0061    0.5775    0.4103    0.0060
    0.5755    0.4103    0.0059    0.5735    0.4103    0.0058
    0.5715    0.4103    0.0057    0.5697    0.4103    0.0055
    0.5679    0.4103    0.0053    0.5662    0.4103    0.0051
    0.5646    0.4103    0.0049    0.5632    0.4103    0.0046
    0.5618    0.4103    0.0043    0.5606    0.4103    0.0039
    0.5595    0.4103    0.0034    0.5587    0.4103    0.0028
    0.5581    0.4103    0.0022    0.5578    0.4103    0.0016
    0.5577    0.4103    0.0013    0.5578    0.4103    0.0009
    0.5582    0.4103    0.0004    0.5589    0.4103   -0.0001
    0.5598    0.4103   -0.0006    0.5609    0.4103   -0.0010
    0.5621    0.4103   -0.0013    0.5634    0.4103   -0.0017
    0.5649    0.4103   -0.0020    0.5664    0.4103   -0.0023
    0.5681    0.4103   -0.0026    0.5698    0.4103   -0.0029
    0.5717    0.4103   -0.0032    0.5736    0.4103   -0.0035
    0.5755    0.4103   -0.0037    0.5776    0.4103   -0.0040
    0.5797    0.4103   -0.0042    0.5819    0.4103   -0.0044
    0.5842    0.4103   -0.0046    0.5865    0.4103   -0.0047
    0.5889    0.4103   -0.0048    0.5914    0.4103   -0.0049
    0.5939    0.4103   -0.0049    0.5965    0.4103   -0.0049
    0.5991    0.4103   -0.0049    0.6018    0.4103   -0.0048
    0.6045    0.4103   -0.0047    0.6073    0.4103   -0.0045
    0.6102    0.4103   -0.0044    0.6131    0.4103   -0.0041
    0.6160    0.4103   -0.0038    0.6190    0.4103   -0.0034
    0.6220    0.4103   -0.0030    0.6251    0.4103   -0.0025
    0.6282    0.4103   -0.0021    0.6314    0.4103   -0.0017
    0.6346    0.4103   -0.0014    0.6379    0.4103   -0.0013
    0.6412    0.4103   -0.0014    0.6446    0.4103   -0.0017
    0.6479    0.4103   -0.0021
    0.6555    0.4323   -0.0001    0.6524    0.4323    0.0010
    0.6492    0.4323    0.0019    0.6461    0.4323    0.0026
    0.6430    0.4323    0.0033    0.6399    0.4323    0.0039
    0.6369    0.4323    0.0045    0.6339    0.4323    0.0051
    0.6310    0.4323    0.0055    0.6280    0.4323    0.0060
    0.6252    0.4323    0.0063    0.6223    0.4323    0.0066
    0.6195    0.4323    0.0069    0.6168    0.4323    0.0071
    0.6141    0.4323    0.0072    0.6114    0.4323    0.0074
    0.6088    0.4323    0.0075    0.6063    0.4323    0.0076
    0.6038    0.4323    0.0077    0.6013    0.4323    0.0077
    0.5990    0.4323    0.0077    0.5966    0.4323    0.0077
    0.5944    0.4323    0.0077    0.5922    0.4323    0.0077
    0.5900    0.4323    0.0076    0.5880    0.4323    0.0076
    0.5860    0.4323    0.0075    0.5840    0.4323    0.0074
    0.5822    0.4323    0.0072    0.5804    0.4323    0.0071
    0.5787    0.4323    0.0069    0.5771    0.4323    0.0067
    0.5756    0.4323    0.0065    0.5742    0.4323    0.0062
    0.5729    0.4323    0.0059    0.5717    0.4323    0.0055
    0.5707    0.4323    0.0051    0.5699    0.4323    0.0045
    0.5693    0.4323    0.0039    0.5690    0.4323    0.0033
    0.5690    0.4323    0.0030    0.5691    0.4323    0.0027
    0.5694    0.4323    0.0021    0.5701    0.4323    0.0017
    0.5710    0.4323    0.0012    0.5720    0.4323    0.0008
    0.5732    0.4323    0.0005    0.5745    0.4323    0.0002
    0.5759    0.4323   -0.0001    0.5773    0.4323   -0.0004
    0.5789    0.4323   -0.0007    0.5806    0.4323   -0.0010
    0.5823    0.4323   -0.0013    0.5842    0.4323   -0.0015
    0.5861    0.4323   -0.0018    0.5880    0.4323   -0.0020
    0.5901    0.4323   -0.0022    0.5922    0.4323   -0.0024
    0.5944    0.4323   -0.0026    0.5966    0.4323   -0.0027
    0.5989    0.4323   -0.0028    0.6013    0.4323   -0.0028
    0.6037    0.4323   -0.0029    0.6062    0.4323   -0.0029
    0.6087    0.4323   -0.0028    0.6113    0.4323   -0.0027
    0.6139    0.4323   -0.0026    0.6166    0.4323   -0.0025
    0.6193    0.4323   -0.0023    0.6221    0.4323   -0.0020
    0.6249    0.4323   -0.0017    0.6277    0.4323   -0.0014
    0.6306    0.4323   -0.0009    0.6336    0.4323   -0.0005
    0.6366    0.4323   -0.0001    0.6396    0.4323    0.0003
    0.6427    0.4323    0.0006    0.6458    0.4323    0.0007
    0.6490    0.4323    0.0006    0.6523    0.4323    0.0004
    0.6555    0.4323   -0.0001
    0.6630    0.4542    0.0020    0.6601    0.4542    0.0030
    0.6571    0.4542    0.0038    0.6541    0.4542    0.0045
    0.6511    0.4542    0.0052    0.6482    0.4542    0.0058
    0.6452    0.4542    0.0063    0.6424    0.4542    0.0068
    0.6395    0.4542    0.0073    0.6368    0.4542    0.0077
    0.6340    0.4542    0.0080    0.6313    0.4542    0.0083
    0.6286    0.4542    0.0085    0.6260    0.4542    0.0087
    0.6234    0.4542    0.0089    0.6208    0.4542    0.0090
    0.6184    0.4542    0.0091    0.6159    0.4542    0.0092
    0.6135    0.4542    0.0093    0.6112    0.4542    0.0093
    0.6089    0.4542    0.0093    0.6067    0.4542    0.0093
    0.6045    0.4542    0.0093    0.6024    0.4542    0.0093
    0.6004    0.4542    0.0092    0.5984    0.4542    0.0091
    0.5965    0.4542    0.0090    0.5946    0.4542    0.0089
    0.5929    0.4542    0.0088    0.5912    0.4542    0.0086
    0.5895    0.4542    0.0085    0.5880    0.4542    0.0083
    0.5866    0.4542    0.0081    0.5852    0.4542    0.0078
    0.5840    0.4542    0.0075    0.5828    0.4542    0.0072
    0.5819    0.4542    0.0067    0.5811    0.4542    0.0062
    0.5806    0.4542    0.0056    0.5803    0.4542    0.0050
    0.5802    0.4542    0.0047    0.5803    0.4542    0.0044
    0.5807    0.4542    0.0039    0.5813    0.4542    0.0034
    0.5821    0.4542    0.0030    0.5831    0.4542    0.0027
    0.5843    0.4542    0.0023    0.5855    0.4542    0.0020
    0.5868    0.4542    0.0017    0.5883    0.4542    0.0014
    0.5898    0.4542    0.0012    0.5914    0.4542    0.0009
    0.5930    0.4542    0.0007    0.5948    0.4542    0.0004
    0.5966    0.4542    0.0002    0.5985    0.4542   -0.0000
    0.6004    0.4542   -0.0002    0.6025    0.4542   -0.0004
    0.6045    0.4542   -0.0005    0.6067    0.4542   -0.0007
    0.6089    0.4542   -0.0007    0.6111    0.4542   -0.0008
    0.6135    0.4542   -0.0008    0.6158    0.4542   -0.0008
    0.6182    0.4542   -0.0008    0.6207    0.4542   -0.0007
    0.6232    0.4542   -0.0006    0.6258    0.4542   -0.0004
    0.6284    0.4542   -0.0002    0.6311    0.4542    0.0000
    0.6338    0.4542    0.0003    0.6365    0.4542    0.0007
    0.6393    0.4542    0.0011    0.6421    0.4542    0.0015
    0.6449    0.4542    0.0019    0.6478    0.4542    0.0023
    0.6508    0.4542    0.0026    0.6538    0.4542    0.0027
    0.6569    0.4542    0.0026    0.6599    0.4542    0.0024
    0.6630    0.4542    0.0020
    0.6706    0.4761    0.0040    0.6678    0.4761    0.0050
    0.6649    0.4761    0.0057    0.6620    0.4761    0.0064
    0.6592    0.4761    0.0070    0.6564    0.4761    0.0076
    0.6536    0.4761    0.0081    0.6508    0.4761    0.0086
    0.6481    0.4761    0.0090    0.6455    0.4761    0.0094
    0.6428    0.4761    0.0097    0.6402    0.4761    0.0100
    0.6377    0.4761    0.0102    0.6352    0.4761    0.0104
    0.6327    0.4761    0.0105    0.6303    0.4761    0.0106
    0.6279    0.4761    0.0107    0.6256    0.4761    0.0108
    0.6233    0.4761    0.0109    0.6211    0.4761    0.0109
    0.6189    0.4761    0.0109    0.6168    0.4761    0.0109
    0.6147    0.4761    0.0109    0.6127    0.4761    0.0108
    0.6107    0.4761    0.0108    0.6088    0.4761    0.0107
    0.6070    0.4761    0.0106    0.6052    0.4761    0.0105
    0.6035    0.4761    0.0104    0.6019    0.4761    0.0102
    0.6004    0.4761    0.0100    0.5989    0.4761    0.0099
    0.5975    0.4761    0.0097    0.5962    0.4761    0.0094
    0.5950    0.4761    0.0091    0.5940    0.4761    0.0088
    0.5931    0.4761    0.0083    0.5923    0.4761    0.0078
    0.5918    0.4761    0.0073    0.5915    0.4761    0.0067
    0.5915    0.4761    0.0064    0.5916    0.4761    0.0061
    0.5919    0.4761    0.0057    0.5925    0.4761    0.0052
    0.5933    0.4761    0.0048    0.5943    0.4761    0.0045
    0.5953    0.4761    0.0042    0.5965    0.4761    0.0039
    0.5978    0.4761    0.0036    0.5992    0.4761    0.0033
    0.6006    0.4761    0.0031    0.6021    0.4761    0.0028
    0.6037    0.4761    0.0026    0.6054    0.4761    0.0024
    0.6071    0.4761    0.0022    0.6089    0.4761    0.0019
    0.6108    0.4761    0.0018    0.6127    0.4761    0.0016
    0.6147    0.4761    0.0015    0.6168    0.4761    0.0014
    0.6189    0.4761    0.0013    0.6210    0.4761    0.0012
    0.6232    0.4761    0.0012    0.6255    0.4761    0.0012
    0.6278    0.4761    0.0013    0.6302    0.4761    0.0014
    0.6326    0.4761    0.0015    0.6350    0.4761    0.0016
    0.6375    0.4761    0.0018    0.6401    0.4761    0.0021
    0.6426    0.4761    0.0023    0.6452    0.4761    0.0027
    0.6479    0.4761    0.0031    0.6506    0.4761    0.0035
    0.6533    0.4761    0.0039    0.6561    0.4761    0.0043
    0.6589    0.4761    0.0045    0.6618    0.4761    0.0047
    0.6647    0.4761    0.0046    0.6676    0.4761    0.0044
    0.6706    0.4761    0.0040
    0.6782    0.4980    0.0061    0.6755    0.4980    0.0070
    0.6727    0.4980    0.0077    0.6700    0.4980    0.0083
    0.6673    0.4980    0.0089    0.6646    0.4980    0.0094
    0.6619    0.4980    0.0099    0.6593    0.4980    0.0104
    0.6567    0.4980    0.0108    0.6542    0.4980    0.0111
    0.6517    0.4980    0.0114    0.6492    0.4980    0.0116
    0.6468    0.4980    0.0118    0.6444    0.4980    0.0120
    0.6420    0.4980    0.0121    0.6397    0.4980    0.0123
    0.6374    0.4980    0.0123    0.6352    0.4980    0.0124
    0.6330    0.4980    0.0125    0.6309    0.4980    0.0125
    0.6288    0.4980    0.0125    0.6268    0.4980    0.0125
    0.6248    0.4980    0.0124    0.6229    0.4980    0.0124
    0.6211    0.4980    0.0123    0.6193    0.4980    0.0123
    0.6175    0.4980    0.0122    0.6158    0.4980    0.0121
    0.6142    0.4980    0.0119    0.6127    0.4980    0.0118
    0.6112    0.4980    0.0116    0.6098    0.4980    0.0114
    0.6085    0.4980    0.0112    0.6072    0.4980    0.0110
    0.6061    0.4980    0.0107    0.6051    0.4980    0.0104
    0.6042    0.4980    0.0100    0.6035    0.4980    0.0095
    0.6030    0.4980    0.0089    0.6028    0.4980    0.0085
    0.6027    0.4980    0.0082    0.6028    0.4980    0.0079
    0.6031    0.4980    0.0074    0.6037    0.4980    0.0070
    0.6045    0.4980    0.0066    0.6054    0.4980    0.0063
    0.6064    0.4980    0.0060    0.6075    0.4980    0.0057
    0.6088    0.4980    0.0055    0.6101    0.4980    0.0052
    0.6114    0.4980    0.0050    0.6129    0.4980    0.0047
    0.6144    0.4980    0.0045    0.6160    0.4980    0.0043
    0.6177    0.4980    0.0041    0.6194    0.4980    0.0039
    0.6212    0.4980    0.0038    0.6230    0.4980    0.0036
    0.6249    0.4980    0.0035    0.6268    0.4980    0.0034
    0.6289    0.4980    0.0033    0.6309    0.4980    0.0033
    0.6330    0.4980    0.0033    0.6352    0.4980    0.0033
    0.6374    0.4980    0.0033    0.6396    0.4980    0.0034
    0.6419    0.4980    0.0035    0.6443    0.4980    0.0037
    0.6466    0.4980    0.0039    0.6490    0.4980    0.0041
    0.6515    0.4980    0.0044    0.6540    0.4980    0.0047
    0.6565    0.4980    0.0051    0.6591    0.4980    0.0055
    0.6617    0.4980    0.0059    0.6643    0.4980    0.0063
    0.6670    0.4980    0.0065    0.6697    0.4980    0.0066
    0.6725    0.4980    0.0066    0.6753    0.4980    0.0064
    0.6782    0.4980    0.0061
    0.6857    0.5199    0.0081    0.6831    0.5199    0.0090
    0.6805    0.5199    0.0096    0.6779    0.5199    0.0102
    0.6753    0.5199    0.0108    0.6728    0.5199    0.0113
    0.6703    0.5199    0.0117    0.6678    0.5199    0.0121
    0.6653    0.5199    0.0125    0.6629    0.5199    0.0128
    0.6605    0.5199    0.0131    0.6582    0.5199    0.0133
    0.6558    0.5199    0.0135    0.6536    0.5199    0.0137
    0.6513    0.5199    0.0138    0.6491    0.5199    0.0139
    0.6470    0.5199    0.0140    0.6449    0.5199    0.0140
    0.6428    0.5199    0.0140    0.6408    0.5199    0.0141
    0.6388    0.5199    0.0141    0.6369    0.5199    0.0140
    0.6350    0.5199    0.0140    0.6332    0.5199    0.0140
    0.6314    0.5199    0.0139    0.6297    0.5199    0.0138
    0.6280    0.5199    0.0137    0.6264    0.5199    0.0136
    0.6249    0.5199    0.0135    0.6234    0.5199    0.0134
    0.6220    0.5199    0.0132    0.6207    0.5199    0.0130
    0.6194    0.5199    0.0128    0.6183    0.5199    0.0126
    0.6172    0.5199    0.0123    0.6162    0.5199    0.0120
    0.6154    0.5199    0.0116    0.6147    0.5199    0.0111
    0.6143    0.5199    0.0106    0.6140    0.5199    0.0102
    0.6140    0.5199    0.0099    0.6141    0.5199    0.0096
    0.6144    0.5199    0.0092    0.6149    0.5199    0.0088
    0.6157    0.5199    0.0084    0.6165    0.5199    0.0081
    0.6175    0.5199    0.0078    0.6186    0.5199    0.0076
    0.6197    0.5199    0.0073    0.6210    0.5199    0.0071
    0.6223    0.5199    0.0069    0.6236    0.5199    0.0067
    0.6251    0.5199    0.0065    0.6266    0.5199    0.0063
    0.6282    0.5199    0.0061    0.6298    0.5199    0.0059
    0.6315    0.5199    0.0057    0.6333    0.5199    0.0056
    0.6351    0.5199    0.0055    0.6369    0.5199    0.0054
    0.6388    0.5199    0.0054    0.6408    0.5199    0.0053
    0.6428    0.5199    0.0053    0.6448    0.5199    0.0053
    0.6469    0.5199    0.0054    0.6491    0.5199    0.0055
    0.6513    0.5199    0.0056    0.6535    0.5199    0.0057
    0.6557    0.5199    0.0059    0.6580    0.5199    0.0062
    0.6604    0.5199    0.0064    0.6627    0.5199    0.0068
    0.6651    0.5199    0.0071    0.6675    0.5199    0.0075
    0.6700    0.5199    0.0079    0.6725    0.5199    0.0083
    0.6751    0.5199    0.0085    0.6777    0.5199    0.0086
    0.6804    0.5199    0.0086    0.6830    0.5199    0.0084
    0.6857    0.5199    0.0081
    0.6933    0.5418    0.0101    0.6908    0.5418    0.0110
    0.6883    0.5418    0.0116    0.6859    0.5418    0.0121
    0.6834    0.5418    0.0126    0.6810    0.5418    0.0131
    0.6786    0.5418    0.0135    0.6763    0.5418    0.0139
    0.6739    0.5418    0.0143    0.6716    0.5418    0.0146
    0.6694    0.5418    0.0148    0.6671    0.5418    0.0150
    0.6649    0.5418    0.0152    0.6628    0.5418    0.0153
    0.6606    0.5418    0.0154    0.6585    0.5418    0.0155
    0.6565    0.5418    0.0156    0.6545    0.5418    0.0156
    0.6525    0.5418    0.0156    0.6506    0.5418    0.0157
    0.6488    0.5418    0.0156    0.6469    0.5418    0.0156
    0.6452    0.5418    0.0156    0.6434    0.5418    0.0155
    0.6417    0.5418    0.0155    0.6401    0.5418    0.0154
    0.6386    0.5418    0.0153    0.6370    0.5418    0.0152
    0.6356    0.5418    0.0151    0.6342    0.5418    0.0149
    0.6329    0.5418    0.0148    0.6316    0.5418    0.0146
    0.6304    0.5418    0.0144    0.6293    0.5418    0.0142
    0.6283    0.5418    0.0139    0.6274    0.5418    0.0136
    0.6266    0.5418    0.0132    0.6259    0.5418    0.0128
    0.6255    0.5418    0.0123    0.6253    0.5418    0.0119
    0.6252    0.5418    0.0116    0.6253    0.5418    0.0113
    0.6256    0.5418    0.0109    0.6261    0.5418    0.0106
    0.6268    0.5418    0.0102    0.6276    0.5418    0.0099
    0.6286    0.5418    0.0097    0.6296    0.5418    0.0094
    0.6307    0.5418    0.0092    0.6319    0.5418    0.0090
    0.6331    0.5418    0.0088    0.6344    0.5418    0.0086
    0.6358    0.5418    0.0084    0.6372    0.5418    0.0082
    0.6387    0.5418    0.0080    0.6403    0.5418    0.0079
    0.6419    0.5418    0.0077    0.6435    0.5418    0.0076
    0.6453    0.5418    0.0075    0.6470    0.5418    0.0074
    0.6488    0.5418    0.0074    0.6507    0.5418    0.0074
    0.6526    0.5418    0.0074    0.6545    0.5418    0.0074
    0.6565    0.5418    0.0075    0.6585    0.5418    0.0075
    0.6606    0.5418    0.0077    0.6627    0.5418    0.0078
    0.6648    0.5418    0.0080    0.6670    0.5418    0.0082
    0.6692    0.5418    0.0085    0.6715    0.5418    0.0088
    0.6737    0.5418    0.0092    0.6760    0.5418    0.0096
    0.6784    0.5418    0.0099    0.6808    0.5418    0.0102
    0.6832    0.5418    0.0105    0.6857    0.5418    0.0106
    0.6882    0.5418    0.0106    0.6907    0.5418    0.0104
    0.6933    0.5418    0.0101
    0.7008    0.5637    0.0122    0.6985    0.5637    0.0129
    0.6962    0.5637    0.0135    0.6938    0.5637    0.0140
    0.6915    0.5637    0.0145    0.6892    0.5637    0.0149
    0.6870    0.5637    0.0153    0.6847    0.5637    0.0157
    0.6825    0.5637    0.0160    0.6803    0.5637    0.0163
    0.6782    0.5637    0.0165    0.6761    0.5637    0.0167
    0.6740    0.5637    0.0168    0.6720    0.5637    0.0170
    0.6699    0.5637    0.0171    0.6680    0.5637    0.0171
    0.6660    0.5637    0.0172    0.6641    0.5637    0.0172
    0.6623    0.5637    0.0172    0.6605    0.5637    0.0172
    0.6587    0.5637    0.0172    0.6570    0.5637    0.0172
    0.6553    0.5637    0.0172    0.6537    0.5637    0.0171
    0.6521    0.5637    0.0170    0.6506    0.5637    0.0170
    0.6491    0.5637    0.0169    0.6476    0.5637    0.0168
    0.6463    0.5637    0.0166    0.6449    0.5637    0.0165
    0.6437    0.5637    0.0163    0.6425    0.5637    0.0162
    0.6414    0.5637    0.0160    0.6403    0.5637    0.0158
    0.6394    0.5637    0.0155    0.6385    0.5637    0.0152
    0.6377    0.5637    0.0149    0.6372    0.5637    0.0145
    0.6367    0.5637    0.0140    0.6365    0.5637    0.0136
    0.6365    0.5637    0.0133    0.6366    0.5637    0.0131
    0.6368    0.5637    0.0127    0.6373    0.5637    0.0123
    0.6380    0.5637    0.0120    0.6388    0.5637    0.0118
    0.6396    0.5637    0.0115    0.6406    0.5637    0.0113
    0.6416    0.5637    0.0111    0.6428    0.5637    0.0109
    0.6439    0.5637    0.0107    0.6452    0.5637    0.0105
    0.6465    0.5637    0.0103    0.6478    0.5637    0.0102
    0.6493    0.5637    0.0100    0.6507    0.5637    0.0099
    0.6522    0.5637    0.0097    0.6538    0.5637    0.0096
    0.6554    0.5637    0.0095    0.6571    0.5637    0.0095
    0.6588    0.5637    0.0094    0.6606    0.5637    0.0094
    0.6624    0.5637    0.0094    0.6642    0.5637    0.0094
    0.6661    0.5637    0.0095    0.6680    0.5637    0.0096
    0.6699    0.5637    0.0097    0.6719    0.5637    0.0099
    0.6740    0.5637    0.0100    0.6760    0.5637    0.0103
    0.6781    0.5637    0.0105    0.6802    0.5637    0.0108
    0.6824    0.5637    0.0112    0.6845    0.5637    0.0116
    0.6868    0.5637    0.0119    0.6890    0.5637    0.0122
    0.6913    0.5637    0.0125    0.6936    0.5637    0.0126
    0.6960    0.5637    0.0126    0.6984    0.5637    0.0124
    0.7008    0.5637    0.0122
    0.7084    0.5857    0.0142    0.7062    0.5857    0.0149
    0.7040    0.5857    0.0154    0.7018    0.5857    0.0159
    0.6996    0.5857    0.0164    0.6974    0.5857    0.0168
    0.6953    0.5857    0.0171    0.6932    0.5857    0.0175
    0.6911    0.5857    0.0178    0.6891    0.5857    0.0180
    0.6870    0.5857    0.0182    0.6850    0.5857    0.0184
    0.6831    0.5857    0.0185    0.6812    0.5857    0.0186
    0.6793    0.5857    0.0187    0.6774    0.5857    0.0188
    0.6756    0.5857    0.0188    0.6738    0.5857    0.0188
    0.6720    0.5857    0.0188    0.6703    0.5857    0.0188
    0.6687    0.5857    0.0188    0.6670    0.5857    0.0188
    0.6655    0.5857    0.0187    0.6639    0.5857    0.0187
    0.6624    0.5857    0.0186    0.6610    0.5857    0.0185
    0.6596    0.5857    0.0184    0.6582    0.5857    0.0183
    0.6569    0.5857    0.0182    0.6557    0.5857    0.0181
    0.6545    0.5857    0.0179    0.6534    0.5857    0.0178
    0.6523    0.5857    0.0176    0.6513    0.5857    0.0174
    0.6504    0.5857    0.0172    0.6496    0.5857    0.0169
    0.6489    0.5857    0.0165    0.6484    0.5857    0.0161
    0.6480    0.5857    0.0157    0.6478    0.5857    0.0153
    0.6477    0.5857    0.0150    0.6478    0.5857    0.0148
    0.6481    0.5857    0.0145    0.6485    0.5857    0.0141
    0.6492    0.5857    0.0138    0.6499    0.5857    0.0136
    0.6507    0.5857    0.0134    0.6516    0.5857    0.0131
    0.6526    0.5857    0.0129    0.6537    0.5857    0.0128
    0.6548    0.5857    0.0126    0.6559    0.5857    0.0124
    0.6572    0.5857    0.0123    0.6584    0.5857    0.0121
    0.6598    0.5857    0.0120    0.6612    0.5857    0.0118
    0.6626    0.5857    0.0117    0.6641    0.5857    0.0116
    0.6656    0.5857    0.0115    0.6672    0.5857    0.0115
    0.6688    0.5857    0.0114    0.6704    0.5857    0.0114
    0.6721    0.5857    0.0115    0.6739    0.5857    0.0115
    0.6756    0.5857    0.0116    0.6774    0.5857    0.0117
    0.6793    0.5857    0.0118    0.6812    0.5857    0.0119
    0.6831    0.5857    0.0121    0.6850    0.5857    0.0123
    0.6870    0.5857    0.0126    0.6890    0.5857    0.0129
    0.6910    0.5857    0.0132    0.6930    0.5857    0.0136
    0.6951    0.5857    0.0139    0.6972    0.5857    0.0142
    0.6994    0.5857    0.0144    0.7016    0.5857    0.0146
    0.7038    0.5857    0.0146    0.7061    0.5857    0.0144
    0.7084    0.5857    0.0142
$POINTS for network #  2   wingtip                                           
       1.0
       1.0                                     0.0       0.0
      41.0       5.0                                                  wingtip   
    0.7084    0.5857    0.0142    0.7062    0.5857    0.0149
    0.7040    0.5857    0.0154    0.7018    0.5857    0.0159
    0.6996    0.5857    0.0164    0.6974    0.5857    0.0168
    0.6953    0.5857    0.0171    0.6932    0.5857    0.0175
    0.6911    0.5857    0.0178    0.6891    0.5857    0.0180
    0.6870    0.5857    0.0182    0.6850    0.5857    0.0184
    0.6831    0.5857    0.0185    0.6812    0.5857    0.0186
    0.6793    0.5857    0.0187    0.6774    0.5857    0.0188
    0.6756    0.5857    0.0188    0.6738    0.5857    0.0188
    0.6720    0.5857    0.0188    0.6703    0.5857    0.0188
    0.6687    0.5857    0.0188    0.6670    0.5857    0.0188
    0.6655    0.5857    0.0187    0.6639    0.5857    0.0187
    0.6624    0.5857    0.0186    0.6610    0.5857    0.0185
    0.6596    0.5857    0.0184    0.6582    0.5857    0.0183
    0.6569    0.5857    0.0182    0.6557    0.5857    0.0181
    0.6545    0.5857    0.0179    0.6534    0.5857    0.0178
    0.6523    0.5857    0.0176    0.6513    0.5857    0.0174
    0.6504    0.5857    0.0172    0.6496    0.5857    0.0169
    0.6489    0.5857    0.0165    0.6484    0.5857    0.0161
    0.6480    0.5857    0.0157    0.6478    0.5857    0.0153
    0.6477    0.5857    0.0150
    0.7084    0.5857    0.0142    0.7062    0.5857    0.0148
    0.7039    0.5857    0.0152    0.7017    0.5857    0.0156
    0.6995    0.5857    0.0159    0.6974    0.5857    0.0161
    0.6953    0.5857    0.0163    0.6932    0.5857    0.0165
    0.6911    0.5857    0.0166    0.6890    0.5857    0.0167
    0.6870    0.5857    0.0168    0.6850    0.5857    0.0169
    0.6831    0.5857    0.0169    0.6812    0.5857    0.0169
    0.6793    0.5857    0.0170    0.6774    0.5857    0.0170
    0.6756    0.5857    0.0170    0.6738    0.5857    0.0170
    0.6721    0.5857    0.0170    0.6704    0.5857    0.0170
    0.6687    0.5857    0.0170    0.6671    0.5857    0.0170
    0.6655    0.5857    0.0169    0.6640    0.5857    0.0169
    0.6625    0.5857    0.0169    0.6610    0.5857    0.0168
    0.6596    0.5857    0.0168    0.6583    0.5857    0.0168
    0.6570    0.5857    0.0167    0.6558    0.5857    0.0167
    0.6546    0.5857    0.0166    0.6535    0.5857    0.0165
    0.6524    0.5857    0.0164    0.6514    0.5857    0.0163
    0.6505    0.5857    0.0162    0.6497    0.5857    0.0160
    0.6490    0.5857    0.0158    0.6484    0.5857    0.0156
    0.6480    0.5857    0.0154    0.6478    0.5857    0.0152
    0.6477    0.5857    0.0150
    0.7084    0.5857    0.0142    0.7061    0.5857    0.0147
    0.7039    0.5857    0.0150    0.7017    0.5857    0.0152
    0.6995    0.5857    0.0154    0.6973    0.5857    0.0155
    0.6952    0.5857    0.0155    0.6931    0.5857    0.0155
    0.6910    0.5857    0.0155    0.6890    0.5857    0.0154
    0.6870    0.5857    0.0154    0.6850    0.5857    0.0153
    0.6831    0.5857    0.0153    0.6812    0.5857    0.0153
    0.6793    0.5857    0.0152    0.6774    0.5857    0.0152
    0.6756    0.5857    0.0152    0.6738    0.5857    0.0152
    0.6721    0.5857    0.0151    0.6704    0.5857    0.0151
    0.6687    0.5857    0.0151    0.6671    0.5857    0.0151
    0.6655    0.5857    0.0151    0.6640    0.5857    0.0151
    0.6625    0.5857    0.0152    0.6611    0.5857    0.0152
    0.6597    0.5857    0.0152    0.6583    0.5857    0.0152
    0.6571    0.5857    0.0152    0.6558    0.5857    0.0152
    0.6546    0.5857    0.0153    0.6535    0.5857    0.0153
    0.6525    0.5857    0.0153    0.6515    0.5857    0.0153
    0.6506    0.5857    0.0153    0.6498    0.5857    0.0152
    0.6490    0.5857    0.0152    0.6485    0.5857    0.0151
    0.6480    0.5857    0.0151    0.6478    0.5857    0.0150
    0.6477    0.5857    0.0150
    0.7084    0.5857    0.0142    0.7061    0.5857    0.0146
    0.7039    0.5857    0.0148    0.7016    0.5857    0.0149
    0.6995    0.5857    0.0149    0.6973    0.5857    0.0149
    0.6952    0.5857    0.0147    0.6931    0.5857    0.0145
    0.6910    0.5857    0.0143    0.6890    0.5857    0.0141
    0.6870    0.5857    0.0140    0.6850    0.5857    0.0138
    0.6831    0.5857    0.0137    0.6812    0.5857    0.0136
    0.6793    0.5857    0.0135    0.6774    0.5857    0.0134
    0.6756    0.5857    0.0134    0.6738    0.5857    0.0133
    0.6721    0.5857    0.0133    0.6704    0.5857    0.0133
    0.6688    0.5857    0.0133    0.6671    0.5857    0.0133
    0.6656    0.5857    0.0133    0.6640    0.5857    0.0134
    0.6626    0.5857    0.0134    0.6611    0.5857    0.0135
    0.6597    0.5857    0.0136    0.6584    0.5857    0.0137
    0.6571    0.5857    0.0137    0.6559    0.5857    0.0138
    0.6547    0.5857    0.0139    0.6536    0.5857    0.0140
    0.6525    0.5857    0.0141    0.6516    0.5857    0.0142
    0.6506    0.5857    0.0143    0.6498    0.5857    0.0144
    0.6491    0.5857    0.0145    0.6485    0.5857    0.0146
    0.6480    0.5857    0.0148    0.6478    0.5857    0.0149
    0.6477    0.5857    0.0150
    0.7084    0.5857    0.0142    0.7061    0.5857    0.0144
    0.7038    0.5857    0.0146    0.7016    0.5857    0.0146
    0.6994    0.5857    0.0144    0.6972    0.5857    0.0142
    0.6951    0.5857    0.0139    0.6930    0.5857    0.0136
    0.6910    0.5857    0.0132    0.6890    0.5857    0.0129
    0.6870    0.5857    0.0126    0.6850    0.5857    0.0123
    0.6831    0.5857    0.0121    0.6812    0.5857    0.0119
    0.6793    0.5857    0.0118    0.6774    0.5857    0.0117
    0.6756    0.5857    0.0116    0.6739    0.5857    0.0115
    0.6721    0.5857    0.0115    0.6704    0.5857    0.0114
    0.6688    0.5857    0.0114    0.6672    0.5857    0.0115
    0.6656    0.5857    0.0115    0.6641    0.5857    0.0116
    0.6626    0.5857    0.0117    0.6612    0.5857    0.0118
    0.6598    0.5857    0.0120    0.6584    0.5857    0.0121
    0.6572    0.5857    0.0123    0.6559    0.5857    0.0124
    0.6548    0.5857    0.0126    0.6537    0.5857    0.0128
    0.6526    0.5857    0.0129    0.6516    0.5857    0.0131
    0.6507    0.5857    0.0134    0.6499    0.5857    0.0136
    0.6492    0.5857    0.0138    0.6485    0.5857    0.0141
    0.6481    0.5857    0.0145    0.6478    0.5857    0.0148
    0.6477    0.5857    0.0150
$POINTS for network #  3   wingwake                                          
       1.0
      18.0                                     0.0       0.0
       2.0      27.0                                                  wingwake  
    0.5871    0.0000   -0.0438 7060.0000    0.0000   -0.0438
    0.5872    0.0247   -0.0412 7060.0000    0.0247   -0.0412
    0.5872    0.0495   -0.0386 7060.0000    0.0495   -0.0386
    0.5872    0.0742   -0.0360 7060.0000    0.0742   -0.0360
    0.5873    0.0972   -0.0335 7060.0000    0.0972   -0.0335
    0.5873    0.1202   -0.0309 7060.0000    0.1202   -0.0309
    0.5874    0.1431   -0.0284 7060.0000    0.1431   -0.0284
    0.5874    0.1661   -0.0258 7060.0000    0.1661   -0.0258
    0.5874    0.1891   -0.0233 7060.0000    0.1891   -0.0233
    0.5875    0.2121   -0.0208 7060.0000    0.2121   -0.0208
    0.5875    0.2351   -0.0182 7060.0000    0.2351   -0.0182
    0.5951    0.2570   -0.0162 7060.0000    0.2570   -0.0162
    0.6026    0.2789   -0.0142 7060.0000    0.2789   -0.0142
    0.6102    0.3008   -0.0122 7060.0000    0.3008   -0.0122
    0.6177    0.3227   -0.0102 7060.0000    0.3227   -0.0102
    0.6253    0.3446   -0.0081 7060.0000    0.3446   -0.0081
    0.6328    0.3665   -0.0061 7060.0000    0.3665   -0.0061
    0.6404    0.3884   -0.0041 7060.0000    0.3884   -0.0041
    0.6479    0.4103   -0.0021 7060.0000    0.4103   -0.0021
    0.6555    0.4323   -0.0001 7060.0000    0.4323   -0.0001
    0.6630    0.4542    0.0020 7060.0000    0.4542    0.0020
    0.6706    0.4761    0.0040 7060.0000    0.4761    0.0040
    0.6782    0.4980    0.0061 7060.0000    0.4980    0.0061
    0.6857    0.5199    0.0081 7060.0000    0.5199    0.0081
    0.6933    0.5418    0.0101 7060.0000    0.5418    0.0101
    0.7008    0.5637    0.0122 7060.0000    0.5637    0.0122
    0.7084    0.5857    0.0142 7060.0000    0.5857    0.0142
$END OF INPUT DATA
