$TITLE    Created by panin, version 1.0 (4Jan2000) on                
INPUT FILE FOR PanAir (A502-ht2)                                                
Created by PANIN                                                                
$DATACHECK
    0.0000
$SYM
    1.0000    0.0000
$MACH NUMBER
    0.5000
$CASES
    1.0000
$ANGLES OF ATTACK
    0.0000
    7.4200
$YAW ANGLES
    0.0000
    0.0000
$REFERENCE DATA FOR 3-D FORCES AND MOMENTS
    0.2500    0.0000    0.0000    1.0000
    6.0000    6.0000    1.0000    6.0000
$PRINTOUT CONTROL
       0.0       0.0       0.0       0.0       0.0       0.0
       0.0       0.0       0.0       0.0       0.0       0.0
$EAT
  0.000000       0.0       0.0       0.0       0.0       0.0
$VELOCITY CORRECTION
    0.0000
$POINTS for network #  1   wing                                              
       1.0
       1.0                                     0.0       0.0
      59.0      30.0                                                  wing      
    1.0000    0.0000    0.0000    0.9971    0.0000    0.0004
    0.9883    0.0000    0.0014    0.9738    0.0000    0.0031
    0.9538    0.0000    0.0054    0.9284    0.0000    0.0083
    0.8980    0.0000    0.0116    0.8630    0.0000    0.0152
    0.8237    0.0000    0.0192    0.7806    0.0000    0.0232
    0.7342    0.0000    0.0274    0.6851    0.0000    0.0315
    0.6338    0.0000    0.0355    0.5809    0.0000    0.0392
    0.5271    0.0000    0.0425    0.4729    0.0000    0.0454
    0.4191    0.0000    0.0477    0.3662    0.0000    0.0492
    0.3149    0.0000    0.0500    0.2658    0.0000    0.0498
    0.2194    0.0000    0.0486    0.1763    0.0000    0.0465
    0.1370    0.0000    0.0434    0.1020    0.0000    0.0393
    0.0716    0.0000    0.0344    0.0462    0.0000    0.0286
    0.0262    0.0000    0.0222    0.0117    0.0000    0.0153
    0.0029    0.0000    0.0079    0.0000    0.0000    0.0000
    0.0029    0.0000   -0.0079    0.0117    0.0000   -0.0153
    0.0262    0.0000   -0.0222    0.0462    0.0000   -0.0286
    0.0716    0.0000   -0.0344    0.1020    0.0000   -0.0393
    0.1370    0.0000   -0.0434    0.1763    0.0000   -0.0465
    0.2194    0.0000   -0.0486    0.2658    0.0000   -0.0498
    0.3149    0.0000   -0.0500    0.3662    0.0000   -0.0492
    0.4191    0.0000   -0.0477    0.4729    0.0000   -0.0454
    0.5271    0.0000   -0.0425    0.5809    0.0000   -0.0392
    0.6338    0.0000   -0.0355    0.6851    0.0000   -0.0315
    0.7342    0.0000   -0.0274    0.7806    0.0000   -0.0232
    0.8237    0.0000   -0.0192    0.8630    0.0000   -0.0152
    0.8980    0.0000   -0.0116    0.9284    0.0000   -0.0083
    0.9538    0.0000   -0.0054    0.9738    0.0000   -0.0031
    0.9883    0.0000   -0.0014    0.9971    0.0000   -0.0004
    1.0000    0.0000    0.0000
    1.0000    0.1034    0.0000    0.9971    0.1034    0.0003
    0.9883    0.1034    0.0014    0.9738    0.1034    0.0030
    0.9538    0.1034    0.0053    0.9284    0.1034    0.0080
    0.8980    0.1034    0.0112    0.8629    0.1034    0.0148
    0.8236    0.1034    0.0186    0.7805    0.1034    0.0225
    0.7341    0.1034    0.0265    0.6850    0.1034    0.0304
    0.6336    0.1034    0.0342    0.5808    0.1034    0.0378
    0.5269    0.1034    0.0410    0.4728    0.1034    0.0436
    0.4190    0.1034    0.0457    0.3661    0.1034    0.0471
    0.3148    0.1034    0.0477    0.2656    0.1034    0.0473
    0.2192    0.1034    0.0460    0.1762    0.1034    0.0437
    0.1369    0.1034    0.0405    0.1018    0.1034    0.0363
    0.0715    0.1034    0.0312    0.0461    0.1034    0.0254
    0.0261    0.1034    0.0190    0.0116    0.1034    0.0120
    0.0029    0.1034    0.0045    0.0000    0.1034   -0.0034
    0.0030    0.1034   -0.0112    0.0117    0.1034   -0.0186
    0.0263    0.1034   -0.0255    0.0463    0.1034   -0.0318
    0.0717    0.1034   -0.0375    0.1021    0.1034   -0.0423
    0.1372    0.1034   -0.0463    0.1765    0.1034   -0.0493
    0.2196    0.1034   -0.0513    0.2660    0.1034   -0.0522
    0.3151    0.1034   -0.0523    0.3664    0.1034   -0.0514
    0.4193    0.1034   -0.0496    0.4731    0.1034   -0.0472
    0.5272    0.1034   -0.0441    0.5810    0.1034   -0.0406
    0.6339    0.1034   -0.0367    0.6852    0.1034   -0.0326
    0.7343    0.1034   -0.0283    0.7807    0.1034   -0.0240
    0.8238    0.1034   -0.0198    0.8630    0.1034   -0.0157
    0.8981    0.1034   -0.0119    0.9285    0.1034   -0.0085
    0.9538    0.1034   -0.0056    0.9738    0.1034   -0.0032
    0.9883    0.1034   -0.0014    0.9971    0.1034   -0.0004
    1.0000    0.1034    0.0000
    1.0000    0.2069    0.0000    0.9971    0.2069    0.0003
    0.9883    0.2069    0.0014    0.9738    0.2069    0.0030
    0.9538    0.2069    0.0052    0.9284    0.2069    0.0080
    0.8980    0.2069    0.0111    0.8629    0.2069    0.0146
    0.8236    0.2069    0.0184    0.7805    0.2069    0.0223
    0.7341    0.2069    0.0262    0.6849    0.2069    0.0301
    0.6336    0.2069    0.0339    0.5807    0.2069    0.0374
    0.5269    0.2069    0.0405    0.4727    0.2069    0.0431
    0.4189    0.2069    0.0452    0.3660    0.2069    0.0465
    0.3147    0.2069    0.0470    0.2656    0.2069    0.0466
    0.2192    0.2069    0.0453    0.1761    0.2069    0.0429
    0.1368    0.2069    0.0396    0.1018    0.2069    0.0354
    0.0714    0.2069    0.0304    0.0461    0.2069    0.0245
    0.0261    0.2069    0.0181    0.0116    0.2069    0.0110
    0.0029    0.2069    0.0036    0.0000    0.2069   -0.0043
    0.0030    0.2069   -0.0121    0.0118    0.2069   -0.0196
    0.0263    0.2069   -0.0264    0.0463    0.2069   -0.0328
    0.0717    0.2069   -0.0384    0.1021    0.2069   -0.0432
    0.1372    0.2069   -0.0471    0.1765    0.2069   -0.0500
    0.2196    0.2069   -0.0520    0.2660    0.2069   -0.0529
    0.3152    0.2069   -0.0529    0.3665    0.2069   -0.0520
    0.4193    0.2069   -0.0502    0.4731    0.2069   -0.0477
    0.5273    0.2069   -0.0446    0.5811    0.2069   -0.0410
    0.6339    0.2069   -0.0370    0.6852    0.2069   -0.0329
    0.7343    0.2069   -0.0285    0.7807    0.2069   -0.0242
    0.8238    0.2069   -0.0199    0.8631    0.2069   -0.0158
    0.8981    0.2069   -0.0120    0.9285    0.2069   -0.0086
    0.9538    0.2069   -0.0056    0.9738    0.2069   -0.0032
    0.9883    0.2069   -0.0015    0.9971    0.2069   -0.0004
    1.0000    0.2069    0.0000
    1.0000    0.3103    0.0000    0.9971    0.3103    0.0003
    0.9883    0.3103    0.0013    0.9738    0.3103    0.0030
    0.9538    0.3103    0.0052    0.9284    0.3103    0.0079
    0.8980    0.3103    0.0111    0.8629    0.3103    0.0146
    0.8236    0.3103    0.0183    0.7805    0.3103    0.0222
    0.7341    0.3103    0.0261    0.6849    0.3103    0.0300
    0.6336    0.3103    0.0337    0.5807    0.3103    0.0371
    0.5269    0.3103    0.0402    0.4727    0.3103    0.0428
    0.4189    0.3103    0.0448    0.3660    0.3103    0.0461
    0.3147    0.3103    0.0466    0.2656    0.3103    0.0462
    0.2192    0.3103    0.0448    0.1761    0.3103    0.0425
    0.1368    0.3103    0.0391    0.1018    0.3103    0.0349
    0.0714    0.3103    0.0298    0.0461    0.3103    0.0240
    0.0261    0.3103    0.0175    0.0116    0.3103    0.0105
    0.0029    0.3103    0.0030    0.0000    0.3103   -0.0049
    0.0030    0.3103   -0.0127    0.0118    0.3103   -0.0201
    0.0263    0.3103   -0.0270    0.0464    0.3103   -0.0333
    0.0718    0.3103   -0.0389    0.1022    0.3103   -0.0437
    0.1372    0.3103   -0.0476    0.1765    0.3103   -0.0505
    0.2197    0.3103   -0.0524    0.2660    0.3103   -0.0534
    0.3152    0.3103   -0.0533    0.3665    0.3103   -0.0523
    0.4193    0.3103   -0.0505    0.4732    0.3103   -0.0480
    0.5273    0.3103   -0.0449    0.5811    0.3103   -0.0412
    0.6339    0.3103   -0.0373    0.6852    0.3103   -0.0330
    0.7343    0.3103   -0.0287    0.7807    0.3103   -0.0243
    0.8238    0.3103   -0.0200    0.8631    0.3103   -0.0159
    0.8981    0.3103   -0.0121    0.9285    0.3103   -0.0086
    0.9538    0.3103   -0.0057    0.9738    0.3103   -0.0032
    0.9883    0.3103   -0.0015    0.9971    0.3103   -0.0004
    1.0000    0.3103    0.0000
    1.0000    0.4138    0.0000    0.9971    0.4138    0.0003
    0.9883    0.4138    0.0013    0.9738    0.4138    0.0030
    0.9538    0.4138    0.0052    0.9284    0.4138    0.0079
    0.8980    0.4138    0.0110    0.8629    0.4138    0.0145
    0.8236    0.4138    0.0182    0.7805    0.4138    0.0221
    0.7341    0.4138    0.0260    0.6849    0.4138    0.0298
    0.6336    0.4138    0.0335    0.5807    0.4138    0.0370
    0.5269    0.4138    0.0400    0.4727    0.4138    0.0426
    0.4189    0.4138    0.0446    0.3660    0.4138    0.0459
    0.3147    0.4138    0.0463    0.2655    0.4138    0.0459
    0.2192    0.4138    0.0445    0.1761    0.4138    0.0421
    0.1368    0.4138    0.0388    0.1018    0.4138    0.0346
    0.0714    0.4138    0.0295    0.0461    0.4138    0.0236
    0.0261    0.4138    0.0171    0.0116    0.4138    0.0101
    0.0029    0.4138    0.0026    0.0000    0.4138   -0.0053
    0.0030    0.4138   -0.0131    0.0118    0.4138   -0.0205
    0.0263    0.4138   -0.0274    0.0464    0.4138   -0.0337
    0.0718    0.4138   -0.0393    0.1022    0.4138   -0.0440
    0.1372    0.4138   -0.0479    0.1766    0.4138   -0.0508
    0.2197    0.4138   -0.0528    0.2661    0.4138   -0.0537
    0.3152    0.4138   -0.0536    0.3665    0.4138   -0.0526
    0.4194    0.4138   -0.0508    0.4732    0.4138   -0.0482
    0.5273    0.4138   -0.0450    0.5811    0.4138   -0.0414
    0.6340    0.4138   -0.0374    0.6852    0.4138   -0.0332
    0.7344    0.4138   -0.0288    0.7807    0.4138   -0.0244
    0.8238    0.4138   -0.0201    0.8631    0.4138   -0.0160
    0.8981    0.4138   -0.0121    0.9285    0.4138   -0.0087
    0.9538    0.4138   -0.0057    0.9738    0.4138   -0.0033
    0.9883    0.4138   -0.0015    0.9971    0.4138   -0.0004
    1.0000    0.4138    0.0000
    1.0000    0.5172    0.0000    0.9971    0.5172    0.0003
    0.9883    0.5172    0.0013    0.9738    0.5172    0.0030
    0.9538    0.5172    0.0052    0.9284    0.5172    0.0079
    0.8980    0.5172    0.0110    0.8629    0.5172    0.0145
    0.8236    0.5172    0.0182    0.7805    0.5172    0.0220
    0.7341    0.5172    0.0259    0.6849    0.5172    0.0297
    0.6336    0.5172    0.0334    0.5807    0.5172    0.0369
    0.5268    0.5172    0.0399    0.4727    0.5172    0.0425
    0.4189    0.5172    0.0445    0.3660    0.5172    0.0457
    0.3147    0.5172    0.0461    0.2655    0.5172    0.0457
    0.2191    0.5172    0.0443    0.1761    0.5172    0.0419
    0.1368    0.5172    0.0386    0.1017    0.5172    0.0343
    0.0714    0.5172    0.0292    0.0461    0.5172    0.0233
    0.0261    0.5172    0.0168    0.0116    0.5172    0.0098
    0.0029    0.5172    0.0023    0.0000    0.5172   -0.0056
    0.0030    0.5172   -0.0134    0.0118    0.5172   -0.0208
    0.0263    0.5172   -0.0277    0.0464    0.5172   -0.0339
    0.0718    0.5172   -0.0395    0.1022    0.5172   -0.0443
    0.1373    0.5172   -0.0482    0.1766    0.5172   -0.0511
    0.2197    0.5172   -0.0530    0.2661    0.5172   -0.0539
    0.3152    0.5172   -0.0538    0.3665    0.5172   -0.0528
    0.4194    0.5172   -0.0509    0.4732    0.5172   -0.0484
    0.5273    0.5172   -0.0452    0.5811    0.5172   -0.0415
    0.6340    0.5172   -0.0375    0.6852    0.5172   -0.0333
    0.7344    0.5172   -0.0289    0.7807    0.5172   -0.0245
    0.8238    0.5172   -0.0201    0.8631    0.5172   -0.0160
    0.8981    0.5172   -0.0122    0.9285    0.5172   -0.0087
    0.9538    0.5172   -0.0057    0.9738    0.5172   -0.0033
    0.9883    0.5172   -0.0015    0.9971    0.5172   -0.0004
    1.0000    0.5172    0.0000
    1.0000    0.6207    0.0000    0.9971    0.6207    0.0003
    0.9883    0.6207    0.0013    0.9738    0.6207    0.0030
    0.9538    0.6207    0.0052    0.9284    0.6207    0.0079
    0.8980    0.6207    0.0110    0.8629    0.6207    0.0144
    0.8236    0.6207    0.0181    0.7805    0.6207    0.0220
    0.7341    0.6207    0.0259    0.6849    0.6207    0.0297
    0.6336    0.6207    0.0334    0.5807    0.6207    0.0368
    0.5268    0.6207    0.0398    0.4727    0.6207    0.0424
    0.4188    0.6207    0.0443    0.3660    0.6207    0.0456
    0.3147    0.6207    0.0460    0.2655    0.6207    0.0455
    0.2191    0.6207    0.0441    0.1761    0.6207    0.0417
    0.1368    0.6207    0.0384    0.1017    0.6207    0.0341
    0.0714    0.6207    0.0290    0.0461    0.6207    0.0231
    0.0261    0.6207    0.0166    0.0116    0.6207    0.0096
    0.0029    0.6207    0.0021    0.0000    0.6207   -0.0058
    0.0030    0.6207   -0.0136    0.0118    0.6207   -0.0210
    0.0263    0.6207   -0.0279    0.0464    0.6207   -0.0341
    0.0718    0.6207   -0.0397    0.1022    0.6207   -0.0445
    0.1373    0.6207   -0.0483    0.1766    0.6207   -0.0512
    0.2197    0.6207   -0.0531    0.2661    0.6207   -0.0540
    0.3152    0.6207   -0.0539    0.3665    0.6207   -0.0529
    0.4194    0.6207   -0.0510    0.4732    0.6207   -0.0485
    0.5273    0.6207   -0.0453    0.5811    0.6207   -0.0416
    0.6340    0.6207   -0.0376    0.6853    0.6207   -0.0333
    0.7344    0.6207   -0.0289    0.7807    0.6207   -0.0245
    0.8238    0.6207   -0.0202    0.8631    0.6207   -0.0160
    0.8981    0.6207   -0.0122    0.9285    0.6207   -0.0087
    0.9538    0.6207   -0.0057    0.9738    0.6207   -0.0033
    0.9883    0.6207   -0.0015    0.9971    0.6207   -0.0004
    1.0000    0.6207    0.0000
    1.0000    0.7241    0.0000    0.9971    0.7241    0.0003
    0.9883    0.7241    0.0013    0.9738    0.7241    0.0030
    0.9538    0.7241    0.0052    0.9284    0.7241    0.0079
    0.8980    0.7241    0.0110    0.8629    0.7241    0.0144
    0.8236    0.7241    0.0181    0.7805    0.7241    0.0219
    0.7340    0.7241    0.0258    0.6849    0.7241    0.0296
    0.6336    0.7241    0.0333    0.5807    0.7241    0.0367
    0.5268    0.7241    0.0397    0.4727    0.7241    0.0423
    0.4188    0.7241    0.0442    0.3660    0.7241    0.0455
    0.3146    0.7241    0.0459    0.2655    0.7241    0.0454
    0.2191    0.7241    0.0440    0.1760    0.7241    0.0416
    0.1368    0.7241    0.0382    0.1017    0.7241    0.0340
    0.0714    0.7241    0.0288    0.0461    0.7241    0.0230
    0.0261    0.7241    0.0165    0.0116    0.7241    0.0094
    0.0029    0.7241    0.0019    0.0000    0.7241   -0.0059
    0.0030    0.7241   -0.0138    0.0118    0.7241   -0.0212
    0.0263    0.7241   -0.0280    0.0464    0.7241   -0.0343
    0.0718    0.7241   -0.0399    0.1022    0.7241   -0.0446
    0.1373    0.7241   -0.0485    0.1766    0.7241   -0.0514
    0.2197    0.7241   -0.0533    0.2661    0.7241   -0.0541
    0.3152    0.7241   -0.0540    0.3665    0.7241   -0.0530
    0.4194    0.7241   -0.0511    0.4732    0.7241   -0.0485
    0.5273    0.7241   -0.0454    0.5811    0.7241   -0.0417
    0.6340    0.7241   -0.0376    0.6853    0.7241   -0.0334
    0.7344    0.7241   -0.0290    0.7807    0.7241   -0.0245
    0.8238    0.7241   -0.0202    0.8631    0.7241   -0.0161
    0.8981    0.7241   -0.0122    0.9285    0.7241   -0.0087
    0.9538    0.7241   -0.0057    0.9738    0.7241   -0.0033
    0.9883    0.7241   -0.0015    0.9971    0.7241   -0.0004
    1.0000    0.7241    0.0000
    1.0000    0.8276    0.0000    0.9971    0.8276    0.0003
    0.9883    0.8276    0.0013    0.9738    0.8276    0.0030
    0.9538    0.8276    0.0052    0.9284    0.8276    0.0079
    0.8980    0.8276    0.0110    0.8629    0.8276    0.0144
    0.8236    0.8276    0.0181    0.7805    0.8276    0.0219
    0.7340    0.8276    0.0258    0.6849    0.8276    0.0296
    0.6336    0.8276    0.0332    0.5807    0.8276    0.0366
    0.5268    0.8276    0.0397    0.4727    0.8276    0.0422
    0.4188    0.8276    0.0442    0.3659    0.8276    0.0454
    0.3146    0.8276    0.0458    0.2655    0.8276    0.0453
    0.2191    0.8276    0.0439    0.1760    0.8276    0.0415
    0.1368    0.8276    0.0381    0.1017    0.8276    0.0338
    0.0714    0.8276    0.0287    0.0461    0.8276    0.0229
    0.0261    0.8276    0.0163    0.0116    0.8276    0.0093
    0.0029    0.8276    0.0018    0.0000    0.8276   -0.0061
    0.0030    0.8276   -0.0139    0.0118    0.8276   -0.0213
    0.0263    0.8276   -0.0282    0.0464    0.8276   -0.0344
    0.0718    0.8276   -0.0400    0.1022    0.8276   -0.0447
    0.1373    0.8276   -0.0486    0.1766    0.8276   -0.0515
    0.2197    0.8276   -0.0534    0.2661    0.8276   -0.0542
    0.3152    0.8276   -0.0541    0.3665    0.8276   -0.0531
    0.4194    0.8276   -0.0512    0.4732    0.8276   -0.0486
    0.5273    0.8276   -0.0454    0.5811    0.8276   -0.0417
    0.6340    0.8276   -0.0377    0.6853    0.8276   -0.0334
    0.7344    0.8276   -0.0290    0.7807    0.8276   -0.0246
    0.8238    0.8276   -0.0202    0.8631    0.8276   -0.0161
    0.8981    0.8276   -0.0122    0.9285    0.8276   -0.0087
    0.9538    0.8276   -0.0057    0.9738    0.8276   -0.0033
    0.9883    0.8276   -0.0015    0.9971    0.8276   -0.0004
    1.0000    0.8276    0.0000
    1.0000    0.9310    0.0000    0.9971    0.9310    0.0003
    0.9883    0.9310    0.0013    0.9738    0.9310    0.0030
    0.9538    0.9310    0.0051    0.9284    0.9310    0.0078
    0.8980    0.9310    0.0110    0.8629    0.9310    0.0144
    0.8236    0.9310    0.0181    0.7805    0.9310    0.0219
    0.7340    0.9310    0.0257    0.6849    0.9310    0.0296
    0.6336    0.9310    0.0332    0.5807    0.9310    0.0366
    0.5268    0.9310    0.0396    0.4727    0.9310    0.0422
    0.4188    0.9310    0.0441    0.3659    0.9310    0.0453
    0.3146    0.9310    0.0457    0.2655    0.9310    0.0453
    0.2191    0.9310    0.0438    0.1760    0.9310    0.0414
    0.1368    0.9310    0.0380    0.1017    0.9310    0.0338
    0.0714    0.9310    0.0286    0.0461    0.9310    0.0228
    0.0261    0.9310    0.0162    0.0116    0.9310    0.0092
    0.0029    0.9310    0.0017    0.0000    0.9310   -0.0062
    0.0030    0.9310   -0.0140    0.0118    0.9310   -0.0214
    0.0263    0.9310   -0.0283    0.0464    0.9310   -0.0345
    0.0718    0.9310   -0.0401    0.1022    0.9310   -0.0448
    0.1373    0.9310   -0.0487    0.1766    0.9310   -0.0516
    0.2197    0.9310   -0.0534    0.2661    0.9310   -0.0543
    0.3153    0.9310   -0.0542    0.3666    0.9310   -0.0531
    0.4194    0.9310   -0.0513    0.4732    0.9310   -0.0487
    0.5273    0.9310   -0.0455    0.5811    0.9310   -0.0418
    0.6340    0.9310   -0.0377    0.6853    0.9310   -0.0334
    0.7344    0.9310   -0.0290    0.7807    0.9310   -0.0246
    0.8238    0.9310   -0.0202    0.8631    0.9310   -0.0161
    0.8981    0.9310   -0.0122    0.9285    0.9310   -0.0087
    0.9538    0.9310   -0.0057    0.9738    0.9310   -0.0033
    0.9883    0.9310   -0.0015    0.9971    0.9310   -0.0004
    1.0000    0.9310    0.0000
    1.0000    1.0345    0.0000    0.9971    1.0345    0.0003
    0.9883    1.0345    0.0013    0.9738    1.0345    0.0030
    0.9538    1.0345    0.0051    0.9284    1.0345    0.0078
    0.8980    1.0345    0.0109    0.8629    1.0345    0.0144
    0.8236    1.0345    0.0181    0.7805    1.0345    0.0219
    0.7340    1.0345    0.0257    0.6849    1.0345    0.0295
    0.6335    1.0345    0.0332    0.5807    1.0345    0.0366
    0.5268    1.0345    0.0396    0.4727    1.0345    0.0421
    0.4188    1.0345    0.0441    0.3659    1.0345    0.0453
    0.3146    1.0345    0.0457    0.2655    1.0345    0.0452
    0.2191    1.0345    0.0438    0.1760    1.0345    0.0413
    0.1367    1.0345    0.0380    0.1017    1.0345    0.0337
    0.0714    1.0345    0.0286    0.0461    1.0345    0.0227
    0.0261    1.0345    0.0162    0.0116    1.0345    0.0091
    0.0029    1.0345    0.0016    0.0000    1.0345   -0.0062
    0.0030    1.0345   -0.0141    0.0118    1.0345   -0.0215
    0.0263    1.0345   -0.0283    0.0464    1.0345   -0.0346
    0.0718    1.0345   -0.0402    0.1022    1.0345   -0.0449
    0.1373    1.0345   -0.0488    0.1766    1.0345   -0.0516
    0.2197    1.0345   -0.0535    0.2661    1.0345   -0.0544
    0.3153    1.0345   -0.0542    0.3666    1.0345   -0.0532
    0.4194    1.0345   -0.0513    0.4732    1.0345   -0.0487
    0.5273    1.0345   -0.0455    0.5811    1.0345   -0.0418
    0.6340    1.0345   -0.0378    0.6853    1.0345   -0.0335
    0.7344    1.0345   -0.0290    0.7807    1.0345   -0.0246
    0.8238    1.0345   -0.0203    0.8631    1.0345   -0.0161
    0.8981    1.0345   -0.0122    0.9285    1.0345   -0.0087
    0.9538    1.0345   -0.0057    0.9738    1.0345   -0.0033
    0.9883    1.0345   -0.0015    0.9971    1.0345   -0.0004
    1.0000    1.0345    0.0000
    1.0000    1.1379    0.0000    0.9971    1.1379    0.0003
    0.9883    1.1379    0.0013    0.9738    1.1379    0.0030
    0.9538    1.1379    0.0051    0.9284    1.1379    0.0078
    0.8980    1.1379    0.0109    0.8629    1.1379    0.0144
    0.8236    1.1379    0.0180    0.7805    1.1379    0.0219
    0.7340    1.1379    0.0257    0.6849    1.1379    0.0295
    0.6335    1.1379    0.0332    0.5807    1.1379    0.0365
    0.5268    1.1379    0.0396    0.4727    1.1379    0.0421
    0.4188    1.1379    0.0440    0.3659    1.1379    0.0452
    0.3146    1.1379    0.0456    0.2655    1.1379    0.0451
    0.2191    1.1379    0.0437    0.1760    1.1379    0.0413
    0.1367    1.1379    0.0379    0.1017    1.1379    0.0336
    0.0714    1.1379    0.0285    0.0461    1.1379    0.0226
    0.0261    1.1379    0.0161    0.0116    1.1379    0.0090
    0.0029    1.1379    0.0016    0.0000    1.1379   -0.0063
    0.0030    1.1379   -0.0141    0.0118    1.1379   -0.0215
    0.0263    1.1379   -0.0284    0.0464    1.1379   -0.0347
    0.0718    1.1379   -0.0402    0.1022    1.1379   -0.0450
    0.1373    1.1379   -0.0488    0.1766    1.1379   -0.0517
    0.2197    1.1379   -0.0536    0.2661    1.1379   -0.0544
    0.3153    1.1379   -0.0543    0.3666    1.1379   -0.0532
    0.4194    1.1379   -0.0514    0.4732    1.1379   -0.0487
    0.5273    1.1379   -0.0455    0.5811    1.1379   -0.0418
    0.6340    1.1379   -0.0378    0.6853    1.1379   -0.0335
    0.7344    1.1379   -0.0291    0.7807    1.1379   -0.0246
    0.8238    1.1379   -0.0203    0.8631    1.1379   -0.0161
    0.8981    1.1379   -0.0122    0.9285    1.1379   -0.0087
    0.9538    1.1379   -0.0057    0.9738    1.1379   -0.0033
    0.9883    1.1379   -0.0015    0.9971    1.1379   -0.0004
    1.0000    1.1379    0.0000
    1.0000    1.2414    0.0000    0.9971    1.2414    0.0003
    0.9883    1.2414    0.0013    0.9738    1.2414    0.0030
    0.9538    1.2414    0.0051    0.9284    1.2414    0.0078
    0.8980    1.2414    0.0109    0.8629    1.2414    0.0144
    0.8236    1.2414    0.0180    0.7804    1.2414    0.0218
    0.7340    1.2414    0.0257    0.6849    1.2414    0.0295
    0.6335    1.2414    0.0331    0.5806    1.2414    0.0365
    0.5268    1.2414    0.0395    0.4727    1.2414    0.0421
    0.4188    1.2414    0.0440    0.3659    1.2414    0.0452
    0.3146    1.2414    0.0456    0.2655    1.2414    0.0451
    0.2191    1.2414    0.0437    0.1760    1.2414    0.0412
    0.1367    1.2414    0.0379    0.1017    1.2414    0.0336
    0.0714    1.2414    0.0284    0.0460    1.2414    0.0226
    0.0261    1.2414    0.0160    0.0116    1.2414    0.0090
    0.0029    1.2414    0.0015    0.0000    1.2414   -0.0064
    0.0030    1.2414   -0.0142    0.0118    1.2414   -0.0216
    0.0263    1.2414   -0.0285    0.0464    1.2414   -0.0347
    0.0718    1.2414   -0.0403    0.1022    1.2414   -0.0450
    0.1373    1.2414   -0.0489    0.1766    1.2414   -0.0517
    0.2197    1.2414   -0.0536    0.2661    1.2414   -0.0545
    0.3153    1.2414   -0.0543    0.3666    1.2414   -0.0533
    0.4194    1.2414   -0.0514    0.4732    1.2414   -0.0488
    0.5274    1.2414   -0.0456    0.5811    1.2414   -0.0419
    0.6340    1.2414   -0.0378    0.6853    1.2414   -0.0335
    0.7344    1.2414   -0.0291    0.7807    1.2414   -0.0246
    0.8238    1.2414   -0.0203    0.8631    1.2414   -0.0161
    0.8981    1.2414   -0.0122    0.9285    1.2414   -0.0087
    0.9538    1.2414   -0.0057    0.9738    1.2414   -0.0033
    0.9883    1.2414   -0.0015    0.9971    1.2414   -0.0004
    1.0000    1.2414    0.0000
    1.0000    1.3448    0.0000    0.9971    1.3448    0.0003
    0.9883    1.3448    0.0013    0.9738    1.3448    0.0029
    0.9538    1.3448    0.0051    0.9284    1.3448    0.0078
    0.8980    1.3448    0.0109    0.8629    1.3448    0.0144
    0.8236    1.3448    0.0180    0.7804    1.3448    0.0218
    0.7340    1.3448    0.0257    0.6849    1.3448    0.0295
    0.6335    1.3448    0.0331    0.5806    1.3448    0.0365
    0.5268    1.3448    0.0395    0.4726    1.3448    0.0420
    0.4188    1.3448    0.0439    0.3659    1.3448    0.0452
    0.3146    1.3448    0.0456    0.2655    1.3448    0.0451
    0.2191    1.3448    0.0436    0.1760    1.3448    0.0412
    0.1367    1.3448    0.0378    0.1017    1.3448    0.0335
    0.0714    1.3448    0.0284    0.0460    1.3448    0.0225
    0.0261    1.3448    0.0160    0.0116    1.3448    0.0089
    0.0029    1.3448    0.0014    0.0000    1.3448   -0.0064
    0.0030    1.3448   -0.0143    0.0118    1.3448   -0.0216
    0.0263    1.3448   -0.0285    0.0464    1.3448   -0.0348
    0.0718    1.3448   -0.0403    0.1022    1.3448   -0.0451
    0.1373    1.3448   -0.0489    0.1766    1.3448   -0.0518
    0.2197    1.3448   -0.0537    0.2661    1.3448   -0.0545
    0.3153    1.3448   -0.0544    0.3666    1.3448   -0.0533
    0.4194    1.3448   -0.0514    0.4732    1.3448   -0.0488
    0.5274    1.3448   -0.0456    0.5812    1.3448   -0.0419
    0.6340    1.3448   -0.0378    0.6853    1.3448   -0.0335
    0.7344    1.3448   -0.0291    0.7807    1.3448   -0.0247
    0.8238    1.3448   -0.0203    0.8631    1.3448   -0.0161
    0.8981    1.3448   -0.0122    0.9285    1.3448   -0.0087
    0.9538    1.3448   -0.0057    0.9738    1.3448   -0.0033
    0.9883    1.3448   -0.0015    0.9971    1.3448   -0.0004
    1.0000    1.3448    0.0000
    1.0000    1.4483    0.0000    0.9971    1.4483    0.0003
    0.9883    1.4483    0.0013    0.9738    1.4483    0.0029
    0.9538    1.4483    0.0051    0.9284    1.4483    0.0078
    0.8980    1.4483    0.0109    0.8629    1.4483    0.0144
    0.8236    1.4483    0.0180    0.7804    1.4483    0.0218
    0.7340    1.4483    0.0257    0.6849    1.4483    0.0295
    0.6335    1.4483    0.0331    0.5806    1.4483    0.0365
    0.5268    1.4483    0.0395    0.4726    1.4483    0.0420
    0.4188    1.4483    0.0439    0.3659    1.4483    0.0451
    0.3146    1.4483    0.0455    0.2655    1.4483    0.0450
    0.2191    1.4483    0.0436    0.1760    1.4483    0.0411
    0.1367    1.4483    0.0378    0.1017    1.4483    0.0335
    0.0714    1.4483    0.0283    0.0460    1.4483    0.0224
    0.0260    1.4483    0.0159    0.0116    1.4483    0.0089
    0.0029    1.4483    0.0014    0.0000    1.4483   -0.0065
    0.0030    1.4483   -0.0143    0.0118    1.4483   -0.0217
    0.0263    1.4483   -0.0286    0.0464    1.4483   -0.0348
    0.0718    1.4483   -0.0404    0.1022    1.4483   -0.0451
    0.1373    1.4483   -0.0490    0.1766    1.4483   -0.0518
    0.2197    1.4483   -0.0537    0.2661    1.4483   -0.0545
    0.3153    1.4483   -0.0544    0.3666    1.4483   -0.0533
    0.4194    1.4483   -0.0515    0.4732    1.4483   -0.0488
    0.5274    1.4483   -0.0456    0.5812    1.4483   -0.0419
    0.6340    1.4483   -0.0378    0.6853    1.4483   -0.0335
    0.7344    1.4483   -0.0291    0.7807    1.4483   -0.0247
    0.8238    1.4483   -0.0203    0.8631    1.4483   -0.0161
    0.8981    1.4483   -0.0122    0.9285    1.4483   -0.0087
    0.9538    1.4483   -0.0057    0.9738    1.4483   -0.0033
    0.9883    1.4483   -0.0015    0.9971    1.4483   -0.0004
    1.0000    1.4483    0.0000
    1.0000    1.5517    0.0000    0.9971    1.5517    0.0003
    0.9883    1.5517    0.0013    0.9738    1.5517    0.0029
    0.9538    1.5517    0.0051    0.9284    1.5517    0.0078
    0.8980    1.5517    0.0109    0.8629    1.5517    0.0143
    0.8236    1.5517    0.0180    0.7804    1.5517    0.0218
    0.7340    1.5517    0.0256    0.6849    1.5517    0.0294
    0.6335    1.5517    0.0331    0.5806    1.5517    0.0364
    0.5268    1.5517    0.0394    0.4726    1.5517    0.0420
    0.4188    1.5517    0.0439    0.3659    1.5517    0.0451
    0.3146    1.5517    0.0455    0.2655    1.5517    0.0450
    0.2191    1.5517    0.0435    0.1760    1.5517    0.0411
    0.1367    1.5517    0.0377    0.1017    1.5517    0.0334
    0.0714    1.5517    0.0283    0.0460    1.5517    0.0224
    0.0260    1.5517    0.0159    0.0116    1.5517    0.0088
    0.0029    1.5517    0.0013    0.0000    1.5517   -0.0066
    0.0030    1.5517   -0.0144    0.0118    1.5517   -0.0218
    0.0263    1.5517   -0.0286    0.0464    1.5517   -0.0349
    0.0718    1.5517   -0.0404    0.1022    1.5517   -0.0452
    0.1373    1.5517   -0.0490    0.1766    1.5517   -0.0519
    0.2197    1.5517   -0.0537    0.2661    1.5517   -0.0546
    0.3153    1.5517   -0.0544    0.3666    1.5517   -0.0534
    0.4194    1.5517   -0.0515    0.4732    1.5517   -0.0489
    0.5274    1.5517   -0.0456    0.5812    1.5517   -0.0419
    0.6340    1.5517   -0.0379    0.6853    1.5517   -0.0336
    0.7344    1.5517   -0.0291    0.7808    1.5517   -0.0247
    0.8238    1.5517   -0.0203    0.8631    1.5517   -0.0161
    0.8981    1.5517   -0.0123    0.9285    1.5517   -0.0088
    0.9538    1.5517   -0.0057    0.9738    1.5517   -0.0033
    0.9883    1.5517   -0.0015    0.9971    1.5517   -0.0004
    1.0000    1.5517    0.0000
    1.0000    1.6552    0.0000    0.9971    1.6552    0.0003
    0.9883    1.6552    0.0013    0.9738    1.6552    0.0029
    0.9538    1.6552    0.0051    0.9284    1.6552    0.0078
    0.8980    1.6552    0.0109    0.8629    1.6552    0.0143
    0.8236    1.6552    0.0180    0.7804    1.6552    0.0218
    0.7340    1.6552    0.0256    0.6849    1.6552    0.0294
    0.6335    1.6552    0.0330    0.5806    1.6552    0.0364
    0.5268    1.6552    0.0394    0.4726    1.6552    0.0419
    0.4188    1.6552    0.0438    0.3659    1.6552    0.0450
    0.3146    1.6552    0.0454    0.2655    1.6552    0.0449
    0.2191    1.6552    0.0435    0.1760    1.6552    0.0410
    0.1367    1.6552    0.0377    0.1017    1.6552    0.0334
    0.0714    1.6552    0.0282    0.0460    1.6552    0.0223
    0.0260    1.6552    0.0158    0.0116    1.6552    0.0088
    0.0029    1.6552    0.0013    0.0000    1.6552   -0.0066
    0.0030    1.6552   -0.0144    0.0118    1.6552   -0.0218
    0.0263    1.6552   -0.0287    0.0464    1.6552   -0.0349
    0.0718    1.6552   -0.0405    0.1022    1.6552   -0.0452
    0.1373    1.6552   -0.0491    0.1766    1.6552   -0.0519
    0.2197    1.6552   -0.0538    0.2661    1.6552   -0.0546
    0.3153    1.6552   -0.0545    0.3666    1.6552   -0.0534
    0.4194    1.6552   -0.0515    0.4732    1.6552   -0.0489
    0.5274    1.6552   -0.0457    0.5812    1.6552   -0.0420
    0.6340    1.6552   -0.0379    0.6853    1.6552   -0.0336
    0.7344    1.6552   -0.0291    0.7808    1.6552   -0.0247
    0.8238    1.6552   -0.0203    0.8631    1.6552   -0.0161
    0.8981    1.6552   -0.0123    0.9285    1.6552   -0.0088
    0.9538    1.6552   -0.0057    0.9738    1.6552   -0.0033
    0.9883    1.6552   -0.0015    0.9971    1.6552   -0.0004
    1.0000    1.6552    0.0000
    1.0000    1.7586    0.0000    0.9971    1.7586    0.0003
    0.9883    1.7586    0.0013    0.9738    1.7586    0.0029
    0.9538    1.7586    0.0051    0.9284    1.7586    0.0078
    0.8980    1.7586    0.0109    0.8629    1.7586    0.0143
    0.8236    1.7586    0.0180    0.7804    1.7586    0.0218
    0.7340    1.7586    0.0256    0.6849    1.7586    0.0294
    0.6335    1.7586    0.0330    0.5806    1.7586    0.0364
    0.5268    1.7586    0.0394    0.4726    1.7586    0.0419
    0.4188    1.7586    0.0438    0.3659    1.7586    0.0450
    0.3146    1.7586    0.0454    0.2655    1.7586    0.0449
    0.2191    1.7586    0.0434    0.1760    1.7586    0.0410
    0.1367    1.7586    0.0376    0.1017    1.7586    0.0333
    0.0714    1.7586    0.0281    0.0460    1.7586    0.0223
    0.0260    1.7586    0.0157    0.0116    1.7586    0.0087
    0.0029    1.7586    0.0012    0.0000    1.7586   -0.0067
    0.0030    1.7586   -0.0145    0.0118    1.7586   -0.0219
    0.0263    1.7586   -0.0288    0.0464    1.7586   -0.0350
    0.0718    1.7586   -0.0406    0.1022    1.7586   -0.0453
    0.1373    1.7586   -0.0491    0.1766    1.7586   -0.0520
    0.2197    1.7586   -0.0538    0.2661    1.7586   -0.0547
    0.3153    1.7586   -0.0545    0.3666    1.7586   -0.0535
    0.4194    1.7586   -0.0516    0.4732    1.7586   -0.0489
    0.5274    1.7586   -0.0457    0.5812    1.7586   -0.0420
    0.6340    1.7586   -0.0379    0.6853    1.7586   -0.0336
    0.7344    1.7586   -0.0292    0.7808    1.7586   -0.0247
    0.8238    1.7586   -0.0203    0.8631    1.7586   -0.0162
    0.8981    1.7586   -0.0123    0.9285    1.7586   -0.0088
    0.9538    1.7586   -0.0057    0.9738    1.7586   -0.0033
    0.9883    1.7586   -0.0015    0.9971    1.7586   -0.0004
    1.0000    1.7586    0.0000
    1.0000    1.8621    0.0000    0.9971    1.8621    0.0003
    0.9883    1.8621    0.0013    0.9738    1.8621    0.0029
    0.9538    1.8621    0.0051    0.9284    1.8621    0.0078
    0.8980    1.8621    0.0109    0.8629    1.8621    0.0143
    0.8236    1.8621    0.0180    0.7804    1.8621    0.0218
    0.7340    1.8621    0.0256    0.6849    1.8621    0.0294
    0.6335    1.8621    0.0330    0.5806    1.8621    0.0364
    0.5268    1.8621    0.0393    0.4726    1.8621    0.0419
    0.4188    1.8621    0.0438    0.3659    1.8621    0.0449
    0.3146    1.8621    0.0453    0.2655    1.8621    0.0448
    0.2191    1.8621    0.0433    0.1760    1.8621    0.0409
    0.1367    1.8621    0.0375    0.1017    1.8621    0.0332
    0.0714    1.8621    0.0281    0.0460    1.8621    0.0222
    0.0260    1.8621    0.0157    0.0116    1.8621    0.0086
    0.0029    1.8621    0.0011    0.0000    1.8621   -0.0068
    0.0030    1.8621   -0.0146    0.0118    1.8621   -0.0220
    0.0263    1.8621   -0.0288    0.0464    1.8621   -0.0351
    0.0718    1.8621   -0.0406    0.1022    1.8621   -0.0454
    0.1373    1.8621   -0.0492    0.1766    1.8621   -0.0521
    0.2198    1.8621   -0.0539    0.2661    1.8621   -0.0547
    0.3153    1.8621   -0.0546    0.3666    1.8621   -0.0535
    0.4194    1.8621   -0.0516    0.4732    1.8621   -0.0490
    0.5274    1.8621   -0.0457    0.5812    1.8621   -0.0420
    0.6340    1.8621   -0.0379    0.6853    1.8621   -0.0336
    0.7344    1.8621   -0.0292    0.7808    1.8621   -0.0247
    0.8238    1.8621   -0.0204    0.8631    1.8621   -0.0162
    0.8981    1.8621   -0.0123    0.9285    1.8621   -0.0088
    0.9538    1.8621   -0.0057    0.9738    1.8621   -0.0033
    0.9883    1.8621   -0.0015    0.9971    1.8621   -0.0004
    1.0000    1.8621    0.0000
    1.0000    1.9655    0.0000    0.9971    1.9655    0.0003
    0.9883    1.9655    0.0013    0.9738    1.9655    0.0029
    0.9538    1.9655    0.0051    0.9284    1.9655    0.0078
    0.8980    1.9655    0.0109    0.8629    1.9655    0.0143
    0.8236    1.9655    0.0179    0.7804    1.9655    0.0217
    0.7340    1.9655    0.0256    0.6849    1.9655    0.0293
    0.6335    1.9655    0.0330    0.5806    1.9655    0.0363
    0.5268    1.9655    0.0393    0.4726    1.9655    0.0418
    0.4188    1.9655    0.0437    0.3659    1.9655    0.0449
    0.3146    1.9655    0.0453    0.2655    1.9655    0.0447
    0.2191    1.9655    0.0433    0.1760    1.9655    0.0408
    0.1367    1.9655    0.0374    0.1017    1.9655    0.0331
    0.0714    1.9655    0.0280    0.0460    1.9655    0.0221
    0.0260    1.9655    0.0156    0.0116    1.9655    0.0085
    0.0029    1.9655    0.0010    0.0000    1.9655   -0.0069
    0.0030    1.9655   -0.0147    0.0118    1.9655   -0.0221
    0.0263    1.9655   -0.0289    0.0464    1.9655   -0.0352
    0.0718    1.9655   -0.0407    0.1022    1.9655   -0.0454
    0.1373    1.9655   -0.0493    0.1766    1.9655   -0.0521
    0.2198    1.9655   -0.0540    0.2662    1.9655   -0.0548
    0.3153    1.9655   -0.0547    0.3666    1.9655   -0.0536
    0.4194    1.9655   -0.0517    0.4733    1.9655   -0.0490
    0.5274    1.9655   -0.0458    0.5812    1.9655   -0.0421
    0.6340    1.9655   -0.0380    0.6853    1.9655   -0.0337
    0.7344    1.9655   -0.0292    0.7808    1.9655   -0.0247
    0.8238    1.9655   -0.0204    0.8631    1.9655   -0.0162
    0.8981    1.9655   -0.0123    0.9285    1.9655   -0.0088
    0.9538    1.9655   -0.0058    0.9738    1.9655   -0.0033
    0.9883    1.9655   -0.0015    0.9971    1.9655   -0.0004
    1.0000    1.9655    0.0000
    1.0000    2.0690    0.0000    0.9971    2.0690    0.0003
    0.9883    2.0690    0.0013    0.9738    2.0690    0.0029
    0.9538    2.0690    0.0051    0.9284    2.0690    0.0078
    0.8980    2.0690    0.0109    0.8629    2.0690    0.0143
    0.8236    2.0690    0.0179    0.7804    2.0690    0.0217
    0.7340    2.0690    0.0255    0.6849    2.0690    0.0293
    0.6335    2.0690    0.0329    0.5806    2.0690    0.0363
    0.5268    2.0690    0.0393    0.4726    2.0690    0.0418
    0.4188    2.0690    0.0436    0.3659    2.0690    0.0448
    0.3146    2.0690    0.0452    0.2655    2.0690    0.0447
    0.2191    2.0690    0.0432    0.1760    2.0690    0.0408
    0.1367    2.0690    0.0374    0.1017    2.0690    0.0330
    0.0714    2.0690    0.0279    0.0460    2.0690    0.0220
    0.0260    2.0690    0.0155    0.0116    2.0690    0.0084
    0.0029    2.0690    0.0009    0.0000    2.0690   -0.0070
    0.0030    2.0690   -0.0148    0.0118    2.0690   -0.0222
    0.0264    2.0690   -0.0290    0.0464    2.0690   -0.0353
    0.0718    2.0690   -0.0408    0.1022    2.0690   -0.0455
    0.1373    2.0690   -0.0494    0.1767    2.0690   -0.0522
    0.2198    2.0690   -0.0541    0.2662    2.0690   -0.0549
    0.3153    2.0690   -0.0547    0.3666    2.0690   -0.0536
    0.4195    2.0690   -0.0517    0.4733    2.0690   -0.0491
    0.5274    2.0690   -0.0458    0.5812    2.0690   -0.0421
    0.6340    2.0690   -0.0380    0.6853    2.0690   -0.0337
    0.7344    2.0690   -0.0292    0.7808    2.0690   -0.0248
    0.8238    2.0690   -0.0204    0.8631    2.0690   -0.0162
    0.8981    2.0690   -0.0123    0.9285    2.0690   -0.0088
    0.9538    2.0690   -0.0058    0.9738    2.0690   -0.0033
    0.9883    2.0690   -0.0015    0.9971    2.0690   -0.0004
    1.0000    2.0690    0.0000
    1.0000    2.1724    0.0000    0.9971    2.1724    0.0003
    0.9883    2.1724    0.0013    0.9738    2.1724    0.0029
    0.9538    2.1724    0.0051    0.9284    2.1724    0.0078
    0.8980    2.1724    0.0109    0.8629    2.1724    0.0143
    0.8236    2.1724    0.0179    0.7804    2.1724    0.0217
    0.7340    2.1724    0.0255    0.6849    2.1724    0.0293
    0.6335    2.1724    0.0329    0.5806    2.1724    0.0362
    0.5268    2.1724    0.0392    0.4726    2.1724    0.0417
    0.4188    2.1724    0.0436    0.3659    2.1724    0.0448
    0.3146    2.1724    0.0451    0.2655    2.1724    0.0446
    0.2191    2.1724    0.0431    0.1760    2.1724    0.0407
    0.1367    2.1724    0.0373    0.1017    2.1724    0.0329
    0.0714    2.1724    0.0278    0.0460    2.1724    0.0219
    0.0260    2.1724    0.0154    0.0116    2.1724    0.0083
    0.0029    2.1724    0.0008    0.0000    2.1724   -0.0071
    0.0030    2.1724   -0.0149    0.0118    2.1724   -0.0223
    0.0264    2.1724   -0.0291    0.0464    2.1724   -0.0354
    0.0718    2.1724   -0.0409    0.1023    2.1724   -0.0456
    0.1373    2.1724   -0.0495    0.1767    2.1724   -0.0523
    0.2198    2.1724   -0.0541    0.2662    2.1724   -0.0550
    0.3153    2.1724   -0.0548    0.3666    2.1724   -0.0537
    0.4195    2.1724   -0.0518    0.4733    2.1724   -0.0491
    0.5274    2.1724   -0.0459    0.5812    2.1724   -0.0422
    0.6340    2.1724   -0.0381    0.6853    2.1724   -0.0337
    0.7344    2.1724   -0.0293    0.7808    2.1724   -0.0248
    0.8238    2.1724   -0.0204    0.8631    2.1724   -0.0162
    0.8981    2.1724   -0.0123    0.9285    2.1724   -0.0088
    0.9538    2.1724   -0.0058    0.9738    2.1724   -0.0033
    0.9883    2.1724   -0.0015    0.9971    2.1724   -0.0004
    1.0000    2.1724    0.0000
    1.0000    2.2759    0.0000    0.9971    2.2759    0.0003
    0.9883    2.2759    0.0013    0.9738    2.2759    0.0029
    0.9537    2.2759    0.0051    0.9284    2.2759    0.0078
    0.8980    2.2759    0.0108    0.8629    2.2759    0.0143
    0.8236    2.2759    0.0179    0.7804    2.2759    0.0217
    0.7340    2.2759    0.0255    0.6849    2.2759    0.0292
    0.6335    2.2759    0.0328    0.5806    2.2759    0.0362
    0.5268    2.2759    0.0391    0.4726    2.2759    0.0416
    0.4188    2.2759    0.0435    0.3659    2.2759    0.0447
    0.3146    2.2759    0.0450    0.2655    2.2759    0.0445
    0.2191    2.2759    0.0430    0.1760    2.2759    0.0406
    0.1367    2.2759    0.0371    0.1017    2.2759    0.0328
    0.0713    2.2759    0.0277    0.0460    2.2759    0.0218
    0.0260    2.2759    0.0152    0.0116    2.2759    0.0082
    0.0029    2.2759    0.0007    0.0000    2.2759   -0.0072
    0.0030    2.2759   -0.0150    0.0118    2.2759   -0.0224
    0.0264    2.2759   -0.0293    0.0464    2.2759   -0.0355
    0.0718    2.2759   -0.0410    0.1023    2.2759   -0.0458
    0.1373    2.2759   -0.0496    0.1767    2.2759   -0.0524
    0.2198    2.2759   -0.0542    0.2662    2.2759   -0.0551
    0.3153    2.2759   -0.0549    0.3666    2.2759   -0.0538
    0.4195    2.2759   -0.0519    0.4733    2.2759   -0.0492
    0.5274    2.2759   -0.0460    0.5812    2.2759   -0.0422
    0.6340    2.2759   -0.0381    0.6853    2.2759   -0.0338
    0.7344    2.2759   -0.0293    0.7808    2.2759   -0.0248
    0.8238    2.2759   -0.0204    0.8631    2.2759   -0.0162
    0.8981    2.2759   -0.0123    0.9285    2.2759   -0.0088
    0.9538    2.2759   -0.0058    0.9738    2.2759   -0.0033
    0.9883    2.2759   -0.0015    0.9971    2.2759   -0.0004
    1.0000    2.2759    0.0000
    1.0000    2.3793    0.0000    0.9971    2.3793    0.0003
    0.9883    2.3793    0.0013    0.9738    2.3793    0.0029
    0.9537    2.3793    0.0051    0.9284    2.3793    0.0078
    0.8980    2.3793    0.0108    0.8629    2.3793    0.0142
    0.8236    2.3793    0.0179    0.7804    2.3793    0.0216
    0.7340    2.3793    0.0254    0.6848    2.3793    0.0292
    0.6335    2.3793    0.0328    0.5806    2.3793    0.0361
    0.5268    2.3793    0.0391    0.4726    2.3793    0.0415
    0.4188    2.3793    0.0434    0.3659    2.3793    0.0446
    0.3146    2.3793    0.0449    0.2654    2.3793    0.0444
    0.2191    2.3793    0.0429    0.1760    2.3793    0.0404
    0.1367    2.3793    0.0370    0.1017    2.3793    0.0327
    0.0713    2.3793    0.0275    0.0460    2.3793    0.0216
    0.0260    2.3793    0.0151    0.0116    2.3793    0.0080
    0.0029    2.3793    0.0005    0.0000    2.3793   -0.0073
    0.0030    2.3793   -0.0152    0.0118    2.3793   -0.0225
    0.0264    2.3793   -0.0294    0.0464    2.3793   -0.0356
    0.0718    2.3793   -0.0412    0.1023    2.3793   -0.0459
    0.1373    2.3793   -0.0497    0.1767    2.3793   -0.0525
    0.2198    2.3793   -0.0544    0.2662    2.3793   -0.0552
    0.3153    2.3793   -0.0550    0.3666    2.3793   -0.0539
    0.4195    2.3793   -0.0520    0.4733    2.3793   -0.0493
    0.5274    2.3793   -0.0460    0.5812    2.3793   -0.0423
    0.6340    2.3793   -0.0382    0.6853    2.3793   -0.0338
    0.7344    2.3793   -0.0293    0.7808    2.3793   -0.0249
    0.8238    2.3793   -0.0205    0.8631    2.3793   -0.0162
    0.8981    2.3793   -0.0123    0.9285    2.3793   -0.0088
    0.9538    2.3793   -0.0058    0.9739    2.3793   -0.0033
    0.9883    2.3793   -0.0015    0.9971    2.3793   -0.0004
    1.0000    2.3793    0.0000
    1.0000    2.4828    0.0000    0.9971    2.4828    0.0003
    0.9883    2.4828    0.0013    0.9738    2.4828    0.0029
    0.9537    2.4828    0.0051    0.9284    2.4828    0.0077
    0.8980    2.4828    0.0108    0.8629    2.4828    0.0142
    0.8236    2.4828    0.0178    0.7804    2.4828    0.0216
    0.7340    2.4828    0.0254    0.6848    2.4828    0.0291
    0.6335    2.4828    0.0327    0.5806    2.4828    0.0360
    0.5268    2.4828    0.0390    0.4726    2.4828    0.0415
    0.4188    2.4828    0.0433    0.3659    2.4828    0.0445
    0.3146    2.4828    0.0448    0.2654    2.4828    0.0443
    0.2191    2.4828    0.0428    0.1760    2.4828    0.0403
    0.1367    2.4828    0.0369    0.1017    2.4828    0.0325
    0.0713    2.4828    0.0274    0.0460    2.4828    0.0215
    0.0260    2.4828    0.0149    0.0116    2.4828    0.0079
    0.0029    2.4828    0.0004    0.0000    2.4828   -0.0075
    0.0030    2.4828   -0.0153    0.0118    2.4828   -0.0227
    0.0264    2.4828   -0.0296    0.0465    2.4828   -0.0358
    0.0719    2.4828   -0.0413    0.1023    2.4828   -0.0460
    0.1374    2.4828   -0.0498    0.1767    2.4828   -0.0527
    0.2198    2.4828   -0.0545    0.2662    2.4828   -0.0553
    0.3153    2.4828   -0.0551    0.3666    2.4828   -0.0540
    0.4195    2.4828   -0.0520    0.4733    2.4828   -0.0494
    0.5274    2.4828   -0.0461    0.5812    2.4828   -0.0423
    0.6340    2.4828   -0.0382    0.6853    2.4828   -0.0339
    0.7344    2.4828   -0.0294    0.7808    2.4828   -0.0249
    0.8238    2.4828   -0.0205    0.8631    2.4828   -0.0163
    0.8981    2.4828   -0.0123    0.9285    2.4828   -0.0088
    0.9538    2.4828   -0.0058    0.9739    2.4828   -0.0033
    0.9883    2.4828   -0.0015    0.9971    2.4828   -0.0004
    1.0000    2.4828    0.0000
    1.0000    2.5862    0.0000    0.9971    2.5862    0.0003
    0.9883    2.5862    0.0013    0.9738    2.5862    0.0029
    0.9537    2.5862    0.0051    0.9284    2.5862    0.0077
    0.8980    2.5862    0.0108    0.8629    2.5862    0.0142
    0.8236    2.5862    0.0178    0.7804    2.5862    0.0216
    0.7340    2.5862    0.0253    0.6848    2.5862    0.0291
    0.6335    2.5862    0.0327    0.5806    2.5862    0.0360
    0.5268    2.5862    0.0389    0.4726    2.5862    0.0414
    0.4188    2.5862    0.0432    0.3659    2.5862    0.0444
    0.3146    2.5862    0.0447    0.2654    2.5862    0.0441
    0.2191    2.5862    0.0426    0.1760    2.5862    0.0401
    0.1367    2.5862    0.0367    0.1017    2.5862    0.0324
    0.0713    2.5862    0.0272    0.0460    2.5862    0.0213
    0.0260    2.5862    0.0148    0.0116    2.5862    0.0077
    0.0029    2.5862    0.0002    0.0000    2.5862   -0.0077
    0.0030    2.5862   -0.0155    0.0118    2.5862   -0.0229
    0.0264    2.5862   -0.0297    0.0465    2.5862   -0.0360
    0.0719    2.5862   -0.0415    0.1023    2.5862   -0.0462
    0.1374    2.5862   -0.0500    0.1767    2.5862   -0.0528
    0.2198    2.5862   -0.0546    0.2662    2.5862   -0.0554
    0.3153    2.5862   -0.0552    0.3666    2.5862   -0.0541
    0.4195    2.5862   -0.0522    0.4733    2.5862   -0.0495
    0.5274    2.5862   -0.0462    0.5812    2.5862   -0.0424
    0.6340    2.5862   -0.0383    0.6853    2.5862   -0.0339
    0.7344    2.5862   -0.0294    0.7808    2.5862   -0.0249
    0.8238    2.5862   -0.0205    0.8631    2.5862   -0.0163
    0.8981    2.5862   -0.0124    0.9285    2.5862   -0.0088
    0.9538    2.5862   -0.0058    0.9739    2.5862   -0.0033
    0.9883    2.5862   -0.0015    0.9971    2.5862   -0.0004
    1.0000    2.5862    0.0000
    1.0000    2.6897    0.0000    0.9971    2.6897    0.0003
    0.9883    2.6897    0.0013    0.9738    2.6897    0.0029
    0.9537    2.6897    0.0051    0.9284    2.6897    0.0077
    0.8980    2.6897    0.0108    0.8629    2.6897    0.0142
    0.8235    2.6897    0.0178    0.7804    2.6897    0.0215
    0.7340    2.6897    0.0253    0.6848    2.6897    0.0290
    0.6335    2.6897    0.0326    0.5806    2.6897    0.0359
    0.5267    2.6897    0.0388    0.4726    2.6897    0.0413
    0.4188    2.6897    0.0431    0.3659    2.6897    0.0442
    0.3146    2.6897    0.0445    0.2654    2.6897    0.0440
    0.2190    2.6897    0.0425    0.1760    2.6897    0.0400
    0.1367    2.6897    0.0365    0.1017    2.6897    0.0322
    0.0713    2.6897    0.0270    0.0460    2.6897    0.0211
    0.0260    2.6897    0.0146    0.0116    2.6897    0.0075
    0.0029    2.6897   -0.0000    0.0000    2.6897   -0.0079
    0.0030    2.6897   -0.0157    0.0118    2.6897   -0.0231
    0.0264    2.6897   -0.0299    0.0465    2.6897   -0.0362
    0.0719    2.6897   -0.0417    0.1023    2.6897   -0.0464
    0.1374    2.6897   -0.0502    0.1767    2.6897   -0.0530
    0.2198    2.6897   -0.0548    0.2662    2.6897   -0.0556
    0.3153    2.6897   -0.0554    0.3666    2.6897   -0.0542
    0.4195    2.6897   -0.0523    0.4733    2.6897   -0.0496
    0.5274    2.6897   -0.0463    0.5812    2.6897   -0.0425
    0.6341    2.6897   -0.0384    0.6853    2.6897   -0.0340
    0.7344    2.6897   -0.0295    0.7808    2.6897   -0.0250
    0.8239    2.6897   -0.0206    0.8631    2.6897   -0.0163
    0.8981    2.6897   -0.0124    0.9285    2.6897   -0.0089
    0.9538    2.6897   -0.0058    0.9739    2.6897   -0.0033
    0.9883    2.6897   -0.0015    0.9971    2.6897   -0.0004
    1.0000    2.6897    0.0000
    1.0000    2.7931    0.0000    0.9971    2.7931    0.0003
    0.9883    2.7931    0.0013    0.9738    2.7931    0.0029
    0.9537    2.7931    0.0051    0.9284    2.7931    0.0077
    0.8980    2.7931    0.0108    0.8629    2.7931    0.0141
    0.8235    2.7931    0.0177    0.7804    2.7931    0.0215
    0.7340    2.7931    0.0252    0.6848    2.7931    0.0289
    0.6335    2.7931    0.0325    0.5806    2.7931    0.0358
    0.5267    2.7931    0.0387    0.4726    2.7931    0.0411
    0.4187    2.7931    0.0430    0.3659    2.7931    0.0441
    0.3145    2.7931    0.0444    0.2654    2.7931    0.0438
    0.2190    2.7931    0.0423    0.1760    2.7931    0.0398
    0.1367    2.7931    0.0363    0.1017    2.7931    0.0320
    0.0713    2.7931    0.0268    0.0460    2.7931    0.0209
    0.0260    2.7931    0.0143    0.0116    2.7931    0.0073
    0.0029    2.7931   -0.0003    0.0000    2.7931   -0.0081
    0.0030    2.7931   -0.0160    0.0118    2.7931   -0.0233
    0.0264    2.7931   -0.0302    0.0465    2.7931   -0.0364
    0.0719    2.7931   -0.0419    0.1023    2.7931   -0.0466
    0.1374    2.7931   -0.0504    0.1767    2.7931   -0.0532
    0.2198    2.7931   -0.0550    0.2662    2.7931   -0.0557
    0.3154    2.7931   -0.0555    0.3667    2.7931   -0.0544
    0.4195    2.7931   -0.0524    0.4733    2.7931   -0.0497
    0.5274    2.7931   -0.0464    0.5812    2.7931   -0.0426
    0.6341    2.7931   -0.0384    0.6853    2.7931   -0.0341
    0.7344    2.7931   -0.0295    0.7808    2.7931   -0.0250
    0.8239    2.7931   -0.0206    0.8631    2.7931   -0.0164
    0.8981    2.7931   -0.0124    0.9285    2.7931   -0.0089
    0.9538    2.7931   -0.0058    0.9739    2.7931   -0.0033
    0.9883    2.7931   -0.0015    0.9971    2.7931   -0.0004
    1.0000    2.7931    0.0000
    1.0000    2.8966    0.0000    0.9971    2.8966    0.0003
    0.9883    2.8966    0.0013    0.9738    2.8966    0.0029
    0.9537    2.8966    0.0050    0.9284    2.8966    0.0077
    0.8980    2.8966    0.0107    0.8629    2.8966    0.0141
    0.8235    2.8966    0.0177    0.7804    2.8966    0.0214
    0.7340    2.8966    0.0252    0.6848    2.8966    0.0289
    0.6335    2.8966    0.0324    0.5806    2.8966    0.0357
    0.5267    2.8966    0.0386    0.4726    2.8966    0.0410
    0.4187    2.8966    0.0428    0.3658    2.8966    0.0439
    0.3145    2.8966    0.0442    0.2654    2.8966    0.0436
    0.2190    2.8966    0.0421    0.1759    2.8966    0.0396
    0.1367    2.8966    0.0361    0.1017    2.8966    0.0318
    0.0713    2.8966    0.0266    0.0460    2.8966    0.0206
    0.0260    2.8966    0.0141    0.0116    2.8966    0.0070
    0.0029    2.8966   -0.0005    0.0000    2.8966   -0.0084
    0.0030    2.8966   -0.0162    0.0119    2.8966   -0.0236
    0.0264    2.8966   -0.0304    0.0465    2.8966   -0.0366
    0.0719    2.8966   -0.0421    0.1023    2.8966   -0.0468
    0.1374    2.8966   -0.0506    0.1767    2.8966   -0.0534
    0.2198    2.8966   -0.0552    0.2662    2.8966   -0.0559
    0.3154    2.8966   -0.0557    0.3667    2.8966   -0.0546
    0.4195    2.8966   -0.0526    0.4733    2.8966   -0.0498
    0.5274    2.8966   -0.0465    0.5812    2.8966   -0.0427
    0.6341    2.8966   -0.0385    0.6853    2.8966   -0.0341
    0.7344    2.8966   -0.0296    0.7808    2.8966   -0.0251
    0.8239    2.8966   -0.0206    0.8631    2.8966   -0.0164
    0.8981    2.8966   -0.0124    0.9285    2.8966   -0.0089
    0.9538    2.8966   -0.0058    0.9739    2.8966   -0.0033
    0.9883    2.8966   -0.0015    0.9971    2.8966   -0.0004
    1.0000    2.8966    0.0000
    1.0000    3.0000    0.0000    0.9971    3.0000    0.0003
    0.9883    3.0000    0.0013    0.9738    3.0000    0.0029
    0.9537    3.0000    0.0050    0.9284    3.0000    0.0077
    0.8979    3.0000    0.0107    0.8629    3.0000    0.0141
    0.8235    3.0000    0.0176    0.7804    3.0000    0.0213
    0.7340    3.0000    0.0251    0.6848    3.0000    0.0288
    0.6335    3.0000    0.0323    0.5806    3.0000    0.0356
    0.5267    3.0000    0.0384    0.4726    3.0000    0.0408
    0.4187    3.0000    0.0426    0.3658    3.0000    0.0437
    0.3145    3.0000    0.0440    0.2654    3.0000    0.0434
    0.2190    3.0000    0.0419    0.1759    3.0000    0.0393
    0.1367    3.0000    0.0359    0.1016    3.0000    0.0315
    0.0713    3.0000    0.0263    0.0460    3.0000    0.0204
    0.0260    3.0000    0.0138    0.0116    3.0000    0.0067
    0.0029    3.0000   -0.0008    0.0000    3.0000   -0.0087
    0.0030    3.0000   -0.0165    0.0119    3.0000   -0.0239
    0.0264    3.0000   -0.0307    0.0465    3.0000   -0.0369
    0.0719    3.0000   -0.0424    0.1023    3.0000   -0.0471
    0.1374    3.0000   -0.0508    0.1767    3.0000   -0.0536
    0.2199    3.0000   -0.0554    0.2663    3.0000   -0.0561
    0.3154    3.0000   -0.0559    0.3667    3.0000   -0.0547
    0.4195    3.0000   -0.0527    0.4733    3.0000   -0.0500
    0.5275    3.0000   -0.0466    0.5812    3.0000   -0.0428
    0.6341    3.0000   -0.0386    0.6854    3.0000   -0.0342
    0.7345    3.0000   -0.0297    0.7808    3.0000   -0.0251
    0.8239    3.0000   -0.0207    0.8631    3.0000   -0.0164
    0.8982    3.0000   -0.0125    0.9285    3.0000   -0.0089
    0.9538    3.0000   -0.0058    0.9739    3.0000   -0.0033
    0.9883    3.0000   -0.0015    0.9971    3.0000   -0.0004
    1.0000    3.0000    0.0000
$POINTS for network #  2   wingtip                                           
       1.0
       1.0                                     0.0       0.0
      30.0       8.0                                                  wingtip   
    1.0000    3.0000    0.0000    0.9971    3.0000    0.0003
    0.9883    3.0000    0.0013    0.9738    3.0000    0.0029
    0.9537    3.0000    0.0050    0.9284    3.0000    0.0077
    0.8979    3.0000    0.0107    0.8629    3.0000    0.0141
    0.8235    3.0000    0.0176    0.7804    3.0000    0.0213
    0.7340    3.0000    0.0251    0.6848    3.0000    0.0288
    0.6335    3.0000    0.0323    0.5806    3.0000    0.0356
    0.5267    3.0000    0.0384    0.4726    3.0000    0.0408
    0.4187    3.0000    0.0426    0.3658    3.0000    0.0437
    0.3145    3.0000    0.0440    0.2654    3.0000    0.0434
    0.2190    3.0000    0.0419    0.1759    3.0000    0.0393
    0.1367    3.0000    0.0359    0.1016    3.0000    0.0315
    0.0713    3.0000    0.0263    0.0460    3.0000    0.0204
    0.0260    3.0000    0.0138    0.0116    3.0000    0.0067
    0.0029    3.0000   -0.0008    0.0000    3.0000   -0.0087
    1.0000    3.0000    0.0000    0.9971    3.0002    0.0003
    0.9883    3.0006    0.0012    0.9738    3.0014    0.0026
    0.9537    3.0024    0.0045    0.9284    3.0036    0.0068
    0.8980    3.0050    0.0096    0.8629    3.0066    0.0125
    0.8236    3.0083    0.0157    0.7804    3.0101    0.0190
    0.7340    3.0119    0.0224    0.6848    3.0137    0.0256
    0.6335    3.0154    0.0288    0.5806    3.0170    0.0317
    0.5268    3.0185    0.0342    0.4726    3.0197    0.0363
    0.4188    3.0207    0.0379    0.3659    3.0214    0.0389
    0.3146    3.0217    0.0391    0.2654    3.0216    0.0385
    0.2191    3.0211    0.0370    0.1760    3.0202    0.0347
    0.1367    3.0188    0.0316    0.1017    3.0170    0.0276
    0.0713    3.0149    0.0229    0.0460    3.0124    0.0175
    0.0260    3.0097    0.0116    0.0116    3.0066    0.0052
    0.0029    3.0034   -0.0016    0.0000    3.0000   -0.0087
    1.0000    3.0000    0.0000    0.9971    3.0003    0.0002
    0.9883    3.0011    0.0008    0.9738    3.0024    0.0017
    0.9538    3.0042    0.0030    0.9284    3.0065    0.0045
    0.8980    3.0091    0.0063    0.8629    3.0119    0.0083
    0.8236    3.0150    0.0104    0.7805    3.0182    0.0126
    0.7341    3.0214    0.0148    0.6849    3.0246    0.0169
    0.6336    3.0277    0.0189    0.5807    3.0306    0.0208
    0.5269    3.0333    0.0224    0.4727    3.0355    0.0237
    0.4189    3.0373    0.0247    0.3660    3.0385    0.0252
    0.3147    3.0391    0.0252    0.2656    3.0389    0.0247
    0.2192    3.0380    0.0236    0.1761    3.0363    0.0218
    0.1368    3.0339    0.0196    0.1018    3.0307    0.0167
    0.0714    3.0269    0.0134    0.0461    3.0224    0.0096
    0.0261    3.0174    0.0054    0.0116    3.0120    0.0010
    0.0029    3.0061   -0.0038    0.0000    3.0000   -0.0087
    1.0000    3.0000    0.0000    0.9971    3.0003    0.0001
    0.9883    3.0014    0.0002    0.9738    3.0030    0.0005
    0.9538    3.0053    0.0008    0.9284    3.0081    0.0012
    0.8980    3.0113    0.0017    0.8630    3.0149    0.0022
    0.8237    3.0187    0.0027    0.7806    3.0227    0.0033
    0.7342    3.0267    0.0038    0.6850    3.0307    0.0043
    0.6337    3.0346    0.0047    0.5808    3.0382    0.0051
    0.5270    3.0415    0.0054    0.4729    3.0443    0.0055
    0.4190    3.0465    0.0056    0.3662    3.0480    0.0055
    0.3149    3.0487    0.0052    0.2657    3.0485    0.0047
    0.2193    3.0474    0.0041    0.1762    3.0453    0.0032
    0.1370    3.0423    0.0022    0.1019    3.0383    0.0010
    0.0715    3.0335   -0.0004    0.0462    3.0279   -0.0019
    0.0262    3.0217   -0.0035    0.0117    3.0149   -0.0052
    0.0030    3.0077   -0.0069    0.0000    3.0000   -0.0087
    1.0000    3.0000    0.0000    0.9971    3.0003   -0.0001
    0.9883    3.0014   -0.0004    0.9738    3.0030   -0.0009
    0.9538    3.0053   -0.0016    0.9284    3.0081   -0.0025
    0.8981    3.0113   -0.0035    0.8630    3.0149   -0.0046
    0.8237    3.0187   -0.0058    0.7806    3.0227   -0.0071
    0.7343    3.0267   -0.0084    0.6851    3.0307   -0.0097
    0.6338    3.0346   -0.0111    0.5810    3.0382   -0.0124
    0.5272    3.0415   -0.0136    0.4730    3.0443   -0.0147
    0.4192    3.0465   -0.0156    0.3664    3.0480   -0.0165
    0.3151    3.0487   -0.0171    0.2659    3.0485   -0.0174
    0.2195    3.0474   -0.0176    0.1764    3.0453   -0.0175
    0.1371    3.0423   -0.0171    0.1021    3.0383   -0.0165
    0.0717    3.0335   -0.0157    0.0463    3.0279   -0.0146
    0.0263    3.0217   -0.0134    0.0118    3.0149   -0.0120
    0.0030    3.0077   -0.0104    0.0000    3.0000   -0.0087
    1.0000    3.0000    0.0000    0.9971    3.0003   -0.0002
    0.9883    3.0011   -0.0010    0.9738    3.0024   -0.0022
    0.9538    3.0042   -0.0038    0.9285    3.0065   -0.0058
    0.8981    3.0091   -0.0081    0.8631    3.0119   -0.0107
    0.8238    3.0150   -0.0135    0.7807    3.0182   -0.0164
    0.7344    3.0214   -0.0194    0.6853    3.0246   -0.0224
    0.6340    3.0277   -0.0253    0.5811    3.0306   -0.0281
    0.5273    3.0333   -0.0306    0.4732    3.0355   -0.0329
    0.4194    3.0373   -0.0348    0.3665    3.0385   -0.0362
    0.3152    3.0391   -0.0371    0.2661    3.0389   -0.0374
    0.2197    3.0380   -0.0371    0.1766    3.0363   -0.0361
    0.1373    3.0339   -0.0345    0.1022    3.0307   -0.0323
    0.0718    3.0269   -0.0295    0.0464    3.0224   -0.0261
    0.0263    3.0174   -0.0223    0.0118    3.0120   -0.0181
    0.0030    3.0061   -0.0135    0.0000    3.0000   -0.0087
    1.0000    3.0000    0.0000    0.9971    3.0002   -0.0003
    0.9883    3.0006   -0.0014    0.9739    3.0014   -0.0030
    0.9538    3.0024   -0.0053    0.9285    3.0036   -0.0081
    0.8981    3.0050   -0.0113    0.8631    3.0066   -0.0149
    0.8238    3.0083   -0.0188    0.7808    3.0101   -0.0228
    0.7344    3.0119   -0.0270    0.6853    3.0137   -0.0311
    0.6341    3.0154   -0.0351    0.5812    3.0170   -0.0389
    0.5274    3.0185   -0.0424    0.4733    3.0197   -0.0455
    0.4195    3.0207   -0.0480    0.3666    3.0214   -0.0499
    0.3153    3.0217   -0.0510    0.2662    3.0216   -0.0512
    0.2198    3.0211   -0.0506    0.1767    3.0202   -0.0490
    0.1374    3.0188   -0.0466    0.1023    3.0170   -0.0432
    0.0719    3.0149   -0.0390    0.0465    3.0124   -0.0341
    0.0264    3.0097   -0.0285    0.0118    3.0066   -0.0223
    0.0030    3.0034   -0.0157    0.0000    3.0000   -0.0087
    1.0000    3.0000    0.0000    0.9971    3.0000   -0.0004
    0.9883    3.0000   -0.0015    0.9739    3.0000   -0.0033
    0.9538    3.0000   -0.0058    0.9285    3.0000   -0.0089
    0.8982    3.0000   -0.0125    0.8631    3.0000   -0.0164
    0.8239    3.0000   -0.0207    0.7808    3.0000   -0.0251
    0.7345    3.0000   -0.0297    0.6854    3.0000   -0.0342
    0.6341    3.0000   -0.0386    0.5812    3.0000   -0.0428
    0.5275    3.0000   -0.0466    0.4733    3.0000   -0.0500
    0.4195    3.0000   -0.0527    0.3667    3.0000   -0.0547
    0.3154    3.0000   -0.0559    0.2663    3.0000   -0.0561
    0.2199    3.0000   -0.0554    0.1767    3.0000   -0.0536
    0.1374    3.0000   -0.0508    0.1023    3.0000   -0.0471
    0.0719    3.0000   -0.0424    0.0465    3.0000   -0.0369
    0.0264    3.0000   -0.0307    0.0119    3.0000   -0.0239
    0.0030    3.0000   -0.0165    0.0000    3.0000   -0.0087
$POINTS for network #  3   wingwake                                          
       1.0
      18.0                                     0.0       0.0
       2.0      30.0                                                  wingwake  
    1.0000    0.0000    0.0000   50.0000    0.0000    0.0000
    1.0000    0.1034    0.0000   50.0000    0.1034    0.0000
    1.0000    0.2069    0.0000   50.0000    0.2069    0.0000
    1.0000    0.3103    0.0000   50.0000    0.3103    0.0000
    1.0000    0.4138    0.0000   50.0000    0.4138    0.0000
    1.0000    0.5172    0.0000   50.0000    0.5172    0.0000
    1.0000    0.6207    0.0000   50.0000    0.6207    0.0000
    1.0000    0.7241    0.0000   50.0000    0.7241    0.0000
    1.0000    0.8276    0.0000   50.0000    0.8276    0.0000
    1.0000    0.9310    0.0000   50.0000    0.9310    0.0000
    1.0000    1.0345    0.0000   50.0000    1.0345    0.0000
    1.0000    1.1379    0.0000   50.0000    1.1379    0.0000
    1.0000    1.2414    0.0000   50.0000    1.2414    0.0000
    1.0000    1.3448    0.0000   50.0000    1.3448    0.0000
    1.0000    1.4483    0.0000   50.0000    1.4483    0.0000
    1.0000    1.5517    0.0000   50.0000    1.5517    0.0000
    1.0000    1.6552    0.0000   50.0000    1.6552    0.0000
    1.0000    1.7586    0.0000   50.0000    1.7586    0.0000
    1.0000    1.8621    0.0000   50.0000    1.8621    0.0000
    1.0000    1.9655    0.0000   50.0000    1.9655    0.0000
    1.0000    2.0690    0.0000   50.0000    2.0690    0.0000
    1.0000    2.1724    0.0000   50.0000    2.1724    0.0000
    1.0000    2.2759    0.0000   50.0000    2.2759    0.0000
    1.0000    2.3793    0.0000   50.0000    2.3793    0.0000
    1.0000    2.4828    0.0000   50.0000    2.4828    0.0000
    1.0000    2.5862    0.0000   50.0000    2.5862    0.0000
    1.0000    2.6897    0.0000   50.0000    2.6897    0.0000
    1.0000    2.7931    0.0000   50.0000    2.7931    0.0000
    1.0000    2.8966    0.0000   50.0000    2.8966    0.0000
    1.0000    3.0000    0.0000   50.0000    3.0000    0.0000
$END OF INPUT DATA
