$TITLE    Created by panin, version 1.0 (4Jan2000) on                
INPUT FILE FOR PanAir (A502-ht2)                                                
Created by PANIN                                                                
$DATACHECK
    0.0000
$SYM
    1.0000    0.0000
$MACH NUMBER
    0.5000
$CASES
    1.0000
$ANGLES OF ATTACK
    0.0000
    7.4200
$YAW ANGLES
    0.0000
    0.0000
$REFERENCE DATA FOR 3-D FORCES AND MOMENTS
    0.2500    0.0000    0.0000    1.0000
    6.0000    6.0000    1.0000    6.0000
$PRINTOUT CONTROL
       0.0       0.0       0.0       0.0       0.0       0.0
       0.0       0.0       0.0       0.0       0.0       0.0
$EAT
  0.000000       0.0       0.0       0.0       0.0       0.0
$VELOCITY CORRECTION
    0.0000
$POINTS for network #  1   wing                                              
       1.0
       1.0                                     0.0       0.0
      59.0      30.0                                                  wing      
    1.0000    0.0000    0.0000    0.9971    0.0000    0.0004
    0.9883    0.0000    0.0014    0.9738    0.0000    0.0031
    0.9538    0.0000    0.0054    0.9284    0.0000    0.0083
    0.8980    0.0000    0.0116    0.8630    0.0000    0.0152
    0.8237    0.0000    0.0192    0.7806    0.0000    0.0232
    0.7342    0.0000    0.0274    0.6851    0.0000    0.0315
    0.6338    0.0000    0.0355    0.5809    0.0000    0.0392
    0.5271    0.0000    0.0425    0.4729    0.0000    0.0454
    0.4191    0.0000    0.0477    0.3662    0.0000    0.0492
    0.3149    0.0000    0.0500    0.2658    0.0000    0.0498
    0.2194    0.0000    0.0486    0.1763    0.0000    0.0465
    0.1370    0.0000    0.0434    0.1020    0.0000    0.0393
    0.0716    0.0000    0.0344    0.0462    0.0000    0.0286
    0.0262    0.0000    0.0222    0.0117    0.0000    0.0153
    0.0029    0.0000    0.0079    0.0000    0.0000    0.0000
    0.0029    0.0000   -0.0079    0.0117    0.0000   -0.0153
    0.0262    0.0000   -0.0222    0.0462    0.0000   -0.0286
    0.0716    0.0000   -0.0344    0.1020    0.0000   -0.0393
    0.1370    0.0000   -0.0434    0.1763    0.0000   -0.0465
    0.2194    0.0000   -0.0486    0.2658    0.0000   -0.0498
    0.3149    0.0000   -0.0500    0.3662    0.0000   -0.0492
    0.4191    0.0000   -0.0477    0.4729    0.0000   -0.0454
    0.5271    0.0000   -0.0425    0.5809    0.0000   -0.0392
    0.6338    0.0000   -0.0355    0.6851    0.0000   -0.0315
    0.7342    0.0000   -0.0274    0.7806    0.0000   -0.0232
    0.8237    0.0000   -0.0192    0.8630    0.0000   -0.0152
    0.8980    0.0000   -0.0116    0.9284    0.0000   -0.0083
    0.9538    0.0000   -0.0054    0.9738    0.0000   -0.0031
    0.9883    0.0000   -0.0014    0.9971    0.0000   -0.0004
    1.0000    0.0000    0.0000
    1.0000    0.1034    0.0000    0.9971    0.1034    0.0003
    0.9883    0.1034    0.0011    0.9737    0.1034    0.0023
    0.9536    0.1034    0.0040    0.9282    0.1034    0.0061
    0.8977    0.1034    0.0085    0.8626    0.1034    0.0111
    0.8232    0.1034    0.0138    0.7800    0.1034    0.0166
    0.7335    0.1034    0.0193    0.6843    0.1034    0.0220
    0.6329    0.1034    0.0244    0.5799    0.1034    0.0265
    0.5260    0.1034    0.0282    0.4718    0.1034    0.0295
    0.4179    0.1034    0.0301    0.3650    0.1034    0.0301
    0.3137    0.1034    0.0292    0.2646    0.1034    0.0276
    0.2183    0.1034    0.0250    0.1753    0.1034    0.0216
    0.1361    0.1034    0.0173    0.1012    0.1034    0.0121
    0.0710    0.1034    0.0063    0.0458    0.1034   -0.0002
    0.0259    0.1034   -0.0072    0.0117    0.1034   -0.0146
    0.0031    0.1034   -0.0223    0.0005    0.1034   -0.0302
    0.0036    0.1034   -0.0380    0.0126    0.1034   -0.0452
    0.0273    0.1034   -0.0517    0.0475    0.1034   -0.0575
    0.0730    0.1034   -0.0624    0.1036    0.1034   -0.0664
    0.1387    0.1034   -0.0694    0.1781    0.1034   -0.0714
    0.2212    0.1034   -0.0722    0.2676    0.1034   -0.0720
    0.3168    0.1034   -0.0706    0.3680    0.1034   -0.0684
    0.4208    0.1034   -0.0652    0.4745    0.1034   -0.0613
    0.5286    0.1034   -0.0568    0.5823    0.1034   -0.0518
    0.6350    0.1034   -0.0465    0.6862    0.1034   -0.0410
    0.7352    0.1034   -0.0354    0.7814    0.1034   -0.0299
    0.8244    0.1034   -0.0245    0.8635    0.1034   -0.0194
    0.8984    0.1034   -0.0147    0.9287    0.1034   -0.0104
    0.9540    0.1034   -0.0068    0.9739    0.1034   -0.0039
    0.9884    0.1034   -0.0018    0.9971    0.1034   -0.0004
    1.0000    0.1034    0.0000
    1.0000    0.2069    0.0000    0.9971    0.2069    0.0002
    0.9883    0.2069    0.0010    0.9737    0.2069    0.0021
    0.9536    0.2069    0.0036    0.9282    0.2069    0.0055
    0.8977    0.2069    0.0076    0.8625    0.2069    0.0099
    0.8231    0.2069    0.0123    0.7799    0.2069    0.0147
    0.7333    0.2069    0.0171    0.6841    0.2069    0.0193
    0.6327    0.2069    0.0212    0.5797    0.2069    0.0229
    0.5258    0.2069    0.0242    0.4716    0.2069    0.0249
    0.4177    0.2069    0.0251    0.3648    0.2069    0.0246
    0.3135    0.2069    0.0234    0.2644    0.2069    0.0213
    0.2181    0.2069    0.0183    0.1751    0.2069    0.0145
    0.1360    0.2069    0.0099    0.1011    0.2069    0.0044
    0.0709    0.2069   -0.0017    0.0458    0.2069   -0.0084
    0.0260    0.2069   -0.0155    0.0118    0.2069   -0.0231
    0.0034    0.2069   -0.0308    0.0008    0.2069   -0.0388
    0.0040    0.2069   -0.0465    0.0130    0.2069   -0.0536
    0.0278    0.2069   -0.0600    0.0480    0.2069   -0.0656
    0.0736    0.2069   -0.0703    0.1042    0.2069   -0.0741
    0.1393    0.2069   -0.0768    0.1787    0.2069   -0.0784
    0.2219    0.2069   -0.0789    0.2683    0.2069   -0.0782
    0.3174    0.2069   -0.0765    0.3686    0.2069   -0.0738
    0.4214    0.2069   -0.0702    0.4751    0.2069   -0.0658
    0.5291    0.2069   -0.0609    0.5827    0.2069   -0.0554
    0.6354    0.2069   -0.0496    0.6865    0.2069   -0.0437
    0.7355    0.2069   -0.0377    0.7817    0.2069   -0.0317
    0.8246    0.2069   -0.0260    0.8637    0.2069   -0.0205
    0.8986    0.2069   -0.0155    0.9288    0.2069   -0.0111
    0.9540    0.2069   -0.0072    0.9740    0.2069   -0.0041
    0.9884    0.2069   -0.0019    0.9971    0.2069   -0.0005
    1.0000    0.2069    0.0000
    1.0000    0.3103    0.0000    0.9971    0.3103    0.0002
    0.9883    0.3103    0.0009    0.9737    0.3103    0.0020
    0.9536    0.3103    0.0034    0.9281    0.3103    0.0051
    0.8976    0.3103    0.0071    0.8625    0.3103    0.0092
    0.8230    0.3103    0.0114    0.7798    0.3103    0.0136
    0.7333    0.3103    0.0157    0.6840    0.3103    0.0176
    0.6326    0.3103    0.0193    0.5796    0.3103    0.0207
    0.5257    0.3103    0.0217    0.4714    0.3103    0.0222
    0.4176    0.3103    0.0221    0.3647    0.3103    0.0213
    0.3134    0.3103    0.0198    0.2643    0.3103    0.0174
    0.2180    0.3103    0.0143    0.1751    0.3103    0.0102
    0.1359    0.3103    0.0054    0.1011    0.3103   -0.0002
    0.0710    0.3103   -0.0065    0.0459    0.3103   -0.0133
    0.0261    0.3103   -0.0206    0.0120    0.3103   -0.0282
    0.0036    0.3103   -0.0360    0.0010    0.3103   -0.0440
    0.0042    0.3103   -0.0517    0.0133    0.3103   -0.0587
    0.0281    0.3103   -0.0651    0.0484    0.3103   -0.0706
    0.0740    0.3103   -0.0752    0.1046    0.3103   -0.0788
    0.1397    0.3103   -0.0813    0.1791    0.3103   -0.0827
    0.2223    0.3103   -0.0829    0.2687    0.3103   -0.0820
    0.3178    0.3103   -0.0800    0.3690    0.3103   -0.0771
    0.4218    0.3103   -0.0732    0.4754    0.3103   -0.0686
    0.5294    0.3103   -0.0633    0.5830    0.3103   -0.0576
    0.6357    0.3103   -0.0515    0.6868    0.3103   -0.0453
    0.7357    0.3103   -0.0391    0.7818    0.3103   -0.0329
    0.8247    0.3103   -0.0269    0.8638    0.3103   -0.0213
    0.8987    0.3103   -0.0161    0.9289    0.3103   -0.0114
    0.9541    0.3103   -0.0075    0.9740    0.3103   -0.0043
    0.9884    0.3103   -0.0019    0.9971    0.3103   -0.0005
    1.0000    0.3103    0.0000
    1.0000    0.4138    0.0000    0.9971    0.4138    0.0002
    0.9883    0.4138    0.0008    0.9737    0.4138    0.0019
    0.9536    0.4138    0.0032    0.9281    0.4138    0.0049
    0.8976    0.4138    0.0067    0.8624    0.4138    0.0087
    0.8230    0.4138    0.0108    0.7797    0.4138    0.0128
    0.7332    0.4138    0.0147    0.6839    0.4138    0.0165
    0.6325    0.4138    0.0180    0.5795    0.4138    0.0192
    0.5256    0.4138    0.0200    0.4714    0.4138    0.0203
    0.4175    0.4138    0.0200    0.3646    0.4138    0.0191
    0.3133    0.4138    0.0174    0.2643    0.4138    0.0148
    0.2180    0.4138    0.0115    0.1750    0.4138    0.0073
    0.1359    0.4138    0.0023    0.1011    0.4138   -0.0034
    0.0710    0.4138   -0.0098    0.0459    0.4138   -0.0167
    0.0262    0.4138   -0.0241    0.0121    0.4138   -0.0317
    0.0037    0.4138   -0.0395    0.0011    0.4138   -0.0475
    0.0044    0.4138   -0.0552    0.0135    0.4138   -0.0622
    0.0283    0.4138   -0.0685    0.0487    0.4138   -0.0739
    0.0743    0.4138   -0.0784    0.1048    0.4138   -0.0819
    0.1400    0.4138   -0.0843    0.1794    0.4138   -0.0856
    0.2226    0.4138   -0.0857    0.2690    0.4138   -0.0846
    0.3181    0.4138   -0.0825    0.3693    0.4138   -0.0793
    0.4220    0.4138   -0.0752    0.4757    0.4138   -0.0704
    0.5296    0.4138   -0.0650    0.5832    0.4138   -0.0591
    0.6359    0.4138   -0.0528    0.6869    0.4138   -0.0464
    0.7358    0.4138   -0.0400    0.7819    0.4138   -0.0336
    0.8248    0.4138   -0.0275    0.8639    0.4138   -0.0217
    0.8987    0.4138   -0.0164    0.9289    0.4138   -0.0117
    0.9541    0.4138   -0.0076    0.9740    0.4138   -0.0044
    0.9884    0.4138   -0.0020    0.9971    0.4138   -0.0005
    1.0000    0.4138    0.0000
    1.0000    0.5172    0.0000    0.9971    0.5172    0.0002
    0.9883    0.5172    0.0008    0.9737    0.5172    0.0018
    0.9536    0.5172    0.0031    0.9281    0.5172    0.0047
    0.8976    0.5172    0.0065    0.8624    0.5172    0.0084
    0.8230    0.5172    0.0103    0.7797    0.5172    0.0122
    0.7332    0.5172    0.0140    0.6839    0.5172    0.0157
    0.6324    0.5172    0.0171    0.5795    0.5172    0.0182
    0.5255    0.5172    0.0188    0.4713    0.5172    0.0190
    0.4174    0.5172    0.0185    0.3646    0.5172    0.0174
    0.3133    0.5172    0.0156    0.2642    0.5172    0.0130
    0.2180    0.5172    0.0095    0.1750    0.5172    0.0052
    0.1359    0.5172    0.0001    0.1011    0.5172   -0.0057
    0.0710    0.5172   -0.0122    0.0460    0.5172   -0.0192
    0.0263    0.5172   -0.0265    0.0122    0.5172   -0.0342
    0.0038    0.5172   -0.0421    0.0013    0.5172   -0.0501
    0.0046    0.5172   -0.0578    0.0137    0.5172   -0.0648
    0.0285    0.5172   -0.0710    0.0488    0.5172   -0.0764
    0.0745    0.5172   -0.0808    0.1050    0.5172   -0.0842
    0.1403    0.5172   -0.0865    0.1797    0.5172   -0.0877
    0.2228    0.5172   -0.0877    0.2692    0.5172   -0.0865
    0.3183    0.5172   -0.0842    0.3695    0.5172   -0.0809
    0.4222    0.5172   -0.0767    0.4759    0.5172   -0.0718
    0.5298    0.5172   -0.0662    0.5834    0.5172   -0.0601
    0.6360    0.5172   -0.0538    0.6870    0.5172   -0.0472
    0.7359    0.5172   -0.0407    0.7820    0.5172   -0.0342
    0.8249    0.5172   -0.0280    0.8639    0.5172   -0.0221
    0.8988    0.5172   -0.0167    0.9289    0.5172   -0.0119
    0.9541    0.5172   -0.0077    0.9740    0.5172   -0.0044
    0.9884    0.5172   -0.0020    0.9971    0.5172   -0.0005
    1.0000    0.5172    0.0000
    1.0000    0.6207    0.0000    0.9971    0.6207    0.0002
    0.9883    0.6207    0.0008    0.9737    0.6207    0.0018
    0.9536    0.6207    0.0030    0.9281    0.6207    0.0046
    0.8976    0.6207    0.0063    0.8624    0.6207    0.0081
    0.8229    0.6207    0.0100    0.7797    0.6207    0.0118
    0.7331    0.6207    0.0135    0.6839    0.6207    0.0151
    0.6324    0.6207    0.0164    0.5794    0.6207    0.0174
    0.5255    0.6207    0.0179    0.4713    0.6207    0.0180
    0.4174    0.6207    0.0174    0.3645    0.6207    0.0162
    0.3133    0.6207    0.0143    0.2642    0.6207    0.0116
    0.2179    0.6207    0.0080    0.1750    0.6207    0.0036
    0.1359    0.6207   -0.0015    0.1011    0.6207   -0.0074
    0.0710    0.6207   -0.0139    0.0460    0.6207   -0.0210
    0.0263    0.6207   -0.0284    0.0122    0.6207   -0.0361
    0.0039    0.6207   -0.0440    0.0014    0.6207   -0.0520
    0.0047    0.6207   -0.0597    0.0138    0.6207   -0.0666
    0.0286    0.6207   -0.0728    0.0490    0.6207   -0.0782
    0.0746    0.6207   -0.0826    0.1052    0.6207   -0.0859
    0.1404    0.6207   -0.0882    0.1798    0.6207   -0.0892
    0.2230    0.6207   -0.0891    0.2694    0.6207   -0.0879
    0.3185    0.6207   -0.0855    0.3697    0.6207   -0.0821
    0.4224    0.6207   -0.0778    0.4760    0.6207   -0.0727
    0.5299    0.6207   -0.0671    0.5835    0.6207   -0.0609
    0.6361    0.6207   -0.0545    0.6871    0.6207   -0.0478
    0.7360    0.6207   -0.0412    0.7821    0.6207   -0.0346
    0.8249    0.6207   -0.0283    0.8640    0.6207   -0.0223
    0.8988    0.6207   -0.0169    0.9290    0.6207   -0.0120
    0.9541    0.6207   -0.0078    0.9740    0.6207   -0.0045
    0.9884    0.6207   -0.0020    0.9971    0.6207   -0.0005
    1.0000    0.6207    0.0000
    1.0000    0.7241    0.0000    0.9971    0.7241    0.0002
    0.9883    0.7241    0.0008    0.9737    0.7241    0.0017
    0.9536    0.7241    0.0030    0.9281    0.7241    0.0045
    0.8976    0.7241    0.0061    0.8624    0.7241    0.0079
    0.8229    0.7241    0.0097    0.7797    0.7241    0.0115
    0.7331    0.7241    0.0132    0.6838    0.7241    0.0146
    0.6324    0.7241    0.0159    0.5794    0.7241    0.0167
    0.5255    0.7241    0.0172    0.4713    0.7241    0.0172
    0.4174    0.7241    0.0166    0.3645    0.7241    0.0153
    0.3132    0.7241    0.0133    0.2642    0.7241    0.0105
    0.2179    0.7241    0.0069    0.1750    0.7241    0.0024
    0.1359    0.7241   -0.0028    0.1011    0.7241   -0.0087
    0.0711    0.7241   -0.0153    0.0460    0.7241   -0.0223
    0.0264    0.7241   -0.0298    0.0123    0.7241   -0.0375
    0.0039    0.7241   -0.0454    0.0014    0.7241   -0.0534
    0.0048    0.7241   -0.0611    0.0139    0.7241   -0.0681
    0.0288    0.7241   -0.0742    0.0491    0.7241   -0.0795
    0.0747    0.7241   -0.0839    0.1053    0.7241   -0.0872
    0.1406    0.7241   -0.0894    0.1800    0.7241   -0.0904
    0.2231    0.7241   -0.0903    0.2695    0.7241   -0.0889
    0.3186    0.7241   -0.0865    0.3698    0.7241   -0.0830
    0.4225    0.7241   -0.0786    0.4761    0.7241   -0.0735
    0.5300    0.7241   -0.0677    0.5836    0.7241   -0.0615
    0.6362    0.7241   -0.0550    0.6872    0.7241   -0.0483
    0.7360    0.7241   -0.0415    0.7821    0.7241   -0.0349
    0.8250    0.7241   -0.0285    0.8640    0.7241   -0.0225
    0.8988    0.7241   -0.0170    0.9290    0.7241   -0.0121
    0.9541    0.7241   -0.0079    0.9740    0.7241   -0.0045
    0.9884    0.7241   -0.0020    0.9971    0.7241   -0.0005
    1.0000    0.7241    0.0000
    1.0000    0.8276    0.0000    0.9971    0.8276    0.0002
    0.9883    0.8276    0.0008    0.9737    0.8276    0.0017
    0.9536    0.8276    0.0029    0.9281    0.8276    0.0044
    0.8976    0.8276    0.0060    0.8624    0.8276    0.0077
    0.8229    0.8276    0.0095    0.7797    0.8276    0.0112
    0.7331    0.8276    0.0129    0.6838    0.8276    0.0143
    0.6324    0.8276    0.0154    0.5794    0.8276    0.0163
    0.5255    0.8276    0.0167    0.4712    0.8276    0.0166
    0.4174    0.8276    0.0159    0.3645    0.8276    0.0146
    0.3132    0.8276    0.0125    0.2642    0.8276    0.0097
    0.2179    0.8276    0.0060    0.1750    0.8276    0.0015
    0.1359    0.8276   -0.0038    0.1011    0.8276   -0.0097
    0.0711    0.8276   -0.0163    0.0461    0.8276   -0.0234
    0.0264    0.8276   -0.0309    0.0123    0.8276   -0.0386
    0.0040    0.8276   -0.0465    0.0015    0.8276   -0.0545
    0.0048    0.8276   -0.0622    0.0140    0.8276   -0.0692
    0.0288    0.8276   -0.0753    0.0492    0.8276   -0.0806
    0.0748    0.8276   -0.0849    0.1054    0.8276   -0.0882
    0.1407    0.8276   -0.0904    0.1801    0.8276   -0.0913
    0.2232    0.8276   -0.0911    0.2696    0.8276   -0.0897
    0.3187    0.8276   -0.0873    0.3699    0.8276   -0.0837
    0.4226    0.8276   -0.0793    0.4762    0.8276   -0.0741
    0.5301    0.8276   -0.0683    0.5837    0.8276   -0.0620
    0.6362    0.8276   -0.0554    0.6873    0.8276   -0.0486
    0.7361    0.8276   -0.0418    0.7822    0.8276   -0.0352
    0.8250    0.8276   -0.0287    0.8640    0.8276   -0.0227
    0.8988    0.8276   -0.0171    0.9290    0.8276   -0.0122
    0.9542    0.8276   -0.0079    0.9740    0.8276   -0.0045
    0.9884    0.8276   -0.0020    0.9971    0.8276   -0.0005
    1.0000    0.8276    0.0000
    1.0000    0.9310    0.0000    0.9971    0.9310    0.0002
    0.9883    0.9310    0.0008    0.9737    0.9310    0.0017
    0.9536    0.9310    0.0029    0.9281    0.9310    0.0043
    0.8976    0.9310    0.0059    0.8624    0.9310    0.0076
    0.8229    0.9310    0.0094    0.7796    0.9310    0.0110
    0.7331    0.9310    0.0126    0.6838    0.9310    0.0140
    0.6324    0.9310    0.0151    0.5794    0.9310    0.0159
    0.5254    0.9310    0.0163    0.4712    0.9310    0.0161
    0.4174    0.9310    0.0154    0.3645    0.9310    0.0140
    0.3132    0.9310    0.0119    0.2642    0.9310    0.0090
    0.2179    0.9310    0.0053    0.1750    0.9310    0.0008
    0.1359    0.9310   -0.0045    0.1012    0.9310   -0.0105
    0.0711    0.9310   -0.0172    0.0461    0.9310   -0.0243
    0.0264    0.9310   -0.0318    0.0124    0.9310   -0.0395
    0.0040    0.9310   -0.0474    0.0015    0.9310   -0.0554
    0.0049    0.9310   -0.0631    0.0141    0.9310   -0.0701
    0.0289    0.9310   -0.0762    0.0493    0.9310   -0.0815
    0.0749    0.9310   -0.0858    0.1055    0.9310   -0.0890
    0.1407    0.9310   -0.0911    0.1802    0.9310   -0.0921
    0.2233    0.9310   -0.0918    0.2697    0.9310   -0.0904
    0.3188    0.9310   -0.0879    0.3699    0.9310   -0.0843
    0.4226    0.9310   -0.0798    0.4763    0.9310   -0.0746
    0.5302    0.9310   -0.0687    0.5837    0.9310   -0.0624
    0.6363    0.9310   -0.0557    0.6873    0.9310   -0.0489
    0.7361    0.9310   -0.0421    0.7822    0.9310   -0.0354
    0.8250    0.9310   -0.0289    0.8641    0.9310   -0.0228
    0.8988    0.9310   -0.0172    0.9290    0.9310   -0.0122
    0.9542    0.9310   -0.0080    0.9740    0.9310   -0.0046
    0.9884    0.9310   -0.0021    0.9971    0.9310   -0.0005
    1.0000    0.9310    0.0000
    1.0000    1.0345    0.0000    0.9971    1.0345    0.0002
    0.9882    1.0345    0.0007    0.9737    1.0345    0.0016
    0.9536    1.0345    0.0028    0.9281    1.0345    0.0043
    0.8976    1.0345    0.0058    0.8624    1.0345    0.0075
    0.8229    1.0345    0.0092    0.7796    1.0345    0.0109
    0.7331    1.0345    0.0124    0.6838    1.0345    0.0138
    0.6324    1.0345    0.0148    0.5794    1.0345    0.0156
    0.5254    1.0345    0.0159    0.4712    1.0345    0.0157
    0.4173    1.0345    0.0150    0.3645    1.0345    0.0136
    0.3132    1.0345    0.0114    0.2642    1.0345    0.0085
    0.2179    1.0345    0.0047    0.1750    1.0345    0.0001
    0.1359    1.0345   -0.0052    0.1012    1.0345   -0.0112
    0.0711    1.0345   -0.0179    0.0461    1.0345   -0.0250
    0.0265    1.0345   -0.0325    0.0124    1.0345   -0.0402
    0.0041    1.0345   -0.0482    0.0016    1.0345   -0.0562
    0.0049    1.0345   -0.0638    0.0141    1.0345   -0.0708
    0.0290    1.0345   -0.0769    0.0493    1.0345   -0.0822
    0.0750    1.0345   -0.0865    0.1056    1.0345   -0.0897
    0.1408    1.0345   -0.0918    0.1802    1.0345   -0.0927
    0.2234    1.0345   -0.0924    0.2698    1.0345   -0.0909
    0.3188    1.0345   -0.0884    0.3700    1.0345   -0.0848
    0.4227    1.0345   -0.0802    0.4763    1.0345   -0.0750
    0.5302    1.0345   -0.0690    0.5838    1.0345   -0.0627
    0.6363    1.0345   -0.0560    0.6873    1.0345   -0.0491
    0.7362    1.0345   -0.0423    0.7822    1.0345   -0.0355
    0.8250    1.0345   -0.0290    0.8641    1.0345   -0.0229
    0.8989    1.0345   -0.0173    0.9290    1.0345   -0.0123
    0.9542    1.0345   -0.0080    0.9740    1.0345   -0.0046
    0.9884    1.0345   -0.0021    0.9971    1.0345   -0.0005
    1.0000    1.0345    0.0000
    1.0000    1.1379    0.0000    0.9971    1.1379    0.0002
    0.9882    1.1379    0.0007    0.9737    1.1379    0.0016
    0.9536    1.1379    0.0028    0.9281    1.1379    0.0042
    0.8976    1.1379    0.0058    0.8624    1.1379    0.0074
    0.8229    1.1379    0.0091    0.7796    1.1379    0.0107
    0.7331    1.1379    0.0122    0.6838    1.1379    0.0136
    0.6323    1.1379    0.0146    0.5793    1.1379    0.0153
    0.5254    1.1379    0.0156    0.4712    1.1379    0.0154
    0.4173    1.1379    0.0146    0.3645    1.1379    0.0132
    0.3132    1.1379    0.0110    0.2642    1.1379    0.0080
    0.2179    1.1379    0.0042    0.1750    1.1379   -0.0004
    0.1359    1.1379   -0.0057    0.1012    1.1379   -0.0118
    0.0711    1.1379   -0.0184    0.0461    1.1379   -0.0256
    0.0265    1.1379   -0.0331    0.0124    1.1379   -0.0409
    0.0041    1.1379   -0.0488    0.0016    1.1379   -0.0568
    0.0050    1.1379   -0.0645    0.0142    1.1379   -0.0714
    0.0290    1.1379   -0.0775    0.0494    1.1379   -0.0828
    0.0750    1.1379   -0.0870    0.1056    1.1379   -0.0902
    0.1409    1.1379   -0.0923    0.1803    1.1379   -0.0932
    0.2234    1.1379   -0.0929    0.2698    1.1379   -0.0914
    0.3189    1.1379   -0.0888    0.3701    1.1379   -0.0852
    0.4228    1.1379   -0.0806    0.4764    1.1379   -0.0753
    0.5302    1.1379   -0.0693    0.5838    1.1379   -0.0629
    0.6364    1.1379   -0.0562    0.6874    1.1379   -0.0493
    0.7362    1.1379   -0.0424    0.7823    1.1379   -0.0357
    0.8251    1.1379   -0.0291    0.8641    1.1379   -0.0230
    0.8989    1.1379   -0.0174    0.9290    1.1379   -0.0123
    0.9542    1.1379   -0.0081    0.9740    1.1379   -0.0046
    0.9884    1.1379   -0.0021    0.9971    1.1379   -0.0005
    1.0000    1.1379    0.0000
    1.0000    1.2414    0.0000    0.9971    1.2414    0.0002
    0.9882    1.2414    0.0007    0.9737    1.2414    0.0016
    0.9536    1.2414    0.0028    0.9281    1.2414    0.0042
    0.8975    1.2414    0.0057    0.8623    1.2414    0.0074
    0.8229    1.2414    0.0090    0.7796    1.2414    0.0106
    0.7331    1.2414    0.0121    0.6838    1.2414    0.0134
    0.6323    1.2414    0.0144    0.5793    1.2414    0.0151
    0.5254    1.2414    0.0154    0.4712    1.2414    0.0151
    0.4173    1.2414    0.0143    0.3645    1.2414    0.0128
    0.3132    1.2414    0.0106    0.2641    1.2414    0.0076
    0.2179    1.2414    0.0038    0.1750    1.2414   -0.0008
    0.1359    1.2414   -0.0062    0.1012    1.2414   -0.0123
    0.0711    1.2414   -0.0190    0.0461    1.2414   -0.0261
    0.0265    1.2414   -0.0336    0.0124    1.2414   -0.0414
    0.0041    1.2414   -0.0494    0.0016    1.2414   -0.0574
    0.0050    1.2414   -0.0650    0.0142    1.2414   -0.0720
    0.0291    1.2414   -0.0781    0.0494    1.2414   -0.0833
    0.0751    1.2414   -0.0876    0.1057    1.2414   -0.0907
    0.1409    1.2414   -0.0928    0.1803    1.2414   -0.0937
    0.2235    1.2414   -0.0933    0.2699    1.2414   -0.0918
    0.3189    1.2414   -0.0892    0.3701    1.2414   -0.0855
    0.4228    1.2414   -0.0809    0.4764    1.2414   -0.0756
    0.5303    1.2414   -0.0696    0.5838    1.2414   -0.0632
    0.6364    1.2414   -0.0564    0.6874    1.2414   -0.0495
    0.7362    1.2414   -0.0426    0.7823    1.2414   -0.0358
    0.8251    1.2414   -0.0292    0.8641    1.2414   -0.0231
    0.8989    1.2414   -0.0174    0.9290    1.2414   -0.0124
    0.9542    1.2414   -0.0081    0.9740    1.2414   -0.0046
    0.9884    1.2414   -0.0021    0.9971    1.2414   -0.0005
    1.0000    1.2414    0.0000
    1.0000    1.3448    0.0000    0.9971    1.3448    0.0002
    0.9882    1.3448    0.0007    0.9737    1.3448    0.0016
    0.9536    1.3448    0.0028    0.9281    1.3448    0.0041
    0.8975    1.3448    0.0057    0.8623    1.3448    0.0073
    0.8229    1.3448    0.0089    0.7796    1.3448    0.0105
    0.7331    1.3448    0.0120    0.6838    1.3448    0.0132
    0.6323    1.3448    0.0142    0.5793    1.3448    0.0149
    0.5254    1.3448    0.0151    0.4712    1.3448    0.0148
    0.4173    1.3448    0.0140    0.3644    1.3448    0.0125
    0.3132    1.3448    0.0102    0.2641    1.3448    0.0072
    0.2179    1.3448    0.0034    0.1750    1.3448   -0.0013
    0.1359    1.3448   -0.0067    0.1012    1.3448   -0.0128
    0.0711    1.3448   -0.0194    0.0462    1.3448   -0.0266
    0.0265    1.3448   -0.0342    0.0125    1.3448   -0.0419
    0.0041    1.3448   -0.0499    0.0017    1.3448   -0.0579
    0.0051    1.3448   -0.0655    0.0142    1.3448   -0.0725
    0.0291    1.3448   -0.0786    0.0495    1.3448   -0.0838
    0.0751    1.3448   -0.0880    0.1057    1.3448   -0.0912
    0.1410    1.3448   -0.0932    0.1804    1.3448   -0.0941
    0.2235    1.3448   -0.0937    0.2699    1.3448   -0.0922
    0.3190    1.3448   -0.0895    0.3701    1.3448   -0.0858
    0.4228    1.3448   -0.0812    0.4764    1.3448   -0.0759
    0.5303    1.3448   -0.0698    0.5839    1.3448   -0.0634
    0.6364    1.3448   -0.0566    0.6874    1.3448   -0.0497
    0.7362    1.3448   -0.0427    0.7823    1.3448   -0.0359
    0.8251    1.3448   -0.0293    0.8641    1.3448   -0.0231
    0.8989    1.3448   -0.0175    0.9290    1.3448   -0.0124
    0.9542    1.3448   -0.0081    0.9741    1.3448   -0.0046
    0.9884    1.3448   -0.0021    0.9971    1.3448   -0.0005
    1.0000    1.3448    0.0000
    1.0000    1.4483    0.0000    0.9971    1.4483    0.0002
    0.9882    1.4483    0.0007    0.9737    1.4483    0.0016
    0.9535    1.4483    0.0027    0.9281    1.4483    0.0041
    0.8975    1.4483    0.0056    0.8623    1.4483    0.0072
    0.8229    1.4483    0.0088    0.7796    1.4483    0.0104
    0.7331    1.4483    0.0118    0.6838    1.4483    0.0131
    0.6323    1.4483    0.0140    0.5793    1.4483    0.0146
    0.5254    1.4483    0.0149    0.4712    1.4483    0.0146
    0.4173    1.4483    0.0137    0.3644    1.4483    0.0121
    0.3132    1.4483    0.0099    0.2641    1.4483    0.0068
    0.2179    1.4483    0.0030    0.1750    1.4483   -0.0017
    0.1359    1.4483   -0.0071    0.1012    1.4483   -0.0132
    0.0711    1.4483   -0.0199    0.0462    1.4483   -0.0271
    0.0265    1.4483   -0.0347    0.0125    1.4483   -0.0425
    0.0042    1.4483   -0.0504    0.0017    1.4483   -0.0584
    0.0051    1.4483   -0.0661    0.0143    1.4483   -0.0730
    0.0291    1.4483   -0.0791    0.0495    1.4483   -0.0843
    0.0752    1.4483   -0.0885    0.1058    1.4483   -0.0917
    0.1410    1.4483   -0.0937    0.1804    1.4483   -0.0945
    0.2236    1.4483   -0.0941    0.2700    1.4483   -0.0926
    0.3190    1.4483   -0.0899    0.3702    1.4483   -0.0862
    0.4229    1.4483   -0.0815    0.4765    1.4483   -0.0761
    0.5304    1.4483   -0.0701    0.5839    1.4483   -0.0636
    0.6365    1.4483   -0.0568    0.6874    1.4483   -0.0498
    0.7363    1.4483   -0.0429    0.7823    1.4483   -0.0360
    0.8251    1.4483   -0.0294    0.8641    1.4483   -0.0232
    0.8989    1.4483   -0.0175    0.9290    1.4483   -0.0125
    0.9542    1.4483   -0.0081    0.9741    1.4483   -0.0046
    0.9884    1.4483   -0.0021    0.9971    1.4483   -0.0005
    1.0000    1.4483    0.0000
    1.0000    1.5517    0.0000    0.9971    1.5517    0.0002
    0.9882    1.5517    0.0007    0.9737    1.5517    0.0016
    0.9535    1.5517    0.0027    0.9281    1.5517    0.0041
    0.8975    1.5517    0.0056    0.8623    1.5517    0.0071
    0.8229    1.5517    0.0087    0.7796    1.5517    0.0103
    0.7331    1.5517    0.0117    0.6838    1.5517    0.0129
    0.6323    1.5517    0.0138    0.5793    1.5517    0.0144
    0.5254    1.5517    0.0146    0.4712    1.5517    0.0143
    0.4173    1.5517    0.0134    0.3644    1.5517    0.0118
    0.3132    1.5517    0.0095    0.2641    1.5517    0.0064
    0.2179    1.5517    0.0025    0.1750    1.5517   -0.0021
    0.1359    1.5517   -0.0076    0.1012    1.5517   -0.0137
    0.0712    1.5517   -0.0204    0.0462    1.5517   -0.0276
    0.0266    1.5517   -0.0352    0.0125    1.5517   -0.0430
    0.0042    1.5517   -0.0509    0.0017    1.5517   -0.0589
    0.0051    1.5517   -0.0666    0.0143    1.5517   -0.0735
    0.0292    1.5517   -0.0796    0.0496    1.5517   -0.0848
    0.0752    1.5517   -0.0890    0.1058    1.5517   -0.0921
    0.1411    1.5517   -0.0941    0.1805    1.5517   -0.0950
    0.2236    1.5517   -0.0945    0.2700    1.5517   -0.0930
    0.3191    1.5517   -0.0902    0.3702    1.5517   -0.0865
    0.4229    1.5517   -0.0818    0.4765    1.5517   -0.0764
    0.5304    1.5517   -0.0703    0.5839    1.5517   -0.0638
    0.6365    1.5517   -0.0570    0.6875    1.5517   -0.0500
    0.7363    1.5517   -0.0430    0.7823    1.5517   -0.0361
    0.8251    1.5517   -0.0295    0.8641    1.5517   -0.0233
    0.8989    1.5517   -0.0176    0.9290    1.5517   -0.0125
    0.9542    1.5517   -0.0081    0.9741    1.5517   -0.0047
    0.9884    1.5517   -0.0021    0.9971    1.5517   -0.0005
    1.0000    1.5517    0.0000
    1.0000    1.6552    0.0000    0.9971    1.6552    0.0002
    0.9882    1.6552    0.0007    0.9737    1.6552    0.0016
    0.9535    1.6552    0.0027    0.9281    1.6552    0.0040
    0.8975    1.6552    0.0055    0.8623    1.6552    0.0071
    0.8229    1.6552    0.0086    0.7796    1.6552    0.0101
    0.7330    1.6552    0.0115    0.6838    1.6552    0.0127
    0.6323    1.6552    0.0136    0.5793    1.6552    0.0142
    0.5254    1.6552    0.0143    0.4712    1.6552    0.0140
    0.4173    1.6552    0.0130    0.3644    1.6552    0.0114
    0.3132    1.6552    0.0091    0.2641    1.6552    0.0060
    0.2179    1.6552    0.0021    0.1750    1.6552   -0.0026
    0.1360    1.6552   -0.0081    0.1012    1.6552   -0.0142
    0.0712    1.6552   -0.0210    0.0462    1.6552   -0.0282
    0.0266    1.6552   -0.0357    0.0125    1.6552   -0.0435
    0.0042    1.6552   -0.0515    0.0018    1.6552   -0.0595
    0.0052    1.6552   -0.0672    0.0144    1.6552   -0.0741
    0.0292    1.6552   -0.0802    0.0496    1.6552   -0.0853
    0.0753    1.6552   -0.0895    0.1059    1.6552   -0.0927
    0.1411    1.6552   -0.0946    0.1805    1.6552   -0.0954
    0.2237    1.6552   -0.0950    0.2701    1.6552   -0.0934
    0.3191    1.6552   -0.0906    0.3703    1.6552   -0.0869
    0.4230    1.6552   -0.0822    0.4766    1.6552   -0.0767
    0.5304    1.6552   -0.0706    0.5840    1.6552   -0.0641
    0.6365    1.6552   -0.0572    0.6875    1.6552   -0.0502
    0.7363    1.6552   -0.0432    0.7824    1.6552   -0.0363
    0.8251    1.6552   -0.0296    0.8641    1.6552   -0.0234
    0.8989    1.6552   -0.0176    0.9290    1.6552   -0.0125
    0.9542    1.6552   -0.0082    0.9741    1.6552   -0.0047
    0.9884    1.6552   -0.0021    0.9971    1.6552   -0.0005
    1.0000    1.6552    0.0000
    1.0000    1.7586    0.0000    0.9971    1.7586    0.0002
    0.9882    1.7586    0.0007    0.9737    1.7586    0.0015
    0.9535    1.7586    0.0026    0.9281    1.7586    0.0040
    0.8975    1.7586    0.0054    0.8623    1.7586    0.0070
    0.8229    1.7586    0.0085    0.7796    1.7586    0.0100
    0.7330    1.7586    0.0114    0.6837    1.7586    0.0125
    0.6323    1.7586    0.0134    0.5793    1.7586    0.0139
    0.5254    1.7586    0.0140    0.4712    1.7586    0.0136
    0.4173    1.7586    0.0127    0.3644    1.7586    0.0110
    0.3132    1.7586    0.0087    0.2641    1.7586    0.0055
    0.2179    1.7586    0.0016    0.1750    1.7586   -0.0031
    0.1360    1.7586   -0.0086    0.1012    1.7586   -0.0148
    0.0712    1.7586   -0.0215    0.0462    1.7586   -0.0288
    0.0266    1.7586   -0.0364    0.0126    1.7586   -0.0442
    0.0043    1.7586   -0.0521    0.0018    1.7586   -0.0601
    0.0052    1.7586   -0.0678    0.0144    1.7586   -0.0747
    0.0293    1.7586   -0.0808    0.0497    1.7586   -0.0859
    0.0753    1.7586   -0.0901    0.1059    1.7586   -0.0932
    0.1412    1.7586   -0.0952    0.1806    1.7586   -0.0959
    0.2237    1.7586   -0.0955    0.2701    1.7586   -0.0938
    0.3192    1.7586   -0.0911    0.3703    1.7586   -0.0873
    0.4230    1.7586   -0.0825    0.4766    1.7586   -0.0770
    0.5305    1.7586   -0.0709    0.5840    1.7586   -0.0643
    0.6366    1.7586   -0.0574    0.6875    1.7586   -0.0504
    0.7363    1.7586   -0.0433    0.7824    1.7586   -0.0364
    0.8252    1.7586   -0.0297    0.8642    1.7586   -0.0235
    0.8989    1.7586   -0.0177    0.9291    1.7586   -0.0126
    0.9542    1.7586   -0.0082    0.9741    1.7586   -0.0047
    0.9884    1.7586   -0.0021    0.9971    1.7586   -0.0005
    1.0000    1.7586    0.0000
    1.0000    1.8621    0.0000    0.9971    1.8621    0.0002
    0.9882    1.8621    0.0007    0.9737    1.8621    0.0015
    0.9535    1.8621    0.0026    0.9281    1.8621    0.0039
    0.8975    1.8621    0.0054    0.8623    1.8621    0.0069
    0.8229    1.8621    0.0084    0.7796    1.8621    0.0098
    0.7330    1.8621    0.0112    0.6837    1.8621    0.0123
    0.6323    1.8621    0.0131    0.5793    1.8621    0.0136
    0.5254    1.8621    0.0137    0.4711    1.8621    0.0133
    0.4173    1.8621    0.0123    0.3644    1.8621    0.0106
    0.3132    1.8621    0.0082    0.2641    1.8621    0.0050
    0.2179    1.8621    0.0010    0.1750    1.8621   -0.0037
    0.1360    1.8621   -0.0092    0.1012    1.8621   -0.0154
    0.0712    1.8621   -0.0222    0.0462    1.8621   -0.0294
    0.0266    1.8621   -0.0370    0.0126    1.8621   -0.0449
    0.0043    1.8621   -0.0528    0.0019    1.8621   -0.0608
    0.0053    1.8621   -0.0685    0.0145    1.8621   -0.0754
    0.0293    1.8621   -0.0815    0.0497    1.8621   -0.0866
    0.0754    1.8621   -0.0908    0.1060    1.8621   -0.0939
    0.1412    1.8621   -0.0958    0.1807    1.8621   -0.0965
    0.2238    1.8621   -0.0960    0.2702    1.8621   -0.0944
    0.3192    1.8621   -0.0916    0.3704    1.8621   -0.0877
    0.4231    1.8621   -0.0829    0.4767    1.8621   -0.0774
    0.5305    1.8621   -0.0712    0.5841    1.8621   -0.0646
    0.6366    1.8621   -0.0577    0.6876    1.8621   -0.0506
    0.7364    1.8621   -0.0435    0.7824    1.8621   -0.0365
    0.8252    1.8621   -0.0298    0.8642    1.8621   -0.0235
    0.8989    1.8621   -0.0178    0.9291    1.8621   -0.0126
    0.9542    1.8621   -0.0082    0.9741    1.8621   -0.0047
    0.9884    1.8621   -0.0021    0.9971    1.8621   -0.0005
    1.0000    1.8621    0.0000
    1.0000    1.9655    0.0000    0.9971    1.9655    0.0002
    0.9882    1.9655    0.0007    0.9737    1.9655    0.0015
    0.9535    1.9655    0.0026    0.9281    1.9655    0.0039
    0.8975    1.9655    0.0053    0.8623    1.9655    0.0068
    0.8228    1.9655    0.0083    0.7796    1.9655    0.0097
    0.7330    1.9655    0.0110    0.6837    1.9655    0.0120
    0.6323    1.9655    0.0128    0.5793    1.9655    0.0133
    0.5253    1.9655    0.0133    0.4711    1.9655    0.0128
    0.4173    1.9655    0.0118    0.3644    1.9655    0.0101
    0.3132    1.9655    0.0076    0.2641    1.9655    0.0044
    0.2179    1.9655    0.0004    0.1750    1.9655   -0.0044
    0.1360    1.9655   -0.0099    0.1012    1.9655   -0.0161
    0.0712    1.9655   -0.0229    0.0463    1.9655   -0.0302
    0.0267    1.9655   -0.0378    0.0126    1.9655   -0.0457
    0.0043    1.9655   -0.0536    0.0019    1.9655   -0.0616
    0.0053    1.9655   -0.0693    0.0145    1.9655   -0.0762
    0.0294    1.9655   -0.0822    0.0498    1.9655   -0.0874
    0.0755    1.9655   -0.0915    0.1061    1.9655   -0.0946
    0.1413    1.9655   -0.0965    0.1807    1.9655   -0.0972
    0.2239    1.9655   -0.0967    0.2703    1.9655   -0.0949
    0.3193    1.9655   -0.0921    0.3705    1.9655   -0.0882
    0.4232    1.9655   -0.0834    0.4767    1.9655   -0.0778
    0.5306    1.9655   -0.0716    0.5841    1.9655   -0.0650
    0.6366    1.9655   -0.0580    0.6876    1.9655   -0.0509
    0.7364    1.9655   -0.0437    0.7824    1.9655   -0.0367
    0.8252    1.9655   -0.0300    0.8642    1.9655   -0.0237
    0.8990    1.9655   -0.0178    0.9291    1.9655   -0.0127
    0.9542    1.9655   -0.0083    0.9741    1.9655   -0.0047
    0.9884    1.9655   -0.0021    0.9971    1.9655   -0.0005
    1.0000    1.9655    0.0000
    1.0000    2.0690    0.0000    0.9971    2.0690    0.0002
    0.9882    2.0690    0.0007    0.9737    2.0690    0.0015
    0.9535    2.0690    0.0025    0.9281    2.0690    0.0038
    0.8975    2.0690    0.0052    0.8623    2.0690    0.0066
    0.8228    2.0690    0.0081    0.7796    2.0690    0.0095
    0.7330    2.0690    0.0107    0.6837    2.0690    0.0117
    0.6323    2.0690    0.0125    0.5793    2.0690    0.0129
    0.5253    2.0690    0.0129    0.4711    2.0690    0.0124
    0.4173    2.0690    0.0113    0.3644    2.0690    0.0095
    0.3131    2.0690    0.0070    0.2641    2.0690    0.0038
    0.2179    2.0690   -0.0003    0.1750    2.0690   -0.0051
    0.1360    2.0690   -0.0107    0.1013    2.0690   -0.0170
    0.0712    2.0690   -0.0238    0.0463    2.0690   -0.0311
    0.0267    2.0690   -0.0387    0.0127    2.0690   -0.0466
    0.0044    2.0690   -0.0545    0.0020    2.0690   -0.0626
    0.0054    2.0690   -0.0702    0.0146    2.0690   -0.0771
    0.0295    2.0690   -0.0831    0.0499    2.0690   -0.0882
    0.0755    2.0690   -0.0924    0.1062    2.0690   -0.0954
    0.1414    2.0690   -0.0973    0.1808    2.0690   -0.0979
    0.2240    2.0690   -0.0974    0.2703    2.0690   -0.0956
    0.3194    2.0690   -0.0927    0.3706    2.0690   -0.0888
    0.4232    2.0690   -0.0839    0.4768    2.0690   -0.0783
    0.5307    2.0690   -0.0720    0.5842    2.0690   -0.0653
    0.6367    2.0690   -0.0583    0.6877    2.0690   -0.0511
    0.7364    2.0690   -0.0440    0.7825    2.0690   -0.0369
    0.8252    2.0690   -0.0301    0.8642    2.0690   -0.0238
    0.8990    2.0690   -0.0179    0.9291    2.0690   -0.0127
    0.9542    2.0690   -0.0083    0.9741    2.0690   -0.0047
    0.9884    2.0690   -0.0021    0.9971    2.0690   -0.0005
    1.0000    2.0690    0.0000
    1.0000    2.1724    0.0000    0.9971    2.1724    0.0002
    0.9882    2.1724    0.0007    0.9737    2.1724    0.0014
    0.9535    2.1724    0.0025    0.9280    2.1724    0.0037
    0.8975    2.1724    0.0051    0.8623    2.1724    0.0065
    0.8228    2.1724    0.0079    0.7796    2.1724    0.0092
    0.7330    2.1724    0.0104    0.6837    2.1724    0.0114
    0.6322    2.1724    0.0121    0.5792    2.1724    0.0125
    0.5253    2.1724    0.0124    0.4711    2.1724    0.0118
    0.4173    2.1724    0.0107    0.3644    2.1724    0.0088
    0.3131    2.1724    0.0063    0.2641    2.1724    0.0030
    0.2179    2.1724   -0.0011    0.1750    2.1724   -0.0060
    0.1360    2.1724   -0.0116    0.1013    2.1724   -0.0179
    0.0713    2.1724   -0.0247    0.0463    2.1724   -0.0321
    0.0267    2.1724   -0.0397    0.0127    2.1724   -0.0476
    0.0044    2.1724   -0.0556    0.0020    2.1724   -0.0636
    0.0054    2.1724   -0.0712    0.0147    2.1724   -0.0781
    0.0296    2.1724   -0.0841    0.0500    2.1724   -0.0892
    0.0756    2.1724   -0.0933    0.1063    2.1724   -0.0963
    0.1415    2.1724   -0.0981    0.1809    2.1724   -0.0988
    0.2241    2.1724   -0.0982    0.2704    2.1724   -0.0964
    0.3195    2.1724   -0.0934    0.3706    2.1724   -0.0894
    0.4233    2.1724   -0.0845    0.4769    2.1724   -0.0788
    0.5307    2.1724   -0.0725    0.5842    2.1724   -0.0658
    0.6368    2.1724   -0.0587    0.6877    2.1724   -0.0515
    0.7365    2.1724   -0.0442    0.7825    2.1724   -0.0371
    0.8253    2.1724   -0.0303    0.8642    2.1724   -0.0239
    0.8990    2.1724   -0.0180    0.9291    2.1724   -0.0128
    0.9542    2.1724   -0.0084    0.9741    2.1724   -0.0048
    0.9884    2.1724   -0.0021    0.9971    2.1724   -0.0005
    1.0000    2.1724    0.0000
    1.0000    2.2759    0.0000    0.9971    2.2759    0.0002
    0.9882    2.2759    0.0006    0.9737    2.2759    0.0014
    0.9535    2.2759    0.0024    0.9280    2.2759    0.0036
    0.8975    2.2759    0.0050    0.8623    2.2759    0.0063
    0.8228    2.2759    0.0077    0.7795    2.2759    0.0090
    0.7330    2.2759    0.0101    0.6837    2.2759    0.0110
    0.6322    2.2759    0.0117    0.5792    2.2759    0.0120
    0.5253    2.2759    0.0118    0.4711    2.2759    0.0112
    0.4172    2.2759    0.0100    0.3644    2.2759    0.0081
    0.3131    2.2759    0.0055    0.2641    2.2759    0.0021
    0.2179    2.2759   -0.0020    0.1750    2.2759   -0.0069
    0.1360    2.2759   -0.0126    0.1013    2.2759   -0.0189
    0.0713    2.2759   -0.0258    0.0464    2.2759   -0.0332
    0.0268    2.2759   -0.0409    0.0128    2.2759   -0.0487
    0.0045    2.2759   -0.0567    0.0021    2.2759   -0.0647
    0.0055    2.2759   -0.0724    0.0148    2.2759   -0.0793
    0.0297    2.2759   -0.0853    0.0501    2.2759   -0.0903
    0.0757    2.2759   -0.0944    0.1064    2.2759   -0.0974
    0.1416    2.2759   -0.0992    0.1810    2.2759   -0.0997
    0.2242    2.2759   -0.0991    0.2706    2.2759   -0.0972
    0.3196    2.2759   -0.0942    0.3708    2.2759   -0.0902
    0.4234    2.2759   -0.0852    0.4770    2.2759   -0.0795
    0.5308    2.2759   -0.0731    0.5843    2.2759   -0.0662
    0.6368    2.2759   -0.0591    0.6878    2.2759   -0.0518
    0.7365    2.2759   -0.0445    0.7826    2.2759   -0.0374
    0.8253    2.2759   -0.0305    0.8643    2.2759   -0.0241
    0.8990    2.2759   -0.0182    0.9291    2.2759   -0.0129
    0.9542    2.2759   -0.0084    0.9741    2.2759   -0.0048
    0.9884    2.2759   -0.0022    0.9971    2.2759   -0.0005
    1.0000    2.2759    0.0000
    1.0000    2.3793    0.0000    0.9971    2.3793    0.0002
    0.9882    2.3793    0.0006    0.9737    2.3793    0.0014
    0.9535    2.3793    0.0024    0.9280    2.3793    0.0035
    0.8975    2.3793    0.0048    0.8623    2.3793    0.0062
    0.8228    2.3793    0.0075    0.7795    2.3793    0.0087
    0.7330    2.3793    0.0098    0.6837    2.3793    0.0106
    0.6322    2.3793    0.0112    0.5792    2.3793    0.0114
    0.5253    2.3793    0.0112    0.4711    2.3793    0.0105
    0.4172    2.3793    0.0092    0.3644    2.3793    0.0073
    0.3131    2.3793    0.0046    0.2641    2.3793    0.0012
    0.2179    2.3793   -0.0030    0.1750    2.3793   -0.0080
    0.1360    2.3793   -0.0137    0.1013    2.3793   -0.0201
    0.0713    2.3793   -0.0271    0.0464    2.3793   -0.0344
    0.0268    2.3793   -0.0421    0.0128    2.3793   -0.0500
    0.0046    2.3793   -0.0580    0.0022    2.3793   -0.0661
    0.0056    2.3793   -0.0737    0.0149    2.3793   -0.0806
    0.0298    2.3793   -0.0865    0.0502    2.3793   -0.0916
    0.0759    2.3793   -0.0956    0.1065    2.3793   -0.0985
    0.1418    2.3793   -0.1003    0.1812    2.3793   -0.1008
    0.2243    2.3793   -0.1001    0.2707    2.3793   -0.0982
    0.3197    2.3793   -0.0951    0.3709    2.3793   -0.0910
    0.4235    2.3793   -0.0860    0.4771    2.3793   -0.0801
    0.5309    2.3793   -0.0737    0.5844    2.3793   -0.0668
    0.6369    2.3793   -0.0596    0.6878    2.3793   -0.0522
    0.7366    2.3793   -0.0449    0.7826    2.3793   -0.0377
    0.8253    2.3793   -0.0308    0.8643    2.3793   -0.0243
    0.8990    2.3793   -0.0183    0.9291    2.3793   -0.0130
    0.9542    2.3793   -0.0085    0.9741    2.3793   -0.0048
    0.9884    2.3793   -0.0022    0.9971    2.3793   -0.0005
    1.0000    2.3793    0.0000
    1.0000    2.4828    0.0000    0.9971    2.4828    0.0002
    0.9882    2.4828    0.0006    0.9737    2.4828    0.0013
    0.9535    2.4828    0.0023    0.9280    2.4828    0.0034
    0.8975    2.4828    0.0047    0.8623    2.4828    0.0060
    0.8228    2.4828    0.0072    0.7795    2.4828    0.0084
    0.7330    2.4828    0.0094    0.6837    2.4828    0.0102
    0.6322    2.4828    0.0106    0.5792    2.4828    0.0108
    0.5253    2.4828    0.0105    0.4711    2.4828    0.0097
    0.4172    2.4828    0.0083    0.3644    2.4828    0.0063
    0.3131    2.4828    0.0036    0.2641    2.4828    0.0001
    0.2179    2.4828   -0.0042    0.1750    2.4828   -0.0093
    0.1360    2.4828   -0.0150    0.1014    2.4828   -0.0215
    0.0714    2.4828   -0.0284    0.0465    2.4828   -0.0359
    0.0269    2.4828   -0.0436    0.0129    2.4828   -0.0515
    0.0047    2.4828   -0.0595    0.0023    2.4828   -0.0676
    0.0057    2.4828   -0.0752    0.0150    2.4828   -0.0820
    0.0299    2.4828   -0.0880    0.0503    2.4828   -0.0930
    0.0760    2.4828   -0.0970    0.1067    2.4828   -0.0999
    0.1419    2.4828   -0.1016    0.1813    2.4828   -0.1020
    0.2245    2.4828   -0.1013    0.2708    2.4828   -0.0993
    0.3199    2.4828   -0.0961    0.3710    2.4828   -0.0919
    0.4237    2.4828   -0.0868    0.4772    2.4828   -0.0809
    0.5310    2.4828   -0.0744    0.5845    2.4828   -0.0674
    0.6370    2.4828   -0.0601    0.6879    2.4828   -0.0527
    0.7367    2.4828   -0.0453    0.7827    2.4828   -0.0380
    0.8254    2.4828   -0.0310    0.8643    2.4828   -0.0245
    0.8991    2.4828   -0.0184    0.9292    2.4828   -0.0131
    0.9543    2.4828   -0.0085    0.9741    2.4828   -0.0049
    0.9884    2.4828   -0.0022    0.9971    2.4828   -0.0006
    1.0000    2.4828    0.0000
    1.0000    2.5862    0.0000    0.9971    2.5862    0.0002
    0.9882    2.5862    0.0006    0.9737    2.5862    0.0013
    0.9535    2.5862    0.0022    0.9280    2.5862    0.0033
    0.8975    2.5862    0.0045    0.8623    2.5862    0.0057
    0.8228    2.5862    0.0069    0.7795    2.5862    0.0080
    0.7329    2.5862    0.0089    0.6836    2.5862    0.0096
    0.6322    2.5862    0.0100    0.5792    2.5862    0.0101
    0.5253    2.5862    0.0097    0.4711    2.5862    0.0088
    0.4172    2.5862    0.0074    0.3643    2.5862    0.0053
    0.3131    2.5862    0.0024    0.2641    2.5862   -0.0012
    0.2179    2.5862   -0.0055    0.1751    2.5862   -0.0106
    0.1361    2.5862   -0.0165    0.1014    2.5862   -0.0230
    0.0714    2.5862   -0.0300    0.0465    2.5862   -0.0374
    0.0270    2.5862   -0.0452    0.0130    2.5862   -0.0532
    0.0048    2.5862   -0.0612    0.0024    2.5862   -0.0692
    0.0059    2.5862   -0.0768    0.0151    2.5862   -0.0837
    0.0300    2.5862   -0.0896    0.0505    2.5862   -0.0946
    0.0762    2.5862   -0.0985    0.1068    2.5862   -0.1014
    0.1421    2.5862   -0.1030    0.1815    2.5862   -0.1034
    0.2246    2.5862   -0.1025    0.2710    2.5862   -0.1005
    0.3200    2.5862   -0.0973    0.3712    2.5862   -0.0930
    0.4238    2.5862   -0.0878    0.4773    2.5862   -0.0818
    0.5311    2.5862   -0.0752    0.5846    2.5862   -0.0681
    0.6371    2.5862   -0.0607    0.6880    2.5862   -0.0532
    0.7367    2.5862   -0.0457    0.7827    2.5862   -0.0384
    0.8254    2.5862   -0.0313    0.8644    2.5862   -0.0247
    0.8991    2.5862   -0.0186    0.9292    2.5862   -0.0132
    0.9543    2.5862   -0.0086    0.9741    2.5862   -0.0049
    0.9884    2.5862   -0.0022    0.9971    2.5862   -0.0006
    1.0000    2.5862    0.0000
    1.0000    2.6897    0.0000    0.9971    2.6897    0.0001
    0.9882    2.6897    0.0006    0.9737    2.6897    0.0012
    0.9535    2.6897    0.0021    0.9280    2.6897    0.0032
    0.8975    2.6897    0.0043    0.8623    2.6897    0.0055
    0.8228    2.6897    0.0066    0.7795    2.6897    0.0076
    0.7329    2.6897    0.0084    0.6836    2.6897    0.0090
    0.6322    2.6897    0.0094    0.5792    2.6897    0.0093
    0.5252    2.6897    0.0088    0.4710    2.6897    0.0078
    0.4172    2.6897    0.0063    0.3643    2.6897    0.0041
    0.3131    2.6897    0.0011    0.2641    2.6897   -0.0025
    0.2179    2.6897   -0.0070    0.1751    2.6897   -0.0122
    0.1361    2.6897   -0.0181    0.1014    2.6897   -0.0246
    0.0715    2.6897   -0.0317    0.0466    2.6897   -0.0392
    0.0271    2.6897   -0.0470    0.0131    2.6897   -0.0550
    0.0049    2.6897   -0.0630    0.0025    2.6897   -0.0711
    0.0060    2.6897   -0.0787    0.0153    2.6897   -0.0855
    0.0302    2.6897   -0.0914    0.0507    2.6897   -0.0964
    0.0764    2.6897   -0.1003    0.1070    2.6897   -0.1030
    0.1423    2.6897   -0.1046    0.1817    2.6897   -0.1049
    0.2248    2.6897   -0.1040    0.2712    2.6897   -0.1018
    0.3202    2.6897   -0.0985    0.3713    2.6897   -0.0942
    0.4240    2.6897   -0.0889    0.4775    2.6897   -0.0828
    0.5313    2.6897   -0.0761    0.5847    2.6897   -0.0689
    0.6372    2.6897   -0.0614    0.6881    2.6897   -0.0538
    0.7368    2.6897   -0.0462    0.7828    2.6897   -0.0388
    0.8255    2.6897   -0.0316    0.8644    2.6897   -0.0249
    0.8991    2.6897   -0.0188    0.9292    2.6897   -0.0134
    0.9543    2.6897   -0.0087    0.9741    2.6897   -0.0050
    0.9884    2.6897   -0.0022    0.9971    2.6897   -0.0006
    1.0000    2.6897    0.0000
    1.0000    2.7931    0.0000    0.9971    2.7931    0.0001
    0.9882    2.7931    0.0005    0.9737    2.7931    0.0012
    0.9535    2.7931    0.0020    0.9280    2.7931    0.0030
    0.8975    2.7931    0.0041    0.8623    2.7931    0.0052
    0.8228    2.7931    0.0062    0.7795    2.7931    0.0071
    0.7329    2.7931    0.0079    0.6836    2.7931    0.0084
    0.6322    2.7931    0.0086    0.5791    2.7931    0.0084
    0.5252    2.7931    0.0078    0.4710    2.7931    0.0067
    0.4172    2.7931    0.0051    0.3643    2.7931    0.0028
    0.3131    2.7931   -0.0003    0.2641    2.7931   -0.0041
    0.2179    2.7931   -0.0086    0.1751    2.7931   -0.0139
    0.1361    2.7931   -0.0199    0.1015    2.7931   -0.0265
    0.0715    2.7931   -0.0336    0.0467    2.7931   -0.0412
    0.0272    2.7931   -0.0490    0.0132    2.7931   -0.0570
    0.0050    2.7931   -0.0651    0.0027    2.7931   -0.0731
    0.0062    2.7931   -0.0808    0.0155    2.7931   -0.0875
    0.0304    2.7931   -0.0934    0.0509    2.7931   -0.0983
    0.0766    2.7931   -0.1022    0.1072    2.7931   -0.1049
    0.1425    2.7931   -0.1064    0.1819    2.7931   -0.1066
    0.2251    2.7931   -0.1056    0.2714    2.7931   -0.1033
    0.3204    2.7931   -0.0999    0.3715    2.7931   -0.0955
    0.4242    2.7931   -0.0900    0.4777    2.7931   -0.0838
    0.5314    2.7931   -0.0770    0.5849    2.7931   -0.0697
    0.6373    2.7931   -0.0622    0.6882    2.7931   -0.0544
    0.7369    2.7931   -0.0468    0.7829    2.7931   -0.0392
    0.8256    2.7931   -0.0320    0.8645    2.7931   -0.0252
    0.8992    2.7931   -0.0190    0.9292    2.7931   -0.0135
    0.9543    2.7931   -0.0088    0.9741    2.7931   -0.0050
    0.9884    2.7931   -0.0023    0.9971    2.7931   -0.0006
    1.0000    2.7931    0.0000
    1.0000    2.8966    0.0000    0.9971    2.8966    0.0001
    0.9882    2.8966    0.0005    0.9737    2.8966    0.0011
    0.9535    2.8966    0.0019    0.9280    2.8966    0.0029
    0.8975    2.8966    0.0039    0.8622    2.8966    0.0049
    0.8228    2.8966    0.0058    0.7795    2.8966    0.0066
    0.7329    2.8966    0.0073    0.6836    2.8966    0.0077
    0.6321    2.8966    0.0077    0.5791    2.8966    0.0075
    0.5252    2.8966    0.0068    0.4710    2.8966    0.0055
    0.4172    2.8966    0.0037    0.3643    2.8966    0.0013
    0.3131    2.8966   -0.0019    0.2641    2.8966   -0.0057
    0.2180    2.8966   -0.0104    0.1751    2.8966   -0.0158
    0.1362    2.8966   -0.0219    0.1015    2.8966   -0.0286
    0.0716    2.8966   -0.0358    0.0468    2.8966   -0.0434
    0.0273    2.8966   -0.0513    0.0134    2.8966   -0.0593
    0.0052    2.8966   -0.0674    0.0028    2.8966   -0.0754
    0.0064    2.8966   -0.0830    0.0157    2.8966   -0.0898
    0.0306    2.8966   -0.0956    0.0511    2.8966   -0.1005
    0.0768    2.8966   -0.1043    0.1075    2.8966   -0.1069
    0.1427    2.8966   -0.1083    0.1822    2.8966   -0.1085
    0.2253    2.8966   -0.1074    0.2716    2.8966   -0.1050
    0.3207    2.8966   -0.1015    0.3718    2.8966   -0.0969
    0.4244    2.8966   -0.0914    0.4779    2.8966   -0.0850
    0.5316    2.8966   -0.0781    0.5850    2.8966   -0.0707
    0.6375    2.8966   -0.0630    0.6883    2.8966   -0.0552
    0.7370    2.8966   -0.0474    0.7830    2.8966   -0.0397
    0.8256    2.8966   -0.0324    0.8645    2.8966   -0.0255
    0.8992    2.8966   -0.0192    0.9293    2.8966   -0.0137
    0.9543    2.8966   -0.0089    0.9741    2.8966   -0.0051
    0.9884    2.8966   -0.0023    0.9971    2.8966   -0.0006
    1.0000    2.8966    0.0000
    1.0000    3.0000    0.0000    0.9971    3.0000    0.0001
    0.9882    3.0000    0.0005    0.9737    3.0000    0.0011
    0.9535    3.0000    0.0018    0.9280    3.0000    0.0027
    0.8975    3.0000    0.0036    0.8622    3.0000    0.0045
    0.8227    3.0000    0.0054    0.7794    3.0000    0.0061
    0.7329    3.0000    0.0066    0.6836    3.0000    0.0068
    0.6321    3.0000    0.0068    0.5791    3.0000    0.0064
    0.5252    3.0000    0.0055    0.4710    3.0000    0.0042
    0.4172    3.0000    0.0023    0.3643    3.0000   -0.0003
    0.3131    3.0000   -0.0036    0.2641    3.0000   -0.0076
    0.2180    3.0000   -0.0124    0.1752    3.0000   -0.0179
    0.1362    3.0000   -0.0241    0.1016    3.0000   -0.0308
    0.0717    3.0000   -0.0381    0.0469    3.0000   -0.0458
    0.0274    3.0000   -0.0537    0.0135    3.0000   -0.0618
    0.0054    3.0000   -0.0699    0.0030    3.0000   -0.0780
    0.0066    3.0000   -0.0856    0.0159    3.0000   -0.0923
    0.0309    3.0000   -0.0981    0.0513    3.0000   -0.1029
    0.0771    3.0000   -0.1066    0.1078    3.0000   -0.1092
    0.1430    3.0000   -0.1105    0.1824    3.0000   -0.1106
    0.2256    3.0000   -0.1093    0.2719    3.0000   -0.1069
    0.3209    3.0000   -0.1032    0.3720    3.0000   -0.0985
    0.4246    3.0000   -0.0928    0.4781    3.0000   -0.0864
    0.5318    3.0000   -0.0793    0.5852    3.0000   -0.0717
    0.6376    3.0000   -0.0639    0.6885    3.0000   -0.0560
    0.7371    3.0000   -0.0480    0.7831    3.0000   -0.0403
    0.8257    3.0000   -0.0328    0.8646    3.0000   -0.0259
    0.8993    3.0000   -0.0195    0.9293    3.0000   -0.0138
    0.9544    3.0000   -0.0090    0.9741    3.0000   -0.0051
    0.9885    3.0000   -0.0023    0.9971    3.0000   -0.0006
    1.0000    3.0000    0.0000
$POINTS for network #  2   wingtip                                           
       1.0
       1.0                                     0.0       0.0
      30.0       8.0                                                  wingtip   
    1.0000    3.0000    0.0000    0.9971    3.0000    0.0001
    0.9882    3.0000    0.0005    0.9737    3.0000    0.0011
    0.9535    3.0000    0.0018    0.9280    3.0000    0.0027
    0.8975    3.0000    0.0036    0.8622    3.0000    0.0045
    0.8227    3.0000    0.0054    0.7794    3.0000    0.0061
    0.7329    3.0000    0.0066    0.6836    3.0000    0.0068
    0.6321    3.0000    0.0068    0.5791    3.0000    0.0064
    0.5252    3.0000    0.0055    0.4710    3.0000    0.0042
    0.4172    3.0000    0.0023    0.3643    3.0000   -0.0003
    0.3131    3.0000   -0.0036    0.2641    3.0000   -0.0076
    0.2180    3.0000   -0.0124    0.1752    3.0000   -0.0179
    0.1362    3.0000   -0.0241    0.1016    3.0000   -0.0308
    0.0717    3.0000   -0.0381    0.0469    3.0000   -0.0458
    0.0274    3.0000   -0.0537    0.0135    3.0000   -0.0618
    0.0054    3.0000   -0.0699    0.0030    3.0000   -0.0780
    1.0000    3.0000    0.0000    0.9971    3.0002    0.0001
    0.9882    3.0006    0.0004    0.9737    3.0014    0.0008
    0.9535    3.0024    0.0013    0.9281    3.0036    0.0019
    0.8975    3.0050    0.0025    0.8623    3.0066    0.0030
    0.8229    3.0083    0.0035    0.7796    3.0101    0.0038
    0.7331    3.0119    0.0039    0.6838    3.0137    0.0037
    0.6324    3.0154    0.0033    0.5794    3.0170    0.0025
    0.5255    3.0185    0.0013    0.4713    3.0197   -0.0003
    0.4175    3.0207   -0.0025    0.3647    3.0214   -0.0052
    0.3135    3.0217   -0.0085    0.2645    3.0216   -0.0125
    0.2184    3.0211   -0.0172    0.1755    3.0202   -0.0225
    0.1366    3.0188   -0.0283    0.1019    3.0170   -0.0347
    0.0720    3.0149   -0.0415    0.0471    3.0124   -0.0486
    0.0276    3.0097   -0.0559    0.0136    3.0066   -0.0633
    0.0054    3.0034   -0.0707    0.0030    3.0000   -0.0780
    1.0000    3.0000    0.0000    0.9971    3.0003   -0.0000
    0.9883    3.0011   -0.0000    0.9738    3.0024   -0.0001
    0.9537    3.0042   -0.0002    0.9282    3.0065   -0.0004
    0.8978    3.0091   -0.0007    0.8627    3.0119   -0.0012
    0.8233    3.0150   -0.0018    0.7801    3.0182   -0.0027
    0.7337    3.0214   -0.0037    0.6845    3.0246   -0.0050
    0.6332    3.0277   -0.0065    0.5803    3.0306   -0.0083
    0.5264    3.0333   -0.0104    0.4723    3.0355   -0.0129
    0.4186    3.0373   -0.0156    0.3658    3.0385   -0.0188
    0.3146    3.0391   -0.0224    0.2656    3.0389   -0.0263
    0.2194    3.0380   -0.0306    0.1766    3.0363   -0.0353
    0.1375    3.0339   -0.0403    0.1028    3.0307   -0.0456
    0.0727    3.0269   -0.0510    0.0477    3.0224   -0.0566
    0.0281    3.0174   -0.0621    0.0140    3.0120   -0.0675
    0.0056    3.0061   -0.0729    0.0030    3.0000   -0.0780
    1.0000    3.0000    0.0000    0.9971    3.0003   -0.0001
    0.9883    3.0014   -0.0006    0.9739    3.0030   -0.0013
    0.9538    3.0053   -0.0024    0.9285    3.0081   -0.0037
    0.8982    3.0113   -0.0054    0.8632    3.0149   -0.0073
    0.8239    3.0187   -0.0095    0.7809    3.0227   -0.0120
    0.7345    3.0267   -0.0146    0.6855    3.0307   -0.0176
    0.6343    3.0346   -0.0207    0.5815    3.0382   -0.0240
    0.5278    3.0415   -0.0274    0.4737    3.0443   -0.0310
    0.4200    3.0465   -0.0347    0.3673    3.0480   -0.0385
    0.3161    3.0487   -0.0423    0.2672    3.0485   -0.0462
    0.2209    3.0474   -0.0501    0.1780    3.0453   -0.0539
    0.1389    3.0423   -0.0577    0.1040    3.0383   -0.0613
    0.0738    3.0335   -0.0648    0.0486    3.0279   -0.0680
    0.0288    3.0217   -0.0710    0.0144    3.0149   -0.0737
    0.0058    3.0077   -0.0760    0.0030    3.0000   -0.0780
    1.0000    3.0000    0.0000    0.9971    3.0003   -0.0003
    0.9884    3.0014   -0.0012    0.9740    3.0030   -0.0027
    0.9540    3.0053   -0.0048    0.9288    3.0081   -0.0074
    0.8986    3.0113   -0.0105    0.8637    3.0149   -0.0141
    0.8246    3.0187   -0.0180    0.7817    3.0227   -0.0223
    0.7355    3.0267   -0.0268    0.6866    3.0307   -0.0315
    0.6355    3.0346   -0.0364    0.5828    3.0382   -0.0414
    0.5292    3.0415   -0.0463    0.4753    3.0443   -0.0512
    0.4217    3.0465   -0.0559    0.3690    3.0480   -0.0603
    0.3179    3.0487   -0.0645    0.2689    3.0485   -0.0683
    0.2226    3.0474   -0.0716    0.1796    3.0453   -0.0745
    0.1404    3.0423   -0.0769    0.1054    3.0383   -0.0787
    0.0750    3.0335   -0.0800    0.0496    3.0279   -0.0807
    0.0295    3.0217   -0.0809    0.0150    3.0149   -0.0804
    0.0061    3.0077   -0.0795    0.0030    3.0000   -0.0780
    1.0000    3.0000    0.0000    0.9971    3.0003   -0.0004
    0.9884    3.0011   -0.0018    0.9741    3.0024   -0.0040
    0.9542    3.0042   -0.0070    0.9290    3.0065   -0.0107
    0.8989    3.0091   -0.0151    0.8642    3.0119   -0.0202
    0.8252    3.0150   -0.0257    0.7824    3.0182   -0.0316
    0.7363    3.0214   -0.0377    0.6876    3.0246   -0.0441
    0.6366    3.0277   -0.0506    0.5841    3.0306   -0.0570
    0.5306    3.0333   -0.0633    0.4767    3.0355   -0.0693
    0.4232    3.0373   -0.0749    0.3706    3.0385   -0.0800
    0.3194    3.0391   -0.0845    0.2705    3.0389   -0.0882
    0.2241    3.0380   -0.0911    0.1811    3.0363   -0.0931
    0.1417    3.0339   -0.0942    0.1066    3.0307   -0.0944
    0.0761    3.0269   -0.0937    0.0505    3.0224   -0.0922
    0.0302    3.0174   -0.0898    0.0154    3.0120   -0.0866
    0.0063    3.0061   -0.0826    0.0030    3.0000   -0.0780
    1.0000    3.0000    0.0000    0.9971    3.0002   -0.0005
    0.9884    3.0006   -0.0022    0.9741    3.0014   -0.0048
    0.9543    3.0024   -0.0085    0.9292    3.0036   -0.0130
    0.8992    3.0050   -0.0184    0.8645    3.0066   -0.0244
    0.8256    3.0083   -0.0310    0.7829    3.0101   -0.0380
    0.7369    3.0119   -0.0453    0.6882    3.0137   -0.0528
    0.6374    3.0154   -0.0604    0.5849    3.0170   -0.0679
    0.5315    3.0185   -0.0751    0.4777    3.0197   -0.0819
    0.4242    3.0207   -0.0881    0.3716    3.0214   -0.0936
    0.3205    3.0217   -0.0983    0.2715    3.0216   -0.1020
    0.2252    3.0211   -0.1045    0.1821    3.0202   -0.1060
    0.1427    3.0188   -0.1062    0.1074    3.0170   -0.1053
    0.0768    3.0149   -0.1032    0.0511    3.0124   -0.1001
    0.0307    3.0097   -0.0959    0.0158    3.0066   -0.0908
    0.0065    3.0034   -0.0848    0.0030    3.0000   -0.0780
    1.0000    3.0000    0.0000    0.9971    3.0000   -0.0006
    0.9885    3.0000   -0.0023    0.9741    3.0000   -0.0051
    0.9544    3.0000   -0.0090    0.9293    3.0000   -0.0138
    0.8993    3.0000   -0.0195    0.8646    3.0000   -0.0259
    0.8257    3.0000   -0.0328    0.7831    3.0000   -0.0403
    0.7371    3.0000   -0.0480    0.6885    3.0000   -0.0560
    0.6376    3.0000   -0.0639    0.5852    3.0000   -0.0717
    0.5318    3.0000   -0.0793    0.4781    3.0000   -0.0864
    0.4246    3.0000   -0.0928    0.3720    3.0000   -0.0985
    0.3209    3.0000   -0.1032    0.2719    3.0000   -0.1069
    0.2256    3.0000   -0.1093    0.1824    3.0000   -0.1106
    0.1430    3.0000   -0.1105    0.1078    3.0000   -0.1092
    0.0771    3.0000   -0.1066    0.0513    3.0000   -0.1029
    0.0309    3.0000   -0.0981    0.0159    3.0000   -0.0923
    0.0066    3.0000   -0.0856    0.0030    3.0000   -0.0780
$POINTS for network #  3   wingwake                                          
       1.0
      18.0                                     0.0       0.0
       2.0      30.0                                                  wingwake  
    1.0000    0.0000    0.0000   50.0000    0.0000    0.0000
    1.0000    0.1034    0.0000   50.0000    0.1034    0.0000
    1.0000    0.2069    0.0000   50.0000    0.2069    0.0000
    1.0000    0.3103    0.0000   50.0000    0.3103    0.0000
    1.0000    0.4138    0.0000   50.0000    0.4138    0.0000
    1.0000    0.5172    0.0000   50.0000    0.5172    0.0000
    1.0000    0.6207    0.0000   50.0000    0.6207    0.0000
    1.0000    0.7241    0.0000   50.0000    0.7241    0.0000
    1.0000    0.8276    0.0000   50.0000    0.8276    0.0000
    1.0000    0.9310    0.0000   50.0000    0.9310    0.0000
    1.0000    1.0345    0.0000   50.0000    1.0345    0.0000
    1.0000    1.1379    0.0000   50.0000    1.1379    0.0000
    1.0000    1.2414    0.0000   50.0000    1.2414    0.0000
    1.0000    1.3448    0.0000   50.0000    1.3448    0.0000
    1.0000    1.4483    0.0000   50.0000    1.4483    0.0000
    1.0000    1.5517    0.0000   50.0000    1.5517    0.0000
    1.0000    1.6552    0.0000   50.0000    1.6552    0.0000
    1.0000    1.7586    0.0000   50.0000    1.7586    0.0000
    1.0000    1.8621    0.0000   50.0000    1.8621    0.0000
    1.0000    1.9655    0.0000   50.0000    1.9655    0.0000
    1.0000    2.0690    0.0000   50.0000    2.0690    0.0000
    1.0000    2.1724    0.0000   50.0000    2.1724    0.0000
    1.0000    2.2759    0.0000   50.0000    2.2759    0.0000
    1.0000    2.3793    0.0000   50.0000    2.3793    0.0000
    1.0000    2.4828    0.0000   50.0000    2.4828    0.0000
    1.0000    2.5862    0.0000   50.0000    2.5862    0.0000
    1.0000    2.6897    0.0000   50.0000    2.6897    0.0000
    1.0000    2.7931    0.0000   50.0000    2.7931    0.0000
    1.0000    2.8966    0.0000   50.0000    2.8966    0.0000
    1.0000    3.0000    0.0000   50.0000    3.0000    0.0000
$END OF INPUT DATA
