(f5.0,4f13.4)
$title INPUT FILE FOR PanAir (A502-ht2)                                        
$title Created by PANIN                                                        
$      second order pressures at grid points
*dupt
*dup
n01c001
 irow            x            y            z          cp1
    1  1.00000E+02  0.00000E+00  0.00000E+00  3.98672E-01
    2  9.95722E+01  0.00000E+00  6.20000E-02  3.13982E-01
    3  9.82963E+01  0.00000E+00  2.44900E-01  1.98153E-01
    4  9.61940E+01  0.00000E+00  5.39900E-01  1.28701E-01
    5  9.33013E+01  0.00000E+00  9.33200E-01  7.13433E-02
    6  8.96677E+01  0.00000E+00  1.40760E+00  2.07595E-02
    7  8.53553E+01  0.00000E+00  1.94380E+00 -2.53228E-02
    8  8.04381E+01  0.00000E+00  2.52170E+00 -6.85772E-02
    9  7.50000E+01  0.00000E+00  3.12040E+00 -1.10374E-01
   10  6.91342E+01  0.00000E+00  3.71880E+00 -1.52015E-01
   11  6.29410E+01  0.00000E+00  4.29490E+00 -1.94661E-01
   12  5.65263E+01  0.00000E+00  4.82550E+00 -2.39172E-01
   13  5.00000E+01  0.00000E+00  5.28610E+00 -2.86099E-01
   14  4.34737E+01  0.00000E+00  5.65140E+00 -3.35595E-01
   15  3.70590E+01  0.00000E+00  5.89650E+00 -3.87259E-01
   16  3.08658E+01  0.00000E+00  5.99880E+00 -4.40249E-01
   17  2.50000E+01  0.00000E+00  5.94080E+00 -4.93577E-01
   18  1.95619E+01  0.00000E+00  5.71140E+00 -5.46097E-01
   19  1.46447E+01  0.00000E+00  5.30830E+00 -5.96837E-01
   20  1.03323E+01  0.00000E+00  4.73790E+00 -6.45472E-01
   21  6.69870E+00  0.00000E+00  4.01450E+00 -6.93495E-01
   22  3.80600E+00  0.00000E+00  3.15800E+00 -7.51188E-01
   23  1.70370E+00  0.00000E+00  2.19040E+00 -7.93749E-01
   24  4.27800E-01  0.00000E+00  1.13240E+00 -2.01896E-01
   25  0.00000E+00  0.00000E+00  0.00000E+00  9.86896E-01
   26  4.27800E-01  0.00000E+00 -1.13240E+00  9.49110E-01
   27  1.70370E+00  0.00000E+00 -2.19040E+00  2.09738E-01
   28  3.80600E+00  0.00000E+00 -3.15800E+00 -5.69276E-02
   29  6.69870E+00  0.00000E+00 -4.01450E+00 -1.62621E-01
   30  1.03323E+01  0.00000E+00 -4.73790E+00 -2.19951E-01
   31  1.46447E+01  0.00000E+00 -5.30830E+00 -2.48520E-01
   32  1.95619E+01  0.00000E+00 -5.71140E+00 -2.57335E-01
   33  2.50000E+01  0.00000E+00 -5.94080E+00 -2.52186E-01
   34  3.08658E+01  0.00000E+00 -5.99880E+00 -2.37318E-01
   35  3.70590E+01  0.00000E+00 -5.89650E+00 -2.16023E-01
   36  4.34737E+01  0.00000E+00 -5.65140E+00 -1.90782E-01
   37  5.00000E+01  0.00000E+00 -5.28610E+00 -1.63508E-01
   38  5.65263E+01  0.00000E+00 -4.82550E+00 -1.35453E-01
   39  6.29410E+01  0.00000E+00 -4.29490E+00 -1.07150E-01
   40  6.91342E+01  0.00000E+00 -3.71880E+00 -7.85730E-02
   41  7.50000E+01  0.00000E+00 -3.12040E+00 -4.92854E-02
   42  8.04381E+01  0.00000E+00 -2.52170E+00 -1.84689E-02
   43  8.53553E+01  0.00000E+00 -1.94380E+00  1.49437E-02
   44  8.96677E+01  0.00000E+00 -1.40760E+00  5.21496E-02
   45  9.33013E+01  0.00000E+00 -9.33200E-01  9.47052E-02
   46  9.61940E+01  0.00000E+00 -5.39900E-01  1.44864E-01
   47  9.82963E+01  0.00000E+00 -2.44900E-01  2.07754E-01
   48  9.95722E+01  0.00000E+00 -6.20000E-02  3.16888E-01
   49  1.00000E+02  0.00000E+00  0.00000E+00  3.97630E-01
*eof
n01c002
    1  1.00000E+02  1.57895E+01  0.00000E+00  3.98645E-01
    2  9.95722E+01  1.57895E+01  6.20000E-02  3.24405E-01
    3  9.82963E+01  1.57895E+01  2.44900E-01  2.15357E-01
    4  9.61940E+01  1.57895E+01  5.39900E-01  1.37992E-01
    5  9.33013E+01  1.57895E+01  9.33200E-01  7.68199E-02
    6  8.96677E+01  1.57895E+01  1.40760E+00  2.42915E-02
    7  8.53553E+01  1.57895E+01  1.94380E+00 -2.29630E-02
    8  8.04381E+01  1.57895E+01  2.52170E+00 -6.70267E-02
    9  7.50000E+01  1.57895E+01  3.12040E+00 -1.09456E-01
   10  6.91342E+01  1.57895E+01  3.71880E+00 -1.51613E-01
   11  6.29410E+01  1.57895E+01  4.29490E+00 -1.94675E-01
   12  5.65263E+01  1.57895E+01  4.82550E+00 -2.39515E-01
   13  5.00000E+01  1.57895E+01  5.28610E+00 -2.86684E-01
   14  4.34737E+01  1.57895E+01  5.65140E+00 -3.36331E-01
   15  3.70590E+01  1.57895E+01  5.89650E+00 -3.88088E-01
   16  3.08658E+01  1.57895E+01  5.99880E+00 -4.41176E-01
   17  2.50000E+01  1.57895E+01  5.94080E+00 -4.94626E-01
   18  1.95619E+01  1.57895E+01  5.71140E+00 -5.47311E-01
   19  1.46447E+01  1.57895E+01  5.30830E+00 -5.98122E-01
   20  1.03323E+01  1.57895E+01  4.73790E+00 -6.46028E-01
   21  6.69870E+00  1.57895E+01  4.01450E+00 -6.88995E-01
   22  3.80600E+00  1.57895E+01  3.15800E+00 -7.17432E-01
   23  1.70370E+00  1.57895E+01  2.19040E+00 -6.54007E-01
   24  4.27800E-01  1.57895E+01  1.13240E+00 -1.03182E-01
   25  0.00000E+00  1.57895E+01  0.00000E+00  8.36015E-01
   26  4.27800E-01  1.57895E+01 -1.13240E+00  8.34831E-01
   27  1.70370E+00  1.57895E+01 -2.19040E+00  2.83681E-01
   28  3.80600E+00  1.57895E+01 -3.15800E+00 -4.91859E-03
   29  6.69870E+00  1.57895E+01 -4.01450E+00 -1.39686E-01
   30  1.03323E+01  1.57895E+01 -4.73790E+00 -2.09006E-01
   31  1.46447E+01  1.57895E+01 -5.30830E+00 -2.42718E-01
   32  1.95619E+01  1.57895E+01 -5.71140E+00 -2.54015E-01
   33  2.50000E+01  1.57895E+01 -5.94080E+00 -2.50225E-01
   34  3.08658E+01  1.57895E+01 -5.99880E+00 -2.36189E-01
   35  3.70590E+01  1.57895E+01 -5.89650E+00 -2.15424E-01
   36  4.34737E+01  1.57895E+01 -5.65140E+00 -1.90521E-01
   37  5.00000E+01  1.57895E+01 -5.28610E+00 -1.63411E-01
   38  5.65263E+01  1.57895E+01 -4.82550E+00 -1.35349E-01
   39  6.29410E+01  1.57895E+01 -4.29490E+00 -1.06895E-01
   40  6.91342E+01  1.57895E+01 -3.71880E+00 -7.80422E-02
   41  7.50000E+01  1.57895E+01 -3.12040E+00 -4.83499E-02
   42  8.04381E+01  1.57895E+01 -2.52170E+00 -1.69907E-02
   43  8.53553E+01  1.57895E+01 -1.94380E+00  1.71522E-02
   44  8.96677E+01  1.57895E+01 -1.40760E+00  5.54516E-02
   45  9.33013E+01  1.57895E+01 -9.33200E-01  9.98598E-02
   46  9.61940E+01  1.57895E+01 -5.39900E-01  1.53676E-01
   47  9.82963E+01  1.57895E+01 -2.44900E-01  2.24270E-01
   48  9.95722E+01  1.57895E+01 -6.20000E-02  3.26949E-01
   49  1.00000E+02  1.57895E+01  0.00000E+00  3.97604E-01
*eof
n01c003
    1  1.00000E+02  3.15789E+01  0.00000E+00  3.98644E-01
    2  9.95722E+01  3.15789E+01  6.20000E-02  3.20198E-01
    3  9.82963E+01  3.15789E+01  2.44900E-01  2.10140E-01
    4  9.61940E+01  3.15789E+01  5.39900E-01  1.35102E-01
    5  9.33013E+01  3.15789E+01  9.33200E-01  7.51270E-02
    6  8.96677E+01  3.15789E+01  1.40760E+00  2.32315E-02
    7  8.53553E+01  3.15789E+01  1.94380E+00 -2.36307E-02
    8  8.04381E+01  3.15789E+01  2.52170E+00 -6.74167E-02
    9  7.50000E+01  3.15789E+01  3.12040E+00 -1.09625E-01
   10  6.91342E+01  3.15789E+01  3.71880E+00 -1.51599E-01
   11  6.29410E+01  3.15789E+01  4.29490E+00 -1.94510E-01
   12  5.65263E+01  3.15789E+01  4.82550E+00 -2.39229E-01
   13  5.00000E+01  3.15789E+01  5.28610E+00 -2.86307E-01
   14  4.34737E+01  3.15789E+01  5.65140E+00 -3.35897E-01
   15  3.70590E+01  3.15789E+01  5.89650E+00 -3.87625E-01
   16  3.08658E+01  3.15789E+01  5.99880E+00 -4.40696E-01
   17  2.50000E+01  3.15789E+01  5.94080E+00 -4.94139E-01
   18  1.95619E+01  3.15789E+01  5.71140E+00 -5.46812E-01
   19  1.46447E+01  3.15789E+01  5.30830E+00 -5.97611E-01
   20  1.03323E+01  3.15789E+01  4.73790E+00 -6.45669E-01
   21  6.69870E+00  3.15789E+01  4.01450E+00 -6.89930E-01
   22  3.80600E+00  3.15789E+01  3.15800E+00 -7.26505E-01
   23  1.70370E+00  3.15789E+01  2.19040E+00 -6.94731E-01
   24  4.27800E-01  3.15789E+01  1.13240E+00 -1.38520E-01
   25  0.00000E+00  3.15789E+01  0.00000E+00  8.92097E-01
   26  4.27800E-01  3.15789E+01 -1.13240E+00  8.68121E-01
   27  1.70370E+00  3.15789E+01 -2.19040E+00  2.59569E-01
   28  3.80600E+00  3.15789E+01 -3.15800E+00 -2.15934E-02
   29  6.69870E+00  3.15789E+01 -4.01450E+00 -1.47621E-01
   30  1.03323E+01  3.15789E+01 -4.73790E+00 -2.13220E-01
   31  1.46447E+01  3.15789E+01 -5.30830E+00 -2.45237E-01
   32  1.95619E+01  3.15789E+01 -5.71140E+00 -2.55635E-01
   33  2.50000E+01  3.15789E+01 -5.94080E+00 -2.51297E-01
   34  3.08658E+01  3.15789E+01 -5.99880E+00 -2.36901E-01
   35  3.70590E+01  3.15789E+01 -5.89650E+00 -2.15895E-01
   36  4.34737E+01  3.15789E+01 -5.65140E+00 -1.90830E-01
   37  5.00000E+01  3.15789E+01 -5.28610E+00 -1.63629E-01
   38  5.65263E+01  3.15789E+01 -4.82550E+00 -1.35538E-01
   39  6.29410E+01  3.15789E+01 -4.29490E+00 -1.07107E-01
   40  6.91342E+01  3.15789E+01 -3.71880E+00 -7.83216E-02
   41  7.50000E+01  3.15789E+01 -3.12040E+00 -4.87405E-02
   42  8.04381E+01  3.15789E+01 -2.52170E+00 -1.75395E-02
   43  8.53553E+01  3.15789E+01 -1.94380E+00  1.63828E-02
   44  8.96677E+01  3.15789E+01 -1.40760E+00  5.43447E-02
   45  9.33013E+01  3.15789E+01 -9.33200E-01  9.81752E-02
   46  9.61940E+01  3.15789E+01 -5.39900E-01  1.50862E-01
   47  9.82963E+01  3.15789E+01 -2.44900E-01  2.19197E-01
   48  9.95722E+01  3.15789E+01 -6.20000E-02  3.22862E-01
   49  1.00000E+02  3.15789E+01  0.00000E+00  3.97606E-01
*eof
n01c004
    1  1.00000E+02  4.73684E+01  0.00000E+00  3.98682E-01
    2  9.95722E+01  4.73684E+01  6.20000E-02  3.20246E-01
    3  9.82963E+01  4.73684E+01  2.44900E-01  2.10210E-01
    4  9.61940E+01  4.73684E+01  5.39900E-01  1.35196E-01
    5  9.33013E+01  4.73684E+01  9.33200E-01  7.52453E-02
    6  8.96677E+01  4.73684E+01  1.40760E+00  2.33783E-02
    7  8.53553E+01  4.73684E+01  1.94380E+00 -2.34524E-02
    8  8.04381E+01  4.73684E+01  2.52170E+00 -6.72048E-02
    9  7.50000E+01  4.73684E+01  3.12040E+00 -1.09377E-01
   10  6.91342E+01  4.73684E+01  3.71880E+00 -1.51315E-01
   11  6.29410E+01  4.73684E+01  4.29490E+00 -1.94188E-01
   12  5.65263E+01  4.73684E+01  4.82550E+00 -2.38865E-01
   13  5.00000E+01  4.73684E+01  5.28610E+00 -2.85898E-01
   14  4.34737E+01  4.73684E+01  5.65140E+00 -3.35434E-01
   15  3.70590E+01  4.73684E+01  5.89650E+00 -3.87096E-01
   16  3.08658E+01  4.73684E+01  5.99880E+00 -4.40077E-01
   17  2.50000E+01  4.73684E+01  5.94080E+00 -4.93400E-01
   18  1.95619E+01  4.73684E+01  5.71140E+00 -5.45928E-01
   19  1.46447E+01  4.73684E+01  5.30830E+00 -5.96585E-01
   20  1.03323E+01  4.73684E+01  4.73790E+00 -6.44572E-01
   21  6.69870E+00  4.73684E+01  4.01450E+00 -6.88895E-01
   22  3.80600E+00  4.73684E+01  3.15800E+00 -7.25556E-01
   23  1.70370E+00  4.73684E+01  2.19040E+00 -6.93512E-01
   24  4.27800E-01  4.73684E+01  1.13240E+00 -1.36960E-01
   25  0.00000E+00  4.73684E+01  0.00000E+00  8.92531E-01
   26  4.27800E-01  4.73684E+01 -1.13240E+00  8.66975E-01
   27  1.70370E+00  4.73684E+01 -2.19040E+00  2.58164E-01
   28  3.80600E+00  4.73684E+01 -3.15800E+00 -2.26877E-02
   29  6.69870E+00  4.73684E+01 -4.01450E+00 -1.48300E-01
   30  1.03323E+01  4.73684E+01 -4.73790E+00 -2.13582E-01
   31  1.46447E+01  4.73684E+01 -5.30830E+00 -2.45456E-01
   32  1.95619E+01  4.73684E+01 -5.71140E+00 -2.55822E-01
   33  2.50000E+01  4.73684E+01 -5.94080E+00 -2.51490E-01
   34  3.08658E+01  4.73684E+01 -5.99880E+00 -2.37099E-01
   35  3.70590E+01  4.73684E+01 -5.89650E+00 -2.16088E-01
   36  4.34737E+01  4.73684E+01 -5.65140E+00 -1.91009E-01
   37  5.00000E+01  4.73684E+01 -5.28610E+00 -1.63789E-01
   38  5.65263E+01  4.73684E+01 -4.82550E+00 -1.35678E-01
   39  6.29410E+01  4.73684E+01 -4.29490E+00 -1.07228E-01
   40  6.91342E+01  4.73684E+01 -3.71880E+00 -7.84235E-02
   41  7.50000E+01  4.73684E+01 -3.12040E+00 -4.88248E-02
   42  8.04381E+01  4.73684E+01 -2.52170E+00 -1.76073E-02
   43  8.53553E+01  4.73684E+01 -1.94380E+00  1.63310E-02
   44  8.96677E+01  4.73684E+01 -1.40760E+00  5.43089E-02
   45  9.33013E+01  4.73684E+01 -9.33200E-01  9.81562E-02
   46  9.61940E+01  4.73684E+01 -5.39900E-01  1.50861E-01
   47  9.82963E+01  4.73684E+01 -2.44900E-01  2.19211E-01
   48  9.95722E+01  4.73684E+01 -6.20000E-02  3.22888E-01
   49  1.00000E+02  4.73684E+01  0.00000E+00  3.97639E-01
*eof
n01c005
    1  1.00000E+02  6.31579E+01  0.00000E+00  3.98731E-01
    2  9.95722E+01  6.31579E+01  6.20000E-02  3.20313E-01
    3  9.82963E+01  6.31579E+01  2.44900E-01  2.10311E-01
    4  9.61940E+01  6.31579E+01  5.39900E-01  1.35331E-01
    5  9.33013E+01  6.31579E+01  9.33200E-01  7.54184E-02
    6  8.96677E+01  6.31579E+01  1.40760E+00  2.35909E-02
    7  8.53553E+01  6.31579E+01  1.94380E+00 -2.31983E-02
    8  8.04381E+01  6.31579E+01  2.52170E+00 -6.69072E-02
    9  7.50000E+01  6.31579E+01  3.12040E+00 -1.09034E-01
   10  6.91342E+01  6.31579E+01  3.71880E+00 -1.50924E-01
   11  6.29410E+01  6.31579E+01  4.29490E+00 -1.93747E-01
   12  5.65263E+01  6.31579E+01  4.82550E+00 -2.38372E-01
   13  5.00000E+01  6.31579E+01  5.28610E+00 -2.85350E-01
   14  4.34737E+01  6.31579E+01  5.65140E+00 -3.34826E-01
   15  3.70590E+01  6.31579E+01  5.89650E+00 -3.86424E-01
   16  3.08658E+01  6.31579E+01  5.99880E+00 -4.39335E-01
   17  2.50000E+01  6.31579E+01  5.94080E+00 -4.92581E-01
   18  1.95619E+01  6.31579E+01  5.71140E+00 -5.45017E-01
   19  1.46447E+01  6.31579E+01  5.30830E+00 -5.95556E-01
   20  1.03323E+01  6.31579E+01  4.73790E+00 -6.43375E-01
   21  6.69870E+00  6.31579E+01  4.01450E+00 -6.87448E-01
   22  3.80600E+00  6.31579E+01  3.15800E+00 -7.23712E-01
   23  1.70370E+00  6.31579E+01  2.19040E+00 -6.91011E-01
   24  4.27800E-01  6.31579E+01  1.13240E+00 -1.34030E-01
   25  0.00000E+00  6.31579E+01  0.00000E+00  8.93659E-01
   26  4.27800E-01  6.31579E+01 -1.13240E+00  8.65731E-01
   27  1.70370E+00  6.31579E+01 -2.19040E+00  2.56622E-01
   28  3.80600E+00  6.31579E+01 -3.15800E+00 -2.39013E-02
   29  6.69870E+00  6.31579E+01 -4.01450E+00 -1.49276E-01
   30  1.03323E+01  6.31579E+01 -4.73790E+00 -2.14391E-01
   31  1.46447E+01  6.31579E+01 -5.30830E+00 -2.46138E-01
   32  1.95619E+01  6.31579E+01 -5.71140E+00 -2.56399E-01
   33  2.50000E+01  6.31579E+01 -5.94080E+00 -2.51979E-01
   34  3.08658E+01  6.31579E+01 -5.99880E+00 -2.37517E-01
   35  3.70590E+01  6.31579E+01 -5.89650E+00 -2.16447E-01
   36  4.34737E+01  6.31579E+01 -5.65140E+00 -1.91320E-01
   37  5.00000E+01  6.31579E+01 -5.28610E+00 -1.64057E-01
   38  5.65263E+01  6.31579E+01 -4.82550E+00 -1.35908E-01
   39  6.29410E+01  6.31579E+01 -4.29490E+00 -1.07423E-01
   40  6.91342E+01  6.31579E+01 -3.71880E+00 -7.85870E-02
   41  7.50000E+01  6.31579E+01 -3.12040E+00 -4.89580E-02
   42  8.04381E+01  6.31579E+01 -2.52170E+00 -1.77116E-02
   43  8.53553E+01  6.31579E+01 -1.94380E+00  1.62545E-02
   44  8.96677E+01  6.31579E+01 -1.40760E+00  5.42590E-02
   45  9.33013E+01  6.31579E+01 -9.33200E-01  9.81314E-02
   46  9.61940E+01  6.31579E+01 -5.39900E-01  1.50860E-01
   47  9.82963E+01  6.31579E+01 -2.44900E-01  2.19230E-01
   48  9.95722E+01  6.31579E+01 -6.20000E-02  3.22922E-01
   49  1.00000E+02  6.31579E+01  0.00000E+00  3.97680E-01
*eof
n01c006
    1  1.00000E+02  7.89474E+01  0.00000E+00  3.98797E-01
    2  9.95722E+01  7.89474E+01  6.20000E-02  3.20403E-01
    3  9.82963E+01  7.89474E+01  2.44900E-01  2.10446E-01
    4  9.61940E+01  7.89474E+01  5.39900E-01  1.35513E-01
    5  9.33013E+01  7.89474E+01  9.33200E-01  7.56503E-02
    6  8.96677E+01  7.89474E+01  1.40760E+00  2.38759E-02
    7  8.53553E+01  7.89474E+01  1.94380E+00 -2.28573E-02
    8  8.04381E+01  7.89474E+01  2.52170E+00 -6.65076E-02
    9  7.50000E+01  7.89474E+01  3.12040E+00 -1.08574E-01
   10  6.91342E+01  7.89474E+01  3.71880E+00 -1.50400E-01
   11  6.29410E+01  7.89474E+01  4.29490E+00 -1.93157E-01
   12  5.65263E+01  7.89474E+01  4.82550E+00 -2.37712E-01
   13  5.00000E+01  7.89474E+01  5.28610E+00 -2.84616E-01
   14  4.34737E+01  7.89474E+01  5.65140E+00 -3.34014E-01
   15  3.70590E+01  7.89474E+01  5.89650E+00 -3.85526E-01
   16  3.08658E+01  7.89474E+01  5.99880E+00 -4.38343E-01
   17  2.50000E+01  7.89474E+01  5.94080E+00 -4.91480E-01
   18  1.95619E+01  7.89474E+01  5.71140E+00 -5.43785E-01
   19  1.46447E+01  7.89474E+01  5.30830E+00 -5.94160E-01
   20  1.03323E+01  7.89474E+01  4.73790E+00 -6.41761E-01
   21  6.69870E+00  7.89474E+01  4.01450E+00 -6.85521E-01
   22  3.80600E+00  7.89474E+01  3.15800E+00 -7.21290E-01
   23  1.70370E+00  7.89474E+01  2.19040E+00 -6.87750E-01
   24  4.27800E-01  7.89474E+01  1.13240E+00 -1.30227E-01
   25  0.00000E+00  7.89474E+01  0.00000E+00  8.95068E-01
   26  4.27800E-01  7.89474E+01 -1.13240E+00  8.64040E-01
   27  1.70370E+00  7.89474E+01 -2.19040E+00  2.54567E-01
   28  3.80600E+00  7.89474E+01 -3.15800E+00 -2.55081E-02
   29  6.69870E+00  7.89474E+01 -4.01450E+00 -1.50550E-01
   30  1.03323E+01  7.89474E+01 -4.73790E+00 -2.15435E-01
   31  1.46447E+01  7.89474E+01 -5.30830E+00 -2.47011E-01
   32  1.95619E+01  7.89474E+01 -5.71140E+00 -2.57140E-01
   33  2.50000E+01  7.89474E+01 -5.94080E+00 -2.52614E-01
   34  3.08658E+01  7.89474E+01 -5.99880E+00 -2.38064E-01
   35  3.70590E+01  7.89474E+01 -5.89650E+00 -2.16920E-01
   36  4.34737E+01  7.89474E+01 -5.65140E+00 -1.91728E-01
   37  5.00000E+01  7.89474E+01 -5.28610E+00 -1.64409E-01
   38  5.65263E+01  7.89474E+01 -4.82550E+00 -1.36210E-01
   39  6.29410E+01  7.89474E+01 -4.29490E+00 -1.07679E-01
   40  6.91342E+01  7.89474E+01 -3.71880E+00 -7.88006E-02
   41  7.50000E+01  7.89474E+01 -3.12040E+00 -4.91317E-02
   42  8.04381E+01  7.89474E+01 -2.52170E+00 -1.78474E-02
   43  8.53553E+01  7.89474E+01 -1.94380E+00  1.61550E-02
   44  8.96677E+01  7.89474E+01 -1.40760E+00  5.41942E-02
   45  9.33013E+01  7.89474E+01 -9.33200E-01  9.80997E-02
   46  9.61940E+01  7.89474E+01 -5.39900E-01  1.50859E-01
   47  9.82963E+01  7.89474E+01 -2.44900E-01  2.19256E-01
   48  9.95722E+01  7.89474E+01 -6.20000E-02  3.22969E-01
   49  1.00000E+02  7.89474E+01  0.00000E+00  3.97734E-01
*eof
n01c007
    1  1.00000E+02  9.47368E+01  0.00000E+00  3.98882E-01
    2  9.95722E+01  9.47368E+01  6.20000E-02  3.20519E-01
    3  9.82963E+01  9.47368E+01  2.44900E-01  2.10619E-01
    4  9.61940E+01  9.47368E+01  5.39900E-01  1.35747E-01
    5  9.33013E+01  9.47368E+01  9.33200E-01  7.59488E-02
    6  8.96677E+01  9.47368E+01  1.40760E+00  2.42432E-02
    7  8.53553E+01  9.47368E+01  1.94380E+00 -2.24176E-02
    8  8.04381E+01  9.47368E+01  2.52170E+00 -6.59921E-02
    9  7.50000E+01  9.47368E+01  3.12040E+00 -1.07979E-01
   10  6.91342E+01  9.47368E+01  3.71880E+00 -1.49724E-01
   11  6.29410E+01  9.47368E+01  4.29490E+00 -1.92395E-01
   12  5.65263E+01  9.47368E+01  4.82550E+00 -2.36861E-01
   13  5.00000E+01  9.47368E+01  5.28610E+00 -2.83671E-01
   14  4.34737E+01  9.47368E+01  5.65140E+00 -3.32970E-01
   15  3.70590E+01  9.47368E+01  5.89650E+00 -3.84374E-01
   16  3.08658E+01  9.47368E+01  5.99880E+00 -4.37070E-01
   17  2.50000E+01  9.47368E+01  5.94080E+00 -4.90070E-01
   18  1.95619E+01  9.47368E+01  5.71140E+00 -5.42212E-01
   19  1.46447E+01  9.47368E+01  5.30830E+00 -5.92380E-01
   20  1.03323E+01  9.47368E+01  4.73790E+00 -6.39706E-01
   21  6.69870E+00  9.47368E+01  4.01450E+00 -6.83072E-01
   22  3.80600E+00  9.47368E+01  3.15800E+00 -7.18218E-01
   23  1.70370E+00  9.47368E+01  2.19040E+00 -6.83621E-01
   24  4.27800E-01  9.47368E+01  1.13240E+00 -1.25424E-01
   25  0.00000E+00  9.47368E+01  0.00000E+00  8.96837E-01
   26  4.27800E-01  9.47368E+01 -1.13240E+00  8.61900E-01
   27  1.70370E+00  9.47368E+01 -2.19040E+00  2.51976E-01
   28  3.80600E+00  9.47368E+01 -3.15800E+00 -2.75298E-02
   29  6.69870E+00  9.47368E+01 -4.01450E+00 -1.52153E-01
   30  1.03323E+01  9.47368E+01 -4.73790E+00 -2.16747E-01
   31  1.46447E+01  9.47368E+01 -5.30830E+00 -2.48108E-01
   32  1.95619E+01  9.47368E+01 -5.71140E+00 -2.58070E-01
   33  2.50000E+01  9.47368E+01 -5.94080E+00 -2.53411E-01
   34  3.08658E+01  9.47368E+01 -5.99880E+00 -2.38750E-01
   35  3.70590E+01  9.47368E+01 -5.89650E+00 -2.17512E-01
   36  4.34737E+01  9.47368E+01 -5.65140E+00 -1.92240E-01
   37  5.00000E+01  9.47368E+01 -5.28610E+00 -1.64850E-01
   38  5.65263E+01  9.47368E+01 -4.82550E+00 -1.36588E-01
   39  6.29410E+01  9.47368E+01 -4.29490E+00 -1.07999E-01
   40  6.91342E+01  9.47368E+01 -3.71880E+00 -7.90673E-02
   41  7.50000E+01  9.47368E+01 -3.12040E+00 -4.93485E-02
   42  8.04381E+01  9.47368E+01 -2.52170E+00 -1.80167E-02
   43  8.53553E+01  9.47368E+01 -1.94380E+00  1.60312E-02
   44  8.96677E+01  9.47368E+01 -1.40760E+00  5.41141E-02
   45  9.33013E+01  9.47368E+01 -9.33200E-01  9.80612E-02
   46  9.61940E+01  9.47368E+01 -5.39900E-01  1.50859E-01
   47  9.82963E+01  9.47368E+01 -2.44900E-01  2.19291E-01
   48  9.95722E+01  9.47368E+01 -6.20000E-02  3.23029E-01
   49  1.00000E+02  9.47368E+01  0.00000E+00  3.97804E-01
*eof
n01c008
    1  1.00000E+02  1.10526E+02  0.00000E+00  3.98987E-01
    2  9.95722E+01  1.10526E+02  6.20000E-02  3.20664E-01
    3  9.82963E+01  1.10526E+02  2.44900E-01  2.10836E-01
    4  9.61940E+01  1.10526E+02  5.39900E-01  1.36041E-01
    5  9.33013E+01  1.10526E+02  9.33200E-01  7.63245E-02
    6  8.96677E+01  1.10526E+02  1.40760E+00  2.47059E-02
    7  8.53553E+01  1.10526E+02  1.94380E+00 -2.18630E-02
    8  8.04381E+01  1.10526E+02  2.52170E+00 -6.53413E-02
    9  7.50000E+01  1.10526E+02  3.12040E+00 -1.07228E-01
   10  6.91342E+01  1.10526E+02  3.71880E+00 -1.48869E-01
   11  6.29410E+01  1.10526E+02  4.29490E+00 -1.91432E-01
   12  5.65263E+01  1.10526E+02  4.82550E+00 -2.35786E-01
   13  5.00000E+01  1.10526E+02  5.28610E+00 -2.82479E-01
   14  4.34737E+01  1.10526E+02  5.65140E+00 -3.31653E-01
   15  3.70590E+01  1.10526E+02  5.89650E+00 -3.82923E-01
   16  3.08658E+01  1.10526E+02  5.99880E+00 -4.35472E-01
   17  2.50000E+01  1.10526E+02  5.94080E+00 -4.88304E-01
   18  1.95619E+01  1.10526E+02  5.71140E+00 -5.40245E-01
   19  1.46447E+01  1.10526E+02  5.30830E+00 -5.90162E-01
   20  1.03323E+01  1.10526E+02  4.73790E+00 -6.37152E-01
   21  6.69870E+00  1.10526E+02  4.01450E+00 -6.80036E-01
   22  3.80600E+00  1.10526E+02  3.15800E+00 -7.14421E-01
   23  1.70370E+00  1.10526E+02  2.19040E+00 -6.78531E-01
   24  4.27800E-01  1.10526E+02  1.13240E+00 -1.19521E-01
   25  0.00000E+00  1.10526E+02  0.00000E+00  8.98995E-01
   26  4.27800E-01  1.10526E+02 -1.13240E+00  8.59260E-01
   27  1.70370E+00  1.10526E+02 -2.19040E+00  2.48796E-01
   28  3.80600E+00  1.10526E+02 -3.15800E+00 -3.00070E-02
   29  6.69870E+00  1.10526E+02 -4.01450E+00 -1.54113E-01
   30  1.03323E+01  1.10526E+02 -4.73790E+00 -2.18349E-01
   31  1.46447E+01  1.10526E+02 -5.30830E+00 -2.49446E-01
   32  1.95619E+01  1.10526E+02 -5.71140E+00 -2.59204E-01
   33  2.50000E+01  1.10526E+02 -5.94080E+00 -2.54380E-01
   34  3.08658E+01  1.10526E+02 -5.99880E+00 -2.39583E-01
   35  3.70590E+01  1.10526E+02 -5.89650E+00 -2.18231E-01
   36  4.34737E+01  1.10526E+02 -5.65140E+00 -1.92859E-01
   37  5.00000E+01  1.10526E+02 -5.28610E+00 -1.65383E-01
   38  5.65263E+01  1.10526E+02 -4.82550E+00 -1.37044E-01
   39  6.29410E+01  1.10526E+02 -4.29490E+00 -1.08386E-01
   40  6.91342E+01  1.10526E+02 -3.71880E+00 -7.93894E-02
   41  7.50000E+01  1.10526E+02 -3.12040E+00 -4.96103E-02
   42  8.04381E+01  1.10526E+02 -2.52170E+00 -1.82210E-02
   43  8.53553E+01  1.10526E+02 -1.94380E+00  1.58821E-02
   44  8.96677E+01  1.10526E+02 -1.40760E+00  5.40180E-02
   45  9.33013E+01  1.10526E+02 -9.33200E-01  9.80159E-02
   46  9.61940E+01  1.10526E+02 -5.39900E-01  1.50861E-01
   47  9.82963E+01  1.10526E+02 -2.44900E-01  2.19335E-01
   48  9.95722E+01  1.10526E+02 -6.20000E-02  3.23105E-01
   49  1.00000E+02  1.10526E+02  0.00000E+00  3.97892E-01
*eof
n01c009
    1  1.00000E+02  1.26316E+02  0.00000E+00  3.99117E-01
    2  9.95722E+01  1.26316E+02  6.20000E-02  3.20843E-01
    3  9.82963E+01  1.26316E+02  2.44900E-01  2.11105E-01
    4  9.61940E+01  1.26316E+02  5.39900E-01  1.36405E-01
    5  9.33013E+01  1.26316E+02  9.33200E-01  7.67909E-02
    6  8.96677E+01  1.26316E+02  1.40760E+00  2.52816E-02
    7  8.53553E+01  1.26316E+02  1.94380E+00 -2.11717E-02
    8  8.04381E+01  1.26316E+02  2.52170E+00 -6.45288E-02
    9  7.50000E+01  1.26316E+02  3.12040E+00 -1.06289E-01
   10  6.91342E+01  1.26316E+02  3.71880E+00 -1.47799E-01
   11  6.29410E+01  1.26316E+02  4.29490E+00 -1.90227E-01
   12  5.65263E+01  1.26316E+02  4.82550E+00 -2.34441E-01
   13  5.00000E+01  1.26316E+02  5.28610E+00 -2.80989E-01
   14  4.34737E+01  1.26316E+02  5.65140E+00 -3.30010E-01
   15  3.70590E+01  1.26316E+02  5.89650E+00 -3.81117E-01
   16  3.08658E+01  1.26316E+02  5.99880E+00 -4.33487E-01
   17  2.50000E+01  1.26316E+02  5.94080E+00 -4.86116E-01
   18  1.95619E+01  1.26316E+02  5.71140E+00 -5.37816E-01
   19  1.46447E+01  1.26316E+02  5.30830E+00 -5.87432E-01
   20  1.03323E+01  1.26316E+02  4.73790E+00 -6.34020E-01
   21  6.69870E+00  1.26316E+02  4.01450E+00 -6.76328E-01
   22  3.80600E+00  1.26316E+02  3.15800E+00 -7.09797E-01
   23  1.70370E+00  1.26316E+02  2.19040E+00 -6.72354E-01
   24  4.27800E-01  1.26316E+02  1.13240E+00 -1.12383E-01
   25  0.00000E+00  1.26316E+02  0.00000E+00  9.01581E-01
   26  4.27800E-01  1.26316E+02 -1.13240E+00  8.56054E-01
   27  1.70370E+00  1.26316E+02 -2.19040E+00  2.44955E-01
   28  3.80600E+00  1.26316E+02 -3.15800E+00 -3.29900E-02
   29  6.69870E+00  1.26316E+02 -4.01450E+00 -1.56469E-01
   30  1.03323E+01  1.26316E+02 -4.73790E+00 -2.20271E-01
   31  1.46447E+01  1.26316E+02 -5.30830E+00 -2.51047E-01
   32  1.95619E+01  1.26316E+02 -5.71140E+00 -2.60557E-01
   33  2.50000E+01  1.26316E+02 -5.94080E+00 -2.55533E-01
   34  3.08658E+01  1.26316E+02 -5.99880E+00 -2.40573E-01
   35  3.70590E+01  1.26316E+02 -5.89650E+00 -2.19083E-01
   36  4.34737E+01  1.26316E+02 -5.65140E+00 -1.93592E-01
   37  5.00000E+01  1.26316E+02 -5.28610E+00 -1.66013E-01
   38  5.65263E+01  1.26316E+02 -4.82550E+00 -1.37582E-01
   39  6.29410E+01  1.26316E+02 -4.29490E+00 -1.08841E-01
   40  6.91342E+01  1.26316E+02 -3.71880E+00 -7.97694E-02
   41  7.50000E+01  1.26316E+02 -3.12040E+00 -4.99192E-02
   42  8.04381E+01  1.26316E+02 -2.52170E+00 -1.84622E-02
   43  8.53553E+01  1.26316E+02 -1.94380E+00  1.57061E-02
   44  8.96677E+01  1.26316E+02 -1.40760E+00  5.39051E-02
   45  9.33013E+01  1.26316E+02 -9.33200E-01  9.79636E-02
   46  9.61940E+01  1.26316E+02 -5.39900E-01  1.50866E-01
   47  9.82963E+01  1.26316E+02 -2.44900E-01  2.19392E-01
   48  9.95722E+01  1.26316E+02 -6.20000E-02  3.23200E-01
   49  1.00000E+02  1.26316E+02  0.00000E+00  3.98002E-01
*eof
n01c010
    1  1.00000E+02  1.42105E+02  0.00000E+00  3.99274E-01
    2  9.95722E+01  1.42105E+02  6.20000E-02  3.21060E-01
    3  9.82963E+01  1.42105E+02  2.44900E-01  2.11433E-01
    4  9.61940E+01  1.42105E+02  5.39900E-01  1.36852E-01
    5  9.33013E+01  1.42105E+02  9.33200E-01  7.73655E-02
    6  8.96677E+01  1.42105E+02  1.40760E+00  2.59931E-02
    7  8.53553E+01  1.42105E+02  1.94380E+00 -2.03149E-02
    8  8.04381E+01  1.42105E+02  2.52170E+00 -6.35192E-02
    9  7.50000E+01  1.42105E+02  3.12040E+00 -1.05121E-01
   10  6.91342E+01  1.42105E+02  3.71880E+00 -1.46466E-01
   11  6.29410E+01  1.42105E+02  4.29490E+00 -1.88724E-01
   12  5.65263E+01  1.42105E+02  4.82550E+00 -2.32763E-01
   13  5.00000E+01  1.42105E+02  5.28610E+00 -2.79130E-01
   14  4.34737E+01  1.42105E+02  5.65140E+00 -3.27964E-01
   15  3.70590E+01  1.42105E+02  5.89650E+00 -3.78873E-01
   16  3.08658E+01  1.42105E+02  5.99880E+00 -4.31029E-01
   17  2.50000E+01  1.42105E+02  5.94080E+00 -4.83417E-01
   18  1.95619E+01  1.42105E+02  5.71140E+00 -5.34833E-01
   19  1.46447E+01  1.42105E+02  5.30830E+00 -5.84094E-01
   20  1.03323E+01  1.42105E+02  4.73790E+00 -6.30207E-01
   21  6.69870E+00  1.42105E+02  4.01450E+00 -6.71831E-01
   22  3.80600E+00  1.42105E+02  3.15800E+00 -7.04215E-01
   23  1.70370E+00  1.42105E+02  2.19040E+00 -6.64927E-01
   24  4.27800E-01  1.42105E+02  1.13240E+00 -1.03839E-01
   25  0.00000E+00  1.42105E+02  0.00000E+00  9.04642E-01
   26  4.27800E-01  1.42105E+02 -1.13240E+00  8.52197E-01
   27  1.70370E+00  1.42105E+02 -2.19040E+00  2.40365E-01
   28  3.80600E+00  1.42105E+02 -3.15800E+00 -3.65419E-02
   29  6.69870E+00  1.42105E+02 -4.01450E+00 -1.59266E-01
   30  1.03323E+01  1.42105E+02 -4.73790E+00 -2.22546E-01
   31  1.46447E+01  1.42105E+02 -5.30830E+00 -2.52936E-01
   32  1.95619E+01  1.42105E+02 -5.71140E+00 -2.62147E-01
   33  2.50000E+01  1.42105E+02 -5.94080E+00 -2.56885E-01
   34  3.08658E+01  1.42105E+02 -5.99880E+00 -2.41728E-01
   35  3.70590E+01  1.42105E+02 -5.89650E+00 -2.20073E-01
   36  4.34737E+01  1.42105E+02 -5.65140E+00 -1.94442E-01
   37  5.00000E+01  1.42105E+02 -5.28610E+00 -1.66741E-01
   38  5.65263E+01  1.42105E+02 -4.82550E+00 -1.38204E-01
   39  6.29410E+01  1.42105E+02 -4.29490E+00 -1.09367E-01
   40  6.91342E+01  1.42105E+02 -3.71880E+00 -8.02084E-02
   41  7.50000E+01  1.42105E+02 -3.12040E+00 -5.02768E-02
   42  8.04381E+01  1.42105E+02 -2.52170E+00 -1.87420E-02
   43  8.53553E+01  1.42105E+02 -1.94380E+00  1.55016E-02
   44  8.96677E+01  1.42105E+02 -1.40760E+00  5.37741E-02
   45  9.33013E+01  1.42105E+02 -9.33200E-01  9.79039E-02
   46  9.61940E+01  1.42105E+02 -5.39900E-01  1.50874E-01
   47  9.82963E+01  1.42105E+02 -2.44900E-01  2.19461E-01
   48  9.95722E+01  1.42105E+02 -6.20000E-02  3.23315E-01
   49  1.00000E+02  1.42105E+02  0.00000E+00  3.98135E-01
*eof
n01c011
    1  1.00000E+02  1.57895E+02  0.00000E+00  3.99462E-01
    2  9.95722E+01  1.57895E+02  6.20000E-02  3.21321E-01
    3  9.82963E+01  1.57895E+02  2.44900E-01  2.11831E-01
    4  9.61940E+01  1.57895E+02  5.39900E-01  1.37396E-01
    5  9.33013E+01  1.57895E+02  9.33200E-01  7.80700E-02
    6  8.96677E+01  1.57895E+02  1.40760E+00  2.68700E-02
    7  8.53553E+01  1.57895E+02  1.94380E+00 -1.92544E-02
    8  8.04381E+01  1.57895E+02  2.52170E+00 -6.22649E-02
    9  7.50000E+01  1.57895E+02  3.12040E+00 -1.03664E-01
   10  6.91342E+01  1.57895E+02  3.71880E+00 -1.44800E-01
   11  6.29410E+01  1.57895E+02  4.29490E+00 -1.86843E-01
   12  5.65263E+01  1.57895E+02  4.82550E+00 -2.30663E-01
   13  5.00000E+01  1.57895E+02  5.28610E+00 -2.76806E-01
   14  4.34737E+01  1.57895E+02  5.65140E+00 -3.25410E-01
   15  3.70590E+01  1.57895E+02  5.89650E+00 -3.76079E-01
   16  3.08658E+01  1.57895E+02  5.99880E+00 -4.27979E-01
   17  2.50000E+01  1.57895E+02  5.94080E+00 -4.80083E-01
   18  1.95619E+01  1.57895E+02  5.71140E+00 -5.31166E-01
   19  1.46447E+01  1.57895E+02  5.30830E+00 -5.80011E-01
   20  1.03323E+01  1.57895E+02  4.73790E+00 -6.25570E-01
   21  6.69870E+00  1.57895E+02  4.01450E+00 -6.66393E-01
   22  3.80600E+00  1.57895E+02  3.15800E+00 -6.97497E-01
   23  1.70370E+00  1.57895E+02  2.19040E+00 -6.56035E-01
   24  4.27800E-01  1.57895E+02  1.13240E+00 -9.36649E-02
   25  0.00000E+00  1.57895E+02  0.00000E+00  9.08237E-01
   26  4.27800E-01  1.57895E+02 -1.13240E+00  8.47577E-01
   27  1.70370E+00  1.57895E+02 -2.19040E+00  2.34913E-01
   28  3.80600E+00  1.57895E+02 -3.15800E+00 -4.07421E-02
   29  6.69870E+00  1.57895E+02 -4.01450E+00 -1.62560E-01
   30  1.03323E+01  1.57895E+02 -4.73790E+00 -2.25214E-01
   31  1.46447E+01  1.57895E+02 -5.30830E+00 -2.55142E-01
   32  1.95619E+01  1.57895E+02 -5.71140E+00 -2.63995E-01
   33  2.50000E+01  1.57895E+02 -5.94080E+00 -2.58445E-01
   34  3.08658E+01  1.57895E+02 -5.99880E+00 -2.43053E-01
   35  3.70590E+01  1.57895E+02 -5.89650E+00 -2.21202E-01
   36  4.34737E+01  1.57895E+02 -5.65140E+00 -1.95406E-01
   37  5.00000E+01  1.57895E+02 -5.28610E+00 -1.67564E-01
   38  5.65263E+01  1.57895E+02 -4.82550E+00 -1.38906E-01
   39  6.29410E+01  1.57895E+02 -4.29490E+00 -1.09962E-01
   40  6.91342E+01  1.57895E+02 -3.71880E+00 -8.07059E-02
   41  7.50000E+01  1.57895E+02 -3.12040E+00 -5.06837E-02
   42  8.04381E+01  1.57895E+02 -2.52170E+00 -1.90622E-02
   43  8.53553E+01  1.57895E+02 -1.94380E+00  1.52662E-02
   44  8.96677E+01  1.57895E+02 -1.40760E+00  5.36224E-02
   45  9.33013E+01  1.57895E+02 -9.33200E-01  9.78346E-02
   46  9.61940E+01  1.57895E+02 -5.39900E-01  1.50884E-01
   47  9.82963E+01  1.57895E+02 -2.44900E-01  2.19544E-01
   48  9.95722E+01  1.57895E+02 -6.20000E-02  3.23454E-01
   49  1.00000E+02  1.57895E+02  0.00000E+00  3.98296E-01
*eof
n01c012
    1  1.00000E+02  1.73684E+02  0.00000E+00  3.99679E-01
    2  9.95722E+01  1.73684E+02  6.20000E-02  3.21627E-01
    3  9.82963E+01  1.73684E+02  2.44900E-01  2.12306E-01
    4  9.61940E+01  1.73684E+02  5.39900E-01  1.38055E-01
    5  9.33013E+01  1.73684E+02  9.33200E-01  7.89305E-02
    6  8.96677E+01  1.73684E+02  1.40760E+00  2.79492E-02
    7  8.53553E+01  1.73684E+02  1.94380E+00 -1.79403E-02
    8  8.04381E+01  1.73684E+02  2.52170E+00 -6.07018E-02
    9  7.50000E+01  1.73684E+02  3.12040E+00 -1.01840E-01
   10  6.91342E+01  1.73684E+02  3.71880E+00 -1.42706E-01
   11  6.29410E+01  1.73684E+02  4.29490E+00 -1.84474E-01
   12  5.65263E+01  1.73684E+02  4.82550E+00 -2.28013E-01
   13  5.00000E+01  1.73684E+02  5.28610E+00 -2.73874E-01
   14  4.34737E+01  1.73684E+02  5.65140E+00 -3.22192E-01
   15  3.70590E+01  1.73684E+02  5.89650E+00 -3.72570E-01
   16  3.08658E+01  1.73684E+02  5.99880E+00 -4.24165E-01
   17  2.50000E+01  1.73684E+02  5.94080E+00 -4.75935E-01
   18  1.95619E+01  1.73684E+02  5.71140E+00 -5.26632E-01
   19  1.46447E+01  1.73684E+02  5.30830E+00 -5.74997E-01
   20  1.03323E+01  1.73684E+02  4.73790E+00 -6.19912E-01
   21  6.69870E+00  1.73684E+02  4.01450E+00 -6.59801E-01
   22  3.80600E+00  1.73684E+02  3.15800E+00 -6.89407E-01
   23  1.70370E+00  1.73684E+02  2.19040E+00 -6.45392E-01
   24  4.27800E-01  1.73684E+02  1.13240E+00 -8.15676E-02
   25  0.00000E+00  1.73684E+02  0.00000E+00  9.12442E-01
   26  4.27800E-01  1.73684E+02 -1.13240E+00  8.42044E-01
   27  1.70370E+00  1.73684E+02 -2.19040E+00  2.28451E-01
   28  3.80600E+00  1.73684E+02 -3.15800E+00 -4.56906E-02
   29  6.69870E+00  1.73684E+02 -4.01450E+00 -1.66421E-01
   30  1.03323E+01  1.73684E+02 -4.73790E+00 -2.28322E-01
   31  1.46447E+01  1.73684E+02 -5.30830E+00 -2.57693E-01
   32  1.95619E+01  1.73684E+02 -5.71140E+00 -2.66114E-01
   33  2.50000E+01  1.73684E+02 -5.94080E+00 -2.60218E-01
   34  3.08658E+01  1.73684E+02 -5.99880E+00 -2.44544E-01
   35  3.70590E+01  1.73684E+02 -5.89650E+00 -2.22460E-01
   36  4.34737E+01  1.73684E+02 -5.65140E+00 -1.96471E-01
   37  5.00000E+01  1.73684E+02 -5.28610E+00 -1.68469E-01
   38  5.65263E+01  1.73684E+02 -4.82550E+00 -1.39676E-01
   39  6.29410E+01  1.73684E+02 -4.29490E+00 -1.10616E-01
   40  6.91342E+01  1.73684E+02 -3.71880E+00 -8.12564E-02
   41  7.50000E+01  1.73684E+02 -3.12040E+00 -5.11384E-02
   42  8.04381E+01  1.73684E+02 -2.52170E+00 -1.94246E-02
   43  8.53553E+01  1.73684E+02 -1.94380E+00  1.49957E-02
   44  8.96677E+01  1.73684E+02 -1.40760E+00  5.34446E-02
   45  9.33013E+01  1.73684E+02 -9.33200E-01  9.77503E-02
   46  9.61940E+01  1.73684E+02 -5.39900E-01  1.50892E-01
   47  9.82963E+01  1.73684E+02 -2.44900E-01  2.19638E-01
   48  9.95722E+01  1.73684E+02 -6.20000E-02  3.23615E-01
   49  1.00000E+02  1.73684E+02  0.00000E+00  3.98486E-01
*eof
n01c013
    1  1.00000E+02  1.89474E+02  0.00000E+00  3.99921E-01
    2  9.95722E+01  1.89474E+02  6.20000E-02  3.21974E-01
    3  9.82963E+01  1.89474E+02  2.44900E-01  2.12862E-01
    4  9.61940E+01  1.89474E+02  5.39900E-01  1.38843E-01
    5  9.33013E+01  1.89474E+02  9.33200E-01  7.99748E-02
    6  8.96677E+01  1.89474E+02  1.40760E+00  2.92755E-02
    7  8.53553E+01  1.89474E+02  1.94380E+00 -1.63085E-02
    8  8.04381E+01  1.89474E+02  2.52170E+00 -5.87436E-02
    9  7.50000E+01  1.89474E+02  3.12040E+00 -9.95385E-02
   10  6.91342E+01  1.89474E+02  3.71880E+00 -1.40048E-01
   11  6.29410E+01  1.89474E+02  4.29490E+00 -1.81451E-01
   12  5.65263E+01  1.89474E+02  4.82550E+00 -2.24625E-01
   13  5.00000E+01  1.89474E+02  5.28610E+00 -2.70121E-01
   14  4.34737E+01  1.89474E+02  5.65140E+00 -3.18079E-01
   15  3.70590E+01  1.89474E+02  5.89650E+00 -3.68099E-01
   16  3.08658E+01  1.89474E+02  5.99880E+00 -4.19328E-01
   17  2.50000E+01  1.89474E+02  5.94080E+00 -4.70709E-01
   18  1.95619E+01  1.89474E+02  5.71140E+00 -5.20962E-01
   19  1.46447E+01  1.89474E+02  5.30830E+00 -5.68779E-01
   20  1.03323E+01  1.89474E+02  4.73790E+00 -6.12955E-01
   21  6.69870E+00  1.89474E+02  4.01450E+00 -6.51763E-01
   22  3.80600E+00  1.89474E+02  3.15800E+00 -6.79619E-01
   23  1.70370E+00  1.89474E+02  2.19040E+00 -6.32613E-01
   24  4.27800E-01  1.89474E+02  1.13240E+00 -6.71571E-02
   25  0.00000E+00  1.89474E+02  0.00000E+00  9.17350E-01
   26  4.27800E-01  1.89474E+02 -1.13240E+00  8.35401E-01
   27  1.70370E+00  1.89474E+02 -2.19040E+00  2.20786E-01
   28  3.80600E+00  1.89474E+02 -3.15800E+00 -5.15156E-02
   29  6.69870E+00  1.89474E+02 -4.01450E+00 -1.70932E-01
   30  1.03323E+01  1.89474E+02 -4.73790E+00 -2.31922E-01
   31  1.46447E+01  1.89474E+02 -5.30830E+00 -2.60615E-01
   32  1.95619E+01  1.89474E+02 -5.71140E+00 -2.68508E-01
   33  2.50000E+01  1.89474E+02 -5.94080E+00 -2.62190E-01
   34  3.08658E+01  1.89474E+02 -5.99880E+00 -2.46173E-01
   35  3.70590E+01  1.89474E+02 -5.89650E+00 -2.23812E-01
   36  4.34737E+01  1.89474E+02 -5.65140E+00 -1.97600E-01
   37  5.00000E+01  1.89474E+02 -5.28610E+00 -1.69419E-01
   38  5.65263E+01  1.89474E+02 -4.82550E+00 -1.40482E-01
   39  6.29410E+01  1.89474E+02 -4.29490E+00 -1.11306E-01
   40  6.91342E+01  1.89474E+02 -3.71880E+00 -8.18457E-02
   41  7.50000E+01  1.89474E+02 -3.12040E+00 -5.16359E-02
   42  8.04381E+01  1.89474E+02 -2.52170E+00 -1.98319E-02
   43  8.53553E+01  1.89474E+02 -1.94380E+00  1.46813E-02
   44  8.96677E+01  1.89474E+02 -1.40760E+00  5.32281E-02
   45  9.33013E+01  1.89474E+02 -9.33200E-01  9.76368E-02
   46  9.61940E+01  1.89474E+02 -5.39900E-01  1.50884E-01
   47  9.82963E+01  1.89474E+02 -2.44900E-01  2.19732E-01
   48  9.95722E+01  1.89474E+02 -6.20000E-02  3.23794E-01
   49  1.00000E+02  1.89474E+02  0.00000E+00  3.98703E-01
*eof
n01c014
    1  1.00000E+02  2.05263E+02  0.00000E+00  4.00166E-01
    2  9.95722E+01  2.05263E+02  6.20000E-02  3.22342E-01
    3  9.82963E+01  2.05263E+02  2.44900E-01  2.13487E-01
    4  9.61940E+01  2.05263E+02  5.39900E-01  1.39761E-01
    5  9.33013E+01  2.05263E+02  9.33200E-01  8.12258E-02
    6  8.96677E+01  2.05263E+02  1.40760E+00  3.08970E-02
    7  8.53553E+01  2.05263E+02  1.94380E+00 -1.42803E-02
    8  8.04381E+01  2.05263E+02  2.52170E+00 -5.62758E-02
    9  7.50000E+01  2.05263E+02  3.12040E+00 -9.66039E-02
   10  6.91342E+01  2.05263E+02  3.71880E+00 -1.36627E-01
   11  6.29410E+01  2.05263E+02  4.29490E+00 -1.77534E-01
   12  5.65263E+01  2.05263E+02  4.82550E+00 -2.20212E-01
   13  5.00000E+01  2.05263E+02  5.28610E+00 -2.65223E-01
   14  4.34737E+01  2.05263E+02  5.65140E+00 -3.12713E-01
   15  3.70590E+01  2.05263E+02  5.89650E+00 -3.62282E-01
   16  3.08658E+01  2.05263E+02  5.99880E+00 -4.13071E-01
   17  2.50000E+01  2.05263E+02  5.94080E+00 -4.63999E-01
   18  1.95619E+01  2.05263E+02  5.71140E+00 -5.13750E-01
   19  1.46447E+01  2.05263E+02  5.30830E+00 -5.60950E-01
   20  1.03323E+01  2.05263E+02  4.73790E+00 -6.04290E-01
   21  6.69870E+00  2.05263E+02  4.01450E+00 -6.41856E-01
   22  3.80600E+00  2.05263E+02  3.15800E+00 -6.67677E-01
   23  1.70370E+00  2.05263E+02  2.19040E+00 -6.17164E-01
   24  4.27800E-01  2.05263E+02  1.13240E+00 -4.98992E-02
   25  0.00000E+00  2.05263E+02  0.00000E+00  9.23083E-01
   26  4.27800E-01  2.05263E+02 -1.13240E+00  8.27366E-01
   27  1.70370E+00  2.05263E+02 -2.19040E+00  2.11654E-01
   28  3.80600E+00  2.05263E+02 -3.15800E+00 -5.83857E-02
   29  6.69870E+00  2.05263E+02 -4.01450E+00 -1.76196E-01
   30  1.03323E+01  2.05263E+02 -4.73790E+00 -2.36065E-01
   31  1.46447E+01  2.05263E+02 -5.30830E+00 -2.63917E-01
   32  1.95619E+01  2.05263E+02 -5.71140E+00 -2.71151E-01
   33  2.50000E+01  2.05263E+02 -5.94080E+00 -2.64304E-01
   34  3.08658E+01  2.05263E+02 -5.99880E+00 -2.47864E-01
   35  3.70590E+01  2.05263E+02 -5.89650E+00 -2.25168E-01
   36  4.34737E+01  2.05263E+02 -5.65140E+00 -1.98699E-01
   37  5.00000E+01  2.05263E+02 -5.28610E+00 -1.70329E-01
   38  5.65263E+01  2.05263E+02 -4.82550E+00 -1.41256E-01
   39  6.29410E+01  2.05263E+02 -4.29490E+00 -1.11980E-01
   40  6.91342E+01  2.05263E+02 -3.71880E+00 -8.24439E-02
   41  7.50000E+01  2.05263E+02 -3.12040E+00 -5.21665E-02
   42  8.04381E+01  2.05263E+02 -2.52170E+00 -2.02921E-02
   43  8.53553E+01  2.05263E+02 -1.94380E+00  1.43018E-02
   44  8.96677E+01  2.05263E+02 -1.40760E+00  5.29431E-02
   45  9.33013E+01  2.05263E+02 -9.33200E-01  9.74604E-02
   46  9.61940E+01  2.05263E+02 -5.39900E-01  1.50827E-01
   47  9.82963E+01  2.05263E+02 -2.44900E-01  2.19798E-01
   48  9.95722E+01  2.05263E+02 -6.20000E-02  3.23967E-01
   49  1.00000E+02  2.05263E+02  0.00000E+00  3.98933E-01
*eof
n01c015
    1  1.00000E+02  2.21053E+02  0.00000E+00  4.00356E-01
    2  9.95722E+01  2.21053E+02  6.20000E-02  3.22664E-01
    3  9.82963E+01  2.21053E+02  2.44900E-01  2.14125E-01
    4  9.61940E+01  2.21053E+02  5.39900E-01  1.40776E-01
    5  9.33013E+01  2.21053E+02  9.33200E-01  8.26789E-02
    6  8.96677E+01  2.21053E+02  1.40760E+00  3.28491E-02
    7  8.53553E+01  2.21053E+02  1.94380E+00 -1.17699E-02
    8  8.04381E+01  2.21053E+02  2.52170E+00 -5.31519E-02
    9  7.50000E+01  2.21053E+02  3.12040E+00 -9.28202E-02
   10  6.91342E+01  2.21053E+02  3.71880E+00 -1.32151E-01
   11  6.29410E+01  2.21053E+02  4.29490E+00 -1.72349E-01
   12  5.65263E+01  2.21053E+02  4.82550E+00 -2.14323E-01
   13  5.00000E+01  2.21053E+02  5.28610E+00 -2.58656E-01
   14  4.34737E+01  2.21053E+02  5.65140E+00 -3.05510E-01
   15  3.70590E+01  2.21053E+02  5.89650E+00 -3.54494E-01
   16  3.08658E+01  2.21053E+02  5.99880E+00 -4.04742E-01
   17  2.50000E+01  2.21053E+02  5.94080E+00 -4.55148E-01
   18  1.95619E+01  2.21053E+02  5.71140E+00 -5.04345E-01
   19  1.46447E+01  2.21053E+02  5.30830E+00 -5.50874E-01
   20  1.03323E+01  2.21053E+02  4.73790E+00 -5.93291E-01
   21  6.69870E+00  2.21053E+02  4.01450E+00 -6.29450E-01
   22  3.80600E+00  2.21053E+02  3.15800E+00 -6.52910E-01
   23  1.70370E+00  2.21053E+02  2.19040E+00 -5.98276E-01
   24  4.27800E-01  2.21053E+02  1.13240E+00 -2.90355E-02
   25  0.00000E+00  2.21053E+02  0.00000E+00  9.29803E-01
   26  4.27800E-01  2.21053E+02 -1.13240E+00  8.17530E-01
   27  1.70370E+00  2.21053E+02 -2.19040E+00  2.00677E-01
   28  3.80600E+00  2.21053E+02 -3.15800E+00 -6.65354E-02
   29  6.69870E+00  2.21053E+02 -4.01450E+00 -1.82344E-01
   30  1.03323E+01  2.21053E+02 -4.73790E+00 -2.40800E-01
   31  1.46447E+01  2.21053E+02 -5.30830E+00 -2.67574E-01
   32  1.95619E+01  2.21053E+02 -5.71140E+00 -2.73949E-01
   33  2.50000E+01  2.21053E+02 -5.94080E+00 -2.66412E-01
   34  3.08658E+01  2.21053E+02 -5.99880E+00 -2.49427E-01
   35  3.70590E+01  2.21053E+02 -5.89650E+00 -2.26320E-01
   36  4.34737E+01  2.21053E+02 -5.65140E+00 -1.99563E-01
   37  5.00000E+01  2.21053E+02 -5.28610E+00 -1.71011E-01
   38  5.65263E+01  2.21053E+02 -4.82550E+00 -1.41843E-01
   39  6.29410E+01  2.21053E+02 -4.29490E+00 -1.12532E-01
   40  6.91342E+01  2.21053E+02 -3.71880E+00 -8.29920E-02
   41  7.50000E+01  2.21053E+02 -3.12040E+00 -5.27166E-02
   42  8.04381E+01  2.21053E+02 -2.52170E+00 -2.08298E-02
   43  8.53553E+01  2.21053E+02 -1.94380E+00  1.38039E-02
   44  8.96677E+01  2.21053E+02 -1.40760E+00  5.25180E-02
   45  9.33013E+01  2.21053E+02 -9.33200E-01  9.71404E-02
   46  9.61940E+01  2.21053E+02 -5.39900E-01  1.50639E-01
   47  9.82963E+01  2.21053E+02 -2.44900E-01  2.19760E-01
   48  9.95722E+01  2.21053E+02 -6.20000E-02  3.24076E-01
   49  1.00000E+02  2.21053E+02  0.00000E+00  3.99134E-01
*eof
n01c016
    1  1.00000E+02  2.36842E+02  0.00000E+00  4.00362E-01
    2  9.95722E+01  2.36842E+02  6.20000E-02  3.22773E-01
    3  9.82963E+01  2.36842E+02  2.44900E-01  2.14610E-01
    4  9.61940E+01  2.36842E+02  5.39900E-01  1.41746E-01
    5  9.33013E+01  2.36842E+02  9.33200E-01  8.42388E-02
    6  8.96677E+01  2.36842E+02  1.40760E+00  3.51020E-02
    7  8.53553E+01  2.36842E+02  1.94380E+00 -8.71941E-03
    8  8.04381E+01  2.36842E+02  2.52170E+00 -4.92050E-02
    9  7.50000E+01  2.36842E+02  3.12040E+00 -8.78926E-02
   10  6.91342E+01  2.36842E+02  3.71880E+00 -1.26181E-01
   11  6.29410E+01  2.36842E+02  4.29490E+00 -1.65308E-01
   12  5.65263E+01  2.36842E+02  4.82550E+00 -2.06220E-01
   13  5.00000E+01  2.36842E+02  5.28610E+00 -2.49541E-01
   14  4.34737E+01  2.36842E+02  5.65140E+00 -2.95473E-01
   15  3.70590E+01  2.36842E+02  5.89650E+00 -3.43650E-01
   16  3.08658E+01  2.36842E+02  5.99880E+00 -3.93211E-01
   17  2.50000E+01  2.36842E+02  5.94080E+00 -4.43021E-01
   18  1.95619E+01  2.36842E+02  5.71140E+00 -4.91643E-01
   19  1.46447E+01  2.36842E+02  5.30830E+00 -5.37497E-01
   20  1.03323E+01  2.36842E+02  4.73790E+00 -5.78950E-01
   21  6.69870E+00  2.36842E+02  4.01450E+00 -6.13561E-01
   22  3.80600E+00  2.36842E+02  3.15800E+00 -6.34302E-01
   23  1.70370E+00  2.36842E+02  2.19040E+00 -5.74799E-01
   24  4.27800E-01  2.36842E+02  1.13240E+00 -3.42101E-03
   25  0.00000E+00  2.36842E+02  0.00000E+00  9.37758E-01
   26  4.27800E-01  2.36842E+02 -1.13240E+00  8.05253E-01
   27  1.70370E+00  2.36842E+02 -2.19040E+00  1.87261E-01
   28  3.80600E+00  2.36842E+02 -3.15800E+00 -7.63204E-02
   29  6.69870E+00  2.36842E+02 -4.01450E+00 -1.89557E-01
   30  1.03323E+01  2.36842E+02 -4.73790E+00 -2.46156E-01
   31  1.46447E+01  2.36842E+02 -5.30830E+00 -2.71472E-01
   32  1.95619E+01  2.36842E+02 -5.71140E+00 -2.76657E-01
   33  2.50000E+01  2.36842E+02 -5.94080E+00 -2.68154E-01
   34  3.08658E+01  2.36842E+02 -5.99880E+00 -2.50425E-01
   35  3.70590E+01  2.36842E+02 -5.89650E+00 -2.26794E-01
   36  4.34737E+01  2.36842E+02 -5.65140E+00 -1.99728E-01
   37  5.00000E+01  2.36842E+02 -5.28610E+00 -1.71059E-01
   38  5.65263E+01  2.36842E+02 -4.82550E+00 -1.41924E-01
   39  6.29410E+01  2.36842E+02 -4.29490E+00 -1.12745E-01
   40  6.91342E+01  2.36842E+02 -3.71880E+00 -8.33824E-02
   41  7.50000E+01  2.36842E+02 -3.12040E+00 -5.32779E-02
   42  8.04381E+01  2.36842E+02 -2.52170E+00 -2.15175E-02
   43  8.53553E+01  2.36842E+02 -1.94380E+00  1.30577E-02
   44  8.96677E+01  2.36842E+02 -1.40760E+00  5.17880E-02
   45  9.33013E+01  2.36842E+02 -9.33200E-01  9.64958E-02
   46  9.61940E+01  2.36842E+02 -5.39900E-01  1.50138E-01
   47  9.82963E+01  2.36842E+02 -2.44900E-01  2.19449E-01
   48  9.95722E+01  2.36842E+02 -6.20000E-02  3.23984E-01
   49  1.00000E+02  2.36842E+02  0.00000E+00  3.99212E-01
*eof
n01c017
    1  1.00000E+02  2.52632E+02  0.00000E+00  3.99990E-01
    2  9.95722E+01  2.52632E+02  6.20000E-02  3.22281E-01
    3  9.82963E+01  2.52632E+02  2.44900E-01  2.14519E-01
    4  9.61940E+01  2.52632E+02  5.39900E-01  1.42272E-01
    5  9.33013E+01  2.52632E+02  9.33200E-01  8.55850E-02
    6  8.96677E+01  2.52632E+02  1.40760E+00  3.74677E-02
    7  8.53553E+01  2.52632E+02  1.94380E+00 -5.13462E-03
    8  8.04381E+01  2.52632E+02  2.52170E+00 -4.42187E-02
    9  7.50000E+01  2.52632E+02  3.12040E+00 -8.13527E-02
   10  6.91342E+01  2.52632E+02  3.71880E+00 -1.17976E-01
   11  6.29410E+01  2.52632E+02  4.29490E+00 -1.55382E-01
   12  5.65263E+01  2.52632E+02  4.82550E+00 -1.94584E-01
   13  5.00000E+01  2.52632E+02  5.28610E+00 -2.36282E-01
   14  4.34737E+01  2.52632E+02  5.65140E+00 -2.80757E-01
   15  3.70590E+01  2.52632E+02  5.89650E+00 -3.27714E-01
   16  3.08658E+01  2.52632E+02  5.99880E+00 -3.76329E-01
   17  2.50000E+01  2.52632E+02  5.94080E+00 -4.25451E-01
   18  1.95619E+01  2.52632E+02  5.71140E+00 -4.73556E-01
   19  1.46447E+01  2.52632E+02  5.30830E+00 -5.18878E-01
   20  1.03323E+01  2.52632E+02  4.73790E+00 -5.59501E-01
   21  6.69870E+00  2.52632E+02  4.01450E+00 -5.92592E-01
   22  3.80600E+00  2.52632E+02  3.15800E+00 -6.10350E-01
   23  1.70370E+00  2.52632E+02  2.19040E+00 -5.45077E-01
   24  4.27800E-01  2.52632E+02  1.13240E+00  2.86652E-02
   25  0.00000E+00  2.52632E+02  0.00000E+00  9.47289E-01
   26  4.27800E-01  2.52632E+02 -1.13240E+00  7.89388E-01
   27  1.70370E+00  2.52632E+02 -2.19040E+00  1.70331E-01
   28  3.80600E+00  2.52632E+02 -3.15800E+00 -8.83665E-02
   29  6.69870E+00  2.52632E+02 -4.01450E+00 -1.98080E-01
   30  1.03323E+01  2.52632E+02 -4.73790E+00 -2.52030E-01
   31  1.46447E+01  2.52632E+02 -5.30830E+00 -2.75193E-01
   32  1.95619E+01  2.52632E+02 -5.71140E+00 -2.78560E-01
   33  2.50000E+01  2.52632E+02 -5.94080E+00 -2.68577E-01
   34  3.08658E+01  2.52632E+02 -5.99880E+00 -2.49756E-01
   35  3.70590E+01  2.52632E+02 -5.89650E+00 -2.25450E-01
   36  4.34737E+01  2.52632E+02 -5.65140E+00 -1.98117E-01
   37  5.00000E+01  2.52632E+02 -5.28610E+00 -1.69543E-01
   38  5.65263E+01  2.52632E+02 -4.82550E+00 -1.40783E-01
   39  6.29410E+01  2.52632E+02 -4.29490E+00 -1.12160E-01
   40  6.91342E+01  2.52632E+02 -3.71880E+00 -8.34189E-02
   41  7.50000E+01  2.52632E+02 -3.12040E+00 -5.38945E-02
   42  8.04381E+01  2.52632E+02 -2.52170E+00 -2.25927E-02
   43  8.53553E+01  2.52632E+02 -1.94380E+00  1.16976E-02
   44  8.96677E+01  2.52632E+02 -1.40760E+00  5.03290E-02
   45  9.33013E+01  2.52632E+02 -9.33200E-01  9.50942E-02
   46  9.61940E+01  2.52632E+02 -5.39900E-01  1.48906E-01
   47  9.82963E+01  2.52632E+02 -2.44900E-01  2.18492E-01
   48  9.95722E+01  2.52632E+02 -6.20000E-02  3.23401E-01
   49  1.00000E+02  2.52632E+02  0.00000E+00  3.98977E-01
*eof
n01c018
    1  1.00000E+02  2.68421E+02  0.00000E+00  4.00536E-01
    2  9.95722E+01  2.68421E+02  6.20000E-02  3.21224E-01
    3  9.82963E+01  2.68421E+02  2.44900E-01  2.14091E-01
    4  9.61940E+01  2.68421E+02  5.39900E-01  1.42689E-01
    5  9.33013E+01  2.68421E+02  9.33200E-01  8.73009E-02
    6  8.96677E+01  2.68421E+02  1.40760E+00  4.08069E-02
    7  8.53553E+01  2.68421E+02  1.94380E+00  1.25565E-04
    8  8.04381E+01  2.68421E+02  2.52170E+00 -3.67566E-02
    9  7.50000E+01  2.68421E+02  3.12040E+00 -7.14385E-02
   10  6.91342E+01  2.68421E+02  3.71880E+00 -1.05417E-01
   11  6.29410E+01  2.68421E+02  4.29490E+00 -1.40069E-01
   12  5.65263E+01  2.68421E+02  4.82550E+00 -1.76509E-01
   13  5.00000E+01  2.68421E+02  5.28610E+00 -2.15562E-01
   14  4.34737E+01  2.68421E+02  5.65140E+00 -2.57662E-01
   15  3.70590E+01  2.68421E+02  5.89650E+00 -3.02688E-01
   16  3.08658E+01  2.68421E+02  5.99880E+00 -3.49981E-01
   17  2.50000E+01  2.68421E+02  5.94080E+00 -3.98462E-01
   18  1.95619E+01  2.68421E+02  5.71140E+00 -4.46503E-01
   19  1.46447E+01  2.68421E+02  5.30830E+00 -4.91985E-01
   20  1.03323E+01  2.68421E+02  4.73790E+00 -5.32398E-01
   21  6.69870E+00  2.68421E+02  4.01450E+00 -5.64162E-01
   22  3.80600E+00  2.68421E+02  3.15800E+00 -5.78259E-01
   23  1.70370E+00  2.68421E+02  2.19040E+00 -5.04976E-01
   24  4.27800E-01  2.68421E+02  1.13240E+00  7.28200E-02
   25  0.00000E+00  2.68421E+02  0.00000E+00  9.62249E-01
   26  4.27800E-01  2.68421E+02 -1.13240E+00  7.70580E-01
   27  1.70370E+00  2.68421E+02 -2.19040E+00  1.50120E-01
   28  3.80600E+00  2.68421E+02 -3.15800E+00 -1.02220E-01
   29  6.69870E+00  2.68421E+02 -4.01450E+00 -2.07522E-01
   30  1.03323E+01  2.68421E+02 -4.73790E+00 -2.57857E-01
   31  1.46447E+01  2.68421E+02 -5.30830E+00 -2.77724E-01
   32  1.95619E+01  2.68421E+02 -5.71140E+00 -2.78042E-01
   33  2.50000E+01  2.68421E+02 -5.94080E+00 -2.65511E-01
   34  3.08658E+01  2.68421E+02 -5.99880E+00 -2.44930E-01
   35  3.70590E+01  2.68421E+02 -5.89650E+00 -2.19764E-01
   36  4.34737E+01  2.68421E+02 -5.65140E+00 -1.92426E-01
   37  5.00000E+01  2.68421E+02 -5.28610E+00 -1.64550E-01
   38  5.65263E+01  2.68421E+02 -4.82550E+00 -1.37016E-01
   39  6.29410E+01  2.68421E+02 -4.29490E+00 -1.09968E-01
   40  6.91342E+01  2.68421E+02 -3.71880E+00 -8.29395E-02
   41  7.50000E+01  2.68421E+02 -3.12040E+00 -5.50344E-02
   42  8.04381E+01  2.68421E+02 -2.52170E+00 -2.50541E-02
   43  8.53553E+01  2.68421E+02 -1.94380E+00  8.40695E-03
   44  8.96677E+01  2.68421E+02 -1.40760E+00  4.68290E-02
   45  9.33013E+01  2.68421E+02 -9.33200E-01  9.19665E-02
   46  9.61940E+01  2.68421E+02 -5.39900E-01  1.46458E-01
   47  9.82963E+01  2.68421E+02 -2.44900E-01  2.16826E-01
   48  9.95722E+01  2.68421E+02 -6.20000E-02  3.22962E-01
   49  1.00000E+02  2.68421E+02  0.00000E+00  3.99983E-01
*eof
n01c019
    1  1.00000E+02  2.84211E+02  0.00000E+00  3.73012E-01
    2  9.95722E+01  2.84211E+02  6.20000E-02  3.00579E-01
    3  9.82963E+01  2.84211E+02  2.44900E-01  1.98115E-01
    4  9.61940E+01  2.84211E+02  5.39900E-01  1.27763E-01
    5  9.33013E+01  2.84211E+02  9.33200E-01  7.44903E-02
    6  8.96677E+01  2.84211E+02  1.40760E+00  3.11144E-02
    7  8.53553E+01  2.84211E+02  1.94380E+00 -5.51563E-03
    8  8.04381E+01  2.84211E+02  2.52170E+00 -3.75140E-02
    9  7.50000E+01  2.84211E+02  3.12040E+00 -6.65809E-02
   10  6.91342E+01  2.84211E+02  3.71880E+00 -9.42701E-02
   11  6.29410E+01  2.84211E+02  4.29490E+00 -1.21983E-01
   12  5.65263E+01  2.84211E+02  4.82550E+00 -1.50871E-01
   13  5.00000E+01  2.84211E+02  5.28610E+00 -1.81844E-01
   14  4.34737E+01  2.84211E+02  5.65140E+00 -2.15533E-01
   15  3.70590E+01  2.84211E+02  5.89650E+00 -2.52194E-01
   16  3.08658E+01  2.84211E+02  5.99880E+00 -2.91756E-01
   17  2.50000E+01  2.84211E+02  5.94080E+00 -3.33881E-01
   18  1.95619E+01  2.84211E+02  5.71140E+00 -3.77812E-01
   19  1.46447E+01  2.84211E+02  5.30830E+00 -4.22228E-01
   20  1.03323E+01  2.84211E+02  4.73790E+00 -4.64738E-01
   21  6.69870E+00  2.84211E+02  4.01450E+00 -4.99671E-01
   22  3.80600E+00  2.84211E+02  3.15800E+00 -5.09322E-01
   23  1.70370E+00  2.84211E+02  2.19040E+00 -4.08285E-01
   24  4.27800E-01  2.84211E+02  1.13240E+00  1.45876E-01
   25  0.00000E+00  2.84211E+02  0.00000E+00  9.06752E-01
   26  4.27800E-01  2.84211E+02 -1.13240E+00  7.00707E-01
   27  1.70370E+00  2.84211E+02 -2.19040E+00  1.23400E-01
   28  3.80600E+00  2.84211E+02 -3.15800E+00 -1.26217E-01
   29  6.69870E+00  2.84211E+02 -4.01450E+00 -2.21936E-01
   30  1.03323E+01  2.84211E+02 -4.73790E+00 -2.58447E-01
   31  1.46447E+01  2.84211E+02 -5.30830E+00 -2.66274E-01
   32  1.95619E+01  2.84211E+02 -5.71140E+00 -2.58310E-01
   33  2.50000E+01  2.84211E+02 -5.94080E+00 -2.41323E-01
   34  3.08658E+01  2.84211E+02 -5.99880E+00 -2.19462E-01
   35  3.70590E+01  2.84211E+02 -5.89650E+00 -1.95390E-01
   36  4.34737E+01  2.84211E+02 -5.65140E+00 -1.70790E-01
   37  5.00000E+01  2.84211E+02 -5.28610E+00 -1.46700E-01
   38  5.65263E+01  2.84211E+02 -4.82550E+00 -1.23613E-01
   39  6.29410E+01  2.84211E+02 -4.29490E+00 -1.01471E-01
   40  6.91342E+01  2.84211E+02 -3.71880E+00 -7.97083E-02
   41  7.50000E+01  2.84211E+02 -3.12040E+00 -5.73723E-02
   42  8.04381E+01  2.84211E+02 -2.52170E+00 -3.31881E-02
   43  8.53553E+01  2.84211E+02 -1.94380E+00 -5.48417E-03
   44  8.96677E+01  2.84211E+02 -1.40760E+00  2.78308E-02
   45  9.33013E+01  2.84211E+02 -9.33200E-01  6.95237E-02
   46  9.61940E+01  2.84211E+02 -5.39900E-01  1.23769E-01
   47  9.82963E+01  2.84211E+02 -2.44900E-01  1.99298E-01
   48  9.95722E+01  2.84211E+02 -6.20000E-02  3.11206E-01
   49  1.00000E+02  2.84211E+02  0.00000E+00  3.88947E-01
*eof
n01c020
    1  1.00000E+02  3.00000E+02  0.00000E+00  3.22765E-01
    2  9.95722E+01  3.00000E+02  6.20000E-02  2.46288E-01
    3  9.82963E+01  3.00000E+02  2.44900E-01  1.43571E-01
    4  9.61940E+01  3.00000E+02  5.39900E-01  8.58909E-02
    5  9.33013E+01  3.00000E+02  9.33200E-01  4.07503E-02
    6  8.96677E+01  3.00000E+02  1.40760E+00  4.26784E-03
    7  8.53553E+01  3.00000E+02  1.94380E+00 -2.51153E-02
    8  8.04381E+01  3.00000E+02  2.52170E+00 -4.91474E-02
    9  7.50000E+01  3.00000E+02  3.12040E+00 -6.94463E-02
   10  6.91342E+01  3.00000E+02  3.71880E+00 -8.75244E-02
   11  6.29410E+01  3.00000E+02  4.29490E+00 -1.04713E-01
   12  5.65263E+01  3.00000E+02  4.82550E+00 -1.22084E-01
   13  5.00000E+01  3.00000E+02  5.28610E+00 -1.40563E-01
   14  4.34737E+01  3.00000E+02  5.65140E+00 -1.60976E-01
   15  3.70590E+01  3.00000E+02  5.89650E+00 -1.84031E-01
   16  3.08658E+01  3.00000E+02  5.99880E+00 -2.10462E-01
   17  2.50000E+01  3.00000E+02  5.94080E+00 -2.41200E-01
   18  1.95619E+01  3.00000E+02  5.71140E+00 -2.77268E-01
   19  1.46447E+01  3.00000E+02  5.30830E+00 -3.19579E-01
   20  1.03323E+01  3.00000E+02  4.73790E+00 -3.68246E-01
   21  6.69870E+00  3.00000E+02  4.01450E+00 -4.20840E-01
   22  3.80600E+00  3.00000E+02  3.15800E+00 -4.72649E-01
   23  1.70370E+00  3.00000E+02  2.19040E+00 -4.68937E-01
   24  4.27800E-01  3.00000E+02  1.13240E+00  1.40326E-01
   25  0.00000E+00  3.00000E+02  0.00000E+00  1.04956E+00
   26  4.27800E-01  3.00000E+02 -1.13240E+00  6.96150E-01
   27  1.70370E+00  3.00000E+02 -2.19040E+00 -5.35396E-02
   28  3.80600E+00  3.00000E+02 -3.15800E+00 -2.38362E-01
   29  6.69870E+00  3.00000E+02 -4.01450E+00 -2.72084E-01
   30  1.03323E+01  3.00000E+02 -4.73790E+00 -2.68458E-01
   31  1.46447E+01  3.00000E+02 -5.30830E+00 -2.50263E-01
   32  1.95619E+01  3.00000E+02 -5.71140E+00 -2.27081E-01
   33  2.50000E+01  3.00000E+02 -5.94080E+00 -2.03018E-01
   34  3.08658E+01  3.00000E+02 -5.99880E+00 -1.79768E-01
   35  3.70590E+01  3.00000E+02 -5.89650E+00 -1.58027E-01
   36  4.34737E+01  3.00000E+02 -5.65140E+00 -1.38035E-01
   37  5.00000E+01  3.00000E+02 -5.28610E+00 -1.19884E-01
   38  5.65263E+01  3.00000E+02 -4.82550E+00 -1.03556E-01
   39  6.29410E+01  3.00000E+02 -4.29490E+00 -8.88045E-02
   40  6.91342E+01  3.00000E+02 -3.71880E+00 -7.50894E-02
   41  7.50000E+01  3.00000E+02 -3.12040E+00 -6.16454E-02
   42  8.04381E+01  3.00000E+02 -2.52170E+00 -4.74082E-02
   43  8.53553E+01  3.00000E+02 -1.94380E+00 -3.06340E-02
   44  8.96677E+01  3.00000E+02 -1.40760E+00 -8.63096E-03
   45  9.33013E+01  3.00000E+02 -9.33200E-01  2.25559E-02
   46  9.61940E+01  3.00000E+02 -5.39900E-01  6.83871E-02
   47  9.82963E+01  3.00000E+02 -2.44900E-01  1.39470E-01
   48  9.95722E+01  3.00000E+02 -6.20000E-02  2.70153E-01
   49  1.00000E+02  3.00000E+02  0.00000E+00  3.66237E-01
*eof
n02c001
    1  1.00000E+02  3.00000E+02  0.00000E+00 -9.17298E-01
    2  9.95722E+01  3.00000E+02  6.20000E-02 -6.78586E-01
    3  9.82963E+01  3.00000E+02  2.44900E-01 -3.95441E-01
    4  9.61940E+01  3.00000E+02  5.39900E-01 -3.45269E-01
    5  9.33013E+01  3.00000E+02  9.33200E-01 -3.07288E-01
    6  8.96677E+01  3.00000E+02  1.40760E+00 -2.77784E-01
    7  8.53553E+01  3.00000E+02  1.94380E+00 -2.54354E-01
    8  8.04381E+01  3.00000E+02  2.52170E+00 -2.35104E-01
    9  7.50000E+01  3.00000E+02  3.12040E+00 -2.18872E-01
   10  6.91342E+01  3.00000E+02  3.71880E+00 -2.05019E-01
   11  6.29410E+01  3.00000E+02  4.29490E+00 -1.93066E-01
   12  5.65263E+01  3.00000E+02  4.82550E+00 -1.82654E-01
   13  5.00000E+01  3.00000E+02  5.28610E+00 -1.73586E-01
   14  4.34737E+01  3.00000E+02  5.65140E+00 -1.65895E-01
   15  3.70590E+01  3.00000E+02  5.89650E+00 -1.59912E-01
   16  3.08658E+01  3.00000E+02  5.99880E+00 -1.56342E-01
   17  2.50000E+01  3.00000E+02  5.94080E+00 -1.56415E-01
   18  1.95619E+01  3.00000E+02  5.71140E+00 -1.62013E-01
   19  1.46447E+01  3.00000E+02  5.30830E+00 -1.76163E-01
   20  1.03323E+01  3.00000E+02  4.73790E+00 -2.03850E-01
   21  6.69870E+00  3.00000E+02  4.01450E+00 -2.52780E-01
   22  3.80600E+00  3.00000E+02  3.15800E+00 -3.61309E-01
   23  1.70370E+00  3.00000E+02  2.19040E+00  4.83891E-01
   24  4.27800E-01  3.00000E+02  1.13240E+00 -3.22745E+00
   25  0.00000E+00  3.00000E+02  0.00000E+00 -6.53180E+00
*eof
n02c002
    1  1.00000E+02  3.00000E+02  0.00000E+00 -8.06841E-01
    2  9.95722E+01  3.00000E+02  3.10000E-02 -5.53024E-01
    3  9.82963E+01  3.00000E+02  1.22500E-01 -2.94487E-01
    4  9.61940E+01  3.00000E+02  2.69900E-01 -2.18592E-01
    5  9.33013E+01  3.00000E+02  4.66600E-01 -1.82881E-01
    6  8.96677E+01  3.00000E+02  7.03800E-01 -1.62678E-01
    7  8.53553E+01  3.00000E+02  9.71900E-01 -1.50046E-01
    8  8.04381E+01  3.00000E+02  1.26090E+00 -1.41705E-01
    9  7.50000E+01  3.00000E+02  1.56020E+00 -1.36099E-01
   10  6.91342E+01  3.00000E+02  1.85940E+00 -1.32437E-01
   11  6.29410E+01  3.00000E+02  2.14750E+00 -1.30210E-01
   12  5.65263E+01  3.00000E+02  2.41280E+00 -1.29054E-01
   13  5.00000E+01  3.00000E+02  2.64310E+00 -1.28736E-01
   14  4.34737E+01  3.00000E+02  2.82570E+00 -1.29172E-01
   15  3.70590E+01  3.00000E+02  2.94820E+00 -1.30431E-01
   16  3.08658E+01  3.00000E+02  2.99940E+00 -1.32811E-01
   17  2.50000E+01  3.00000E+02  2.97040E+00 -1.36987E-01
   18  1.95619E+01  3.00000E+02  2.85570E+00 -1.44201E-01
   19  1.46447E+01  3.00000E+02  2.65410E+00 -1.56851E-01
   20  1.03323E+01  3.00000E+02  2.36890E+00 -1.79748E-01
   21  6.69870E+00  3.00000E+02  2.00730E+00 -2.22548E-01
   22  3.80600E+00  3.00000E+02  1.57900E+00 -3.12454E-01
   23  1.70370E+00  3.00000E+02  1.09520E+00 -3.02112E-01
   24  4.27800E-01  3.00000E+02  5.66200E-01 -2.73498E+00
   25  0.00000E+00  3.00000E+02  0.00000E+00 -5.57090E+00
*eof
n02c003
    1  1.00000E+02  3.00000E+02  0.00000E+00 -6.59596E-01
    2  9.95722E+01  3.00000E+02  0.00000E+00 -4.21031E-01
    3  9.82963E+01  3.00000E+02  0.00000E+00 -1.78745E-01
    4  9.61940E+01  3.00000E+02  0.00000E+00 -1.19377E-01
    5  9.33013E+01  3.00000E+02  0.00000E+00 -9.54496E-02
    6  8.96677E+01  3.00000E+02  0.00000E+00 -8.51164E-02
    7  8.53553E+01  3.00000E+02  0.00000E+00 -8.12839E-02
    8  8.04381E+01  3.00000E+02  0.00000E+00 -8.09747E-02
    9  7.50000E+01  3.00000E+02  0.00000E+00 -8.27844E-02
   10  6.91342E+01  3.00000E+02  0.00000E+00 -8.59859E-02
   11  6.29410E+01  3.00000E+02  0.00000E+00 -9.01279E-02
   12  5.65263E+01  3.00000E+02  0.00000E+00 -9.49001E-02
   13  5.00000E+01  3.00000E+02  0.00000E+00 -1.00098E-01
   14  4.34737E+01  3.00000E+02  0.00000E+00 -1.05574E-01
   15  3.70590E+01  3.00000E+02  0.00000E+00 -1.11236E-01
   16  3.08658E+01  3.00000E+02  0.00000E+00 -1.17171E-01
   17  2.50000E+01  3.00000E+02  0.00000E+00 -1.23733E-01
   18  1.95619E+01  3.00000E+02  0.00000E+00 -1.31659E-01
   19  1.46447E+01  3.00000E+02  0.00000E+00 -1.42649E-01
   20  1.03323E+01  3.00000E+02  0.00000E+00 -1.60625E-01
   21  6.69870E+00  3.00000E+02  0.00000E+00 -1.93831E-01
   22  3.80600E+00  3.00000E+02  0.00000E+00 -2.69125E-01
   23  1.70370E+00  3.00000E+02  0.00000E+00 -1.49418E-01
   24  4.27800E-01  3.00000E+02  0.00000E+00 -2.04320E+00
   25  0.00000E+00  3.00000E+02  0.00000E+00 -4.62221E+00
*eof
n02c004
    1  1.00000E+02  3.00000E+02  0.00000E+00 -6.27011E-01
    2  9.95722E+01  3.00000E+02 -3.10000E-02 -3.94894E-01
    3  9.82963E+01  3.00000E+02 -1.22500E-01 -1.55912E-01
    4  9.61940E+01  3.00000E+02 -2.69900E-01 -9.23601E-02
    5  9.33013E+01  3.00000E+02 -4.66600E-01 -6.90623E-02
    6  8.96677E+01  3.00000E+02 -7.03800E-01 -6.15693E-02
    7  8.53553E+01  3.00000E+02 -9.71900E-01 -6.11724E-02
    8  8.04381E+01  3.00000E+02 -1.26090E+00 -6.42042E-02
    9  7.50000E+01  3.00000E+02 -1.56020E+00 -6.90384E-02
   10  6.91342E+01  3.00000E+02 -1.85940E+00 -7.49183E-02
   11  6.29410E+01  3.00000E+02 -2.14750E+00 -8.14766E-02
   12  5.65263E+01  3.00000E+02 -2.41280E+00 -8.85693E-02
   13  5.00000E+01  3.00000E+02 -2.64310E+00 -9.61917E-02
   14  4.34737E+01  3.00000E+02 -2.82570E+00 -1.04409E-01
   15  3.70590E+01  3.00000E+02 -2.94820E+00 -1.13407E-01
   16  3.08658E+01  3.00000E+02 -2.99940E+00 -1.23649E-01
   17  2.50000E+01  3.00000E+02 -2.97040E+00 -1.35943E-01
   18  1.95619E+01  3.00000E+02 -2.85570E+00 -1.51625E-01
   19  1.46447E+01  3.00000E+02 -2.65410E+00 -1.73133E-01
   20  1.03323E+01  3.00000E+02 -2.36890E+00 -2.05292E-01
   21  6.69870E+00  3.00000E+02 -2.00730E+00 -2.57798E-01
   22  3.80600E+00  3.00000E+02 -1.57900E+00 -3.57119E-01
   23  1.70370E+00  3.00000E+02 -1.09520E+00 -3.43270E-01
   24  4.27800E-01  3.00000E+02 -5.66200E-01 -2.95892E+00
   25  0.00000E+00  3.00000E+02  0.00000E+00 -5.93101E+00
*eof
n02c005
    1  1.00000E+02  3.00000E+02  0.00000E+00 -6.31212E-01
    2  9.95722E+01  3.00000E+02 -6.20000E-02 -3.86034E-01
    3  9.82963E+01  3.00000E+02 -2.44900E-01 -9.18321E-02
    4  9.61940E+01  3.00000E+02 -5.39900E-01 -5.36785E-02
    5  9.33013E+01  3.00000E+02 -9.33200E-01 -3.95892E-02
    6  8.96677E+01  3.00000E+02 -1.40760E+00 -3.76830E-02
    7  8.53553E+01  3.00000E+02 -1.94380E+00 -4.17718E-02
    8  8.04381E+01  3.00000E+02 -2.52170E+00 -4.86021E-02
    9  7.50000E+01  3.00000E+02 -3.12040E+00 -5.67013E-02
   10  6.91342E+01  3.00000E+02 -3.71880E+00 -6.54575E-02
   11  6.29410E+01  3.00000E+02 -4.29490E+00 -7.46757E-02
   12  5.65263E+01  3.00000E+02 -4.82550E+00 -8.44693E-02
   13  5.00000E+01  3.00000E+02 -5.28610E+00 -9.51104E-02
   14  4.34737E+01  3.00000E+02 -5.65140E+00 -1.06993E-01
   15  3.70590E+01  3.00000E+02 -5.89650E+00 -1.20739E-01
   16  3.08658E+01  3.00000E+02 -5.99880E+00 -1.37315E-01
   17  2.50000E+01  3.00000E+02 -5.94080E+00 -1.58108E-01
   18  1.95619E+01  3.00000E+02 -5.71140E+00 -1.85143E-01
   19  1.46447E+01  3.00000E+02 -5.30830E+00 -2.21407E-01
   20  1.03323E+01  3.00000E+02 -4.73790E+00 -2.71596E-01
   21  6.69870E+00  3.00000E+02 -4.01450E+00 -3.43134E-01
   22  3.80600E+00  3.00000E+02 -3.15800E+00 -4.72792E-01
   23  1.70370E+00  3.00000E+02 -2.19040E+00  4.42729E-01
   24  4.27800E-01  3.00000E+02 -1.13240E+00 -3.71500E+00
   25  0.00000E+00  3.00000E+02  0.00000E+00 -7.22760E+00
*eof
n03c001
    1  1.00000E+02  0.00000E+00  0.00000E+00  0.00000E+00
    2  5.00000E+03  0.00000E+00  0.00000E+00  0.00000E+00
*eof
n03c002
    1  1.00000E+02  1.57895E+01  0.00000E+00  0.00000E+00
    2  5.00000E+03  1.57895E+01  0.00000E+00  0.00000E+00
*eof
n03c003
    1  1.00000E+02  3.15789E+01  0.00000E+00  0.00000E+00
    2  5.00000E+03  3.15789E+01  0.00000E+00  0.00000E+00
*eof
n03c004
    1  1.00000E+02  4.73684E+01  0.00000E+00  0.00000E+00
    2  5.00000E+03  4.73684E+01  0.00000E+00  0.00000E+00
*eof
n03c005
    1  1.00000E+02  6.31579E+01  0.00000E+00  0.00000E+00
    2  5.00000E+03  6.31579E+01  0.00000E+00  0.00000E+00
*eof
n03c006
    1  1.00000E+02  7.89474E+01  0.00000E+00  0.00000E+00
    2  5.00000E+03  7.89474E+01  0.00000E+00  0.00000E+00
*eof
n03c007
    1  1.00000E+02  9.47368E+01  0.00000E+00  0.00000E+00
    2  5.00000E+03  9.47368E+01  0.00000E+00  0.00000E+00
*eof
n03c008
    1  1.00000E+02  1.10526E+02  0.00000E+00  0.00000E+00
    2  5.00000E+03  1.10526E+02  0.00000E+00  0.00000E+00
*eof
n03c009
    1  1.00000E+02  1.26316E+02  0.00000E+00  0.00000E+00
    2  5.00000E+03  1.26316E+02  0.00000E+00  0.00000E+00
*eof
n03c010
    1  1.00000E+02  1.42105E+02  0.00000E+00  0.00000E+00
    2  5.00000E+03  1.42105E+02  0.00000E+00  0.00000E+00
*eof
n03c011
    1  1.00000E+02  1.57895E+02  0.00000E+00  0.00000E+00
    2  5.00000E+03  1.57895E+02  0.00000E+00  0.00000E+00
*eof
n03c012
    1  1.00000E+02  1.73684E+02  0.00000E+00  0.00000E+00
    2  5.00000E+03  1.73684E+02  0.00000E+00  0.00000E+00
*eof
n03c013
    1  1.00000E+02  1.89474E+02  0.00000E+00  0.00000E+00
    2  5.00000E+03  1.89474E+02  0.00000E+00  0.00000E+00
*eof
n03c014
    1  1.00000E+02  2.05263E+02  0.00000E+00  0.00000E+00
    2  5.00000E+03  2.05263E+02  0.00000E+00  0.00000E+00
*eof
n03c015
    1  1.00000E+02  2.21053E+02  0.00000E+00  0.00000E+00
    2  5.00000E+03  2.21053E+02  0.00000E+00  0.00000E+00
*eof
n03c016
    1  1.00000E+02  2.36842E+02  0.00000E+00  0.00000E+00
    2  5.00000E+03  2.36842E+02  0.00000E+00  0.00000E+00
*eof
n03c017
    1  1.00000E+02  2.52632E+02  0.00000E+00  0.00000E+00
    2  5.00000E+03  2.52632E+02  0.00000E+00  0.00000E+00
*eof
n03c018
    1  1.00000E+02  2.68421E+02  0.00000E+00  0.00000E+00
    2  5.00000E+03  2.68421E+02  0.00000E+00  0.00000E+00
*eof
n03c019
    1  1.00000E+02  2.84211E+02  0.00000E+00  0.00000E+00
    2  5.00000E+03  2.84211E+02  0.00000E+00  0.00000E+00
*eof
n03c020
    1  1.00000E+02  3.00000E+02  0.00000E+00  0.00000E+00
    2  5.00000E+03  3.00000E+02  0.00000E+00  0.00000E+00
*eof
