$TITLE    Created by panin, version 1.0 (4Jan2000) on                
INPUT FILE FOR PanAir (A502-ht2)                                                
Created by PANIN                                                                
$DATACHECK
    0.0000
$SYM
    1.0000    0.0000
$MACH NUMBER
    0.5000
$CASES
    1.0000
$ANGLES OF ATTACK
    0.0000
    7.4200
$YAW ANGLES
    0.0000
    0.0000
$REFERENCE DATA FOR 3-D FORCES AND MOMENTS
    0.2500    0.0000    0.0000    1.0000
    6.0000    6.0000    1.0000    6.0000
$PRINTOUT CONTROL
       0.0       0.0       0.0       0.0       0.0       0.0
       0.0       0.0       0.0       0.0       0.0       0.0
$EAT
  0.000000       0.0       0.0       0.0       0.0       0.0
$VELOCITY CORRECTION
    0.0000
$POINTS for network #  1   wing                                              
       1.0
       1.0                                     0.0       0.0
      59.0      30.0                                                  wing      
    1.0000    0.0000    0.0000    0.9971    0.0000    0.0004
    0.9883    0.0000    0.0014    0.9738    0.0000    0.0031
    0.9538    0.0000    0.0054    0.9284    0.0000    0.0083
    0.8980    0.0000    0.0116    0.8630    0.0000    0.0152
    0.8237    0.0000    0.0192    0.7806    0.0000    0.0232
    0.7342    0.0000    0.0274    0.6851    0.0000    0.0315
    0.6338    0.0000    0.0355    0.5809    0.0000    0.0392
    0.5271    0.0000    0.0425    0.4729    0.0000    0.0454
    0.4191    0.0000    0.0477    0.3662    0.0000    0.0492
    0.3149    0.0000    0.0500    0.2658    0.0000    0.0498
    0.2194    0.0000    0.0486    0.1763    0.0000    0.0465
    0.1370    0.0000    0.0434    0.1020    0.0000    0.0393
    0.0716    0.0000    0.0344    0.0462    0.0000    0.0286
    0.0262    0.0000    0.0222    0.0117    0.0000    0.0153
    0.0029    0.0000    0.0079    0.0000    0.0000    0.0000
    0.0029    0.0000   -0.0079    0.0117    0.0000   -0.0153
    0.0262    0.0000   -0.0222    0.0462    0.0000   -0.0286
    0.0716    0.0000   -0.0344    0.1020    0.0000   -0.0393
    0.1370    0.0000   -0.0434    0.1763    0.0000   -0.0465
    0.2194    0.0000   -0.0486    0.2658    0.0000   -0.0498
    0.3149    0.0000   -0.0500    0.3662    0.0000   -0.0492
    0.4191    0.0000   -0.0477    0.4729    0.0000   -0.0454
    0.5271    0.0000   -0.0425    0.5809    0.0000   -0.0392
    0.6338    0.0000   -0.0355    0.6851    0.0000   -0.0315
    0.7342    0.0000   -0.0274    0.7806    0.0000   -0.0232
    0.8237    0.0000   -0.0192    0.8630    0.0000   -0.0152
    0.8980    0.0000   -0.0116    0.9284    0.0000   -0.0083
    0.9538    0.0000   -0.0054    0.9738    0.0000   -0.0031
    0.9883    0.0000   -0.0014    0.9971    0.0000   -0.0004
    1.0000    0.0000    0.0000
    1.0000    0.1034    0.0000    0.9971    0.1034    0.0003
    0.9883    0.1034    0.0012    0.9738    0.1034    0.0026
    0.9537    0.1034    0.0046    0.9283    0.1034    0.0070
    0.8978    0.1034    0.0097    0.8627    0.1034    0.0127
    0.8234    0.1034    0.0159    0.7802    0.1034    0.0192
    0.7337    0.1034    0.0225    0.6845    0.1034    0.0257
    0.6332    0.1034    0.0287    0.5802    0.1034    0.0314
    0.5264    0.1034    0.0338    0.4722    0.1034    0.0357
    0.4183    0.1034    0.0369    0.3654    0.1034    0.0375
    0.3141    0.1034    0.0373    0.2650    0.1034    0.0362
    0.2186    0.1034    0.0342    0.1756    0.1034    0.0313
    0.1363    0.1034    0.0274    0.1014    0.1034    0.0227
    0.0711    0.1034    0.0172    0.0458    0.1034    0.0110
    0.0259    0.1034    0.0043    0.0116    0.1034   -0.0030
    0.0030    0.1034   -0.0106    0.0002    0.1034   -0.0185
    0.0032    0.1034   -0.0263    0.0121    0.1034   -0.0335
    0.0268    0.1034   -0.0402    0.0469    0.1034   -0.0463
    0.0724    0.1034   -0.0515    0.1028    0.1034   -0.0559
    0.1380    0.1034   -0.0593    0.1773    0.1034   -0.0617
    0.2204    0.1034   -0.0630    0.2668    0.1034   -0.0633
    0.3160    0.1034   -0.0626    0.3673    0.1034   -0.0609
    0.4201    0.1034   -0.0584    0.4739    0.1034   -0.0551
    0.5279    0.1034   -0.0513    0.5817    0.1034   -0.0469
    0.6345    0.1034   -0.0422    0.6857    0.1034   -0.0373
    0.7348    0.1034   -0.0323    0.7811    0.1034   -0.0273
    0.8241    0.1034   -0.0224    0.8633    0.1034   -0.0178
    0.8983    0.1034   -0.0135    0.9286    0.1034   -0.0096
    0.9539    0.1034   -0.0063    0.9739    0.1034   -0.0036
    0.9883    0.1034   -0.0016    0.9971    0.1034   -0.0004
    1.0000    0.1034    0.0000
    1.0000    0.2069    0.0000    0.9971    0.2069    0.0003
    0.9883    0.2069    0.0011    0.9738    0.2069    0.0025
    0.9537    0.2069    0.0043    0.9283    0.2069    0.0066
    0.8978    0.2069    0.0092    0.8627    0.2069    0.0120
    0.8233    0.2069    0.0150    0.7801    0.2069    0.0180
    0.7336    0.2069    0.0211    0.6844    0.2069    0.0240
    0.6330    0.2069    0.0268    0.5801    0.2069    0.0292
    0.5262    0.2069    0.0313    0.4720    0.2069    0.0329
    0.4181    0.2069    0.0339    0.3652    0.2069    0.0342
    0.3139    0.2069    0.0337    0.2648    0.2069    0.0324
    0.2185    0.2069    0.0301    0.1754    0.2069    0.0269
    0.1362    0.2069    0.0229    0.1013    0.2069    0.0180
    0.0710    0.2069    0.0123    0.0458    0.2069    0.0060
    0.0259    0.2069   -0.0008    0.0116    0.2069   -0.0081
    0.0030    0.2069   -0.0158    0.0003    0.2069   -0.0237
    0.0034    0.2069   -0.0315    0.0123    0.2069   -0.0387
    0.0270    0.2069   -0.0453    0.0472    0.2069   -0.0512
    0.0726    0.2069   -0.0564    0.1031    0.2069   -0.0606
    0.1383    0.2069   -0.0638    0.1776    0.2069   -0.0660
    0.2208    0.2069   -0.0671    0.2672    0.2069   -0.0672
    0.3163    0.2069   -0.0662    0.3676    0.2069   -0.0642
    0.4204    0.2069   -0.0614    0.4742    0.2069   -0.0579
    0.5282    0.2069   -0.0537    0.5819    0.2069   -0.0491
    0.6347    0.2069   -0.0441    0.6859    0.2069   -0.0390
    0.7349    0.2069   -0.0337    0.7812    0.2069   -0.0284
    0.8242    0.2069   -0.0233    0.8634    0.2069   -0.0185
    0.8983    0.2069   -0.0140    0.9286    0.2069   -0.0100
    0.9539    0.2069   -0.0065    0.9739    0.2069   -0.0037
    0.9883    0.2069   -0.0017    0.9971    0.2069   -0.0004
    1.0000    0.2069    0.0000
    1.0000    0.3103    0.0000    0.9971    0.3103    0.0003
    0.9883    0.3103    0.0011    0.9738    0.3103    0.0024
    0.9537    0.3103    0.0042    0.9282    0.3103    0.0064
    0.8978    0.3103    0.0088    0.8626    0.3103    0.0116
    0.8232    0.3103    0.0144    0.7800    0.3103    0.0173
    0.7336    0.3103    0.0202    0.6843    0.3103    0.0230
    0.6329    0.3103    0.0256    0.5800    0.3103    0.0279
    0.5261    0.3103    0.0298    0.4719    0.3103    0.0312
    0.4180    0.3103    0.0321    0.3651    0.3103    0.0322
    0.3138    0.3103    0.0315    0.2647    0.3103    0.0300
    0.2184    0.3103    0.0276    0.1754    0.3103    0.0243
    0.1361    0.3103    0.0201    0.1012    0.3103    0.0151
    0.0710    0.3103    0.0094    0.0458    0.3103    0.0030
    0.0259    0.3103   -0.0039    0.0116    0.3103   -0.0113
    0.0031    0.3103   -0.0190    0.0004    0.3103   -0.0269
    0.0035    0.3103   -0.0347    0.0125    0.3103   -0.0419
    0.0271    0.3103   -0.0484    0.0473    0.3103   -0.0543
    0.0728    0.3103   -0.0593    0.1033    0.3103   -0.0634
    0.1385    0.3103   -0.0665    0.1779    0.3103   -0.0686
    0.2210    0.3103   -0.0696    0.2674    0.3103   -0.0695
    0.3165    0.3103   -0.0684    0.3678    0.3103   -0.0663
    0.4206    0.3103   -0.0633    0.4743    0.3103   -0.0596
    0.5284    0.3103   -0.0552    0.5821    0.3103   -0.0504
    0.6349    0.3103   -0.0453    0.6860    0.3103   -0.0400
    0.7350    0.3103   -0.0345    0.7813    0.3103   -0.0291
    0.8243    0.3103   -0.0239    0.8635    0.3103   -0.0189
    0.8984    0.3103   -0.0143    0.9287    0.3103   -0.0102
    0.9540    0.3103   -0.0067    0.9739    0.3103   -0.0038
    0.9884    0.3103   -0.0017    0.9971    0.3103   -0.0004
    1.0000    0.3103    0.0000
    1.0000    0.4138    0.0000    0.9971    0.4138    0.0003
    0.9883    0.4138    0.0011    0.9737    0.4138    0.0024
    0.9536    0.4138    0.0041    0.9282    0.4138    0.0062
    0.8978    0.4138    0.0086    0.8626    0.4138    0.0113
    0.8232    0.4138    0.0140    0.7800    0.4138    0.0169
    0.7335    0.4138    0.0197    0.6843    0.4138    0.0223
    0.6329    0.4138    0.0248    0.5799    0.4138    0.0270
    0.5260    0.4138    0.0288    0.4718    0.4138    0.0301
    0.4180    0.4138    0.0308    0.3651    0.4138    0.0308
    0.3138    0.4138    0.0300    0.2647    0.4138    0.0284
    0.2183    0.4138    0.0259    0.1753    0.4138    0.0225
    0.1361    0.4138    0.0183    0.1012    0.4138    0.0132
    0.0710    0.4138    0.0074    0.0458    0.4138    0.0009
    0.0259    0.4138   -0.0060    0.0117    0.4138   -0.0134
    0.0031    0.4138   -0.0211    0.0004    0.4138   -0.0290
    0.0036    0.4138   -0.0368    0.0126    0.4138   -0.0440
    0.0272    0.4138   -0.0505    0.0474    0.4138   -0.0563
    0.0730    0.4138   -0.0613    0.1035    0.4138   -0.0654
    0.1386    0.4138   -0.0684    0.1780    0.4138   -0.0704
    0.2211    0.4138   -0.0713    0.2676    0.4138   -0.0711
    0.3167    0.4138   -0.0698    0.3679    0.4138   -0.0676
    0.4207    0.4138   -0.0645    0.4745    0.4138   -0.0607
    0.5285    0.4138   -0.0563    0.5822    0.4138   -0.0513
    0.6349    0.4138   -0.0461    0.6861    0.4138   -0.0406
    0.7351    0.4138   -0.0351    0.7814    0.4138   -0.0296
    0.8243    0.4138   -0.0243    0.8635    0.4138   -0.0192
    0.8984    0.4138   -0.0145    0.9287    0.4138   -0.0104
    0.9540    0.4138   -0.0068    0.9739    0.4138   -0.0039
    0.9884    0.4138   -0.0017    0.9971    0.4138   -0.0004
    1.0000    0.4138    0.0000
    1.0000    0.5172    0.0000    0.9971    0.5172    0.0003
    0.9883    0.5172    0.0010    0.9737    0.5172    0.0023
    0.9536    0.5172    0.0040    0.9282    0.5172    0.0061
    0.8977    0.5172    0.0085    0.8626    0.5172    0.0110
    0.8232    0.5172    0.0138    0.7800    0.5172    0.0165
    0.7335    0.5172    0.0192    0.6843    0.5172    0.0218
    0.6329    0.5172    0.0242    0.5799    0.5172    0.0263
    0.5260    0.5172    0.0281    0.4718    0.5172    0.0293
    0.4179    0.5172    0.0299    0.3650    0.5172    0.0298
    0.3137    0.5172    0.0290    0.2646    0.5172    0.0273
    0.2183    0.5172    0.0247    0.1753    0.5172    0.0213
    0.1361    0.5172    0.0169    0.1012    0.5172    0.0118
    0.0710    0.5172    0.0059    0.0458    0.5172   -0.0006
    0.0259    0.5172   -0.0076    0.0117    0.5172   -0.0150
    0.0032    0.5172   -0.0227    0.0005    0.5172   -0.0306
    0.0036    0.5172   -0.0384    0.0126    0.5172   -0.0455
    0.0273    0.5172   -0.0520    0.0475    0.5172   -0.0578
    0.0731    0.5172   -0.0628    0.1036    0.5172   -0.0668
    0.1387    0.5172   -0.0698    0.1781    0.5172   -0.0717
    0.2213    0.5172   -0.0725    0.2677    0.5172   -0.0722
    0.3168    0.5172   -0.0709    0.3680    0.5172   -0.0686
    0.4208    0.5172   -0.0654    0.4746    0.5172   -0.0615
    0.5286    0.5172   -0.0570    0.5823    0.5172   -0.0520
    0.6350    0.5172   -0.0467    0.6862    0.5172   -0.0411
    0.7352    0.5172   -0.0355    0.7814    0.5172   -0.0299
    0.8244    0.5172   -0.0245    0.8635    0.5172   -0.0194
    0.8984    0.5172   -0.0147    0.9287    0.5172   -0.0105
    0.9540    0.5172   -0.0068    0.9739    0.5172   -0.0039
    0.9884    0.5172   -0.0018    0.9971    0.5172   -0.0004
    1.0000    0.5172    0.0000
    1.0000    0.6207    0.0000    0.9971    0.6207    0.0003
    0.9883    0.6207    0.0010    0.9737    0.6207    0.0023
    0.9536    0.6207    0.0040    0.9282    0.6207    0.0060
    0.8977    0.6207    0.0083    0.8626    0.6207    0.0109
    0.8232    0.6207    0.0135    0.7800    0.6207    0.0163
    0.7335    0.6207    0.0189    0.6842    0.6207    0.0215
    0.6328    0.6207    0.0238    0.5799    0.6207    0.0259
    0.5260    0.6207    0.0275    0.4718    0.6207    0.0287
    0.4179    0.6207    0.0292    0.3650    0.6207    0.0291
    0.3137    0.6207    0.0282    0.2646    0.6207    0.0264
    0.2183    0.6207    0.0238    0.1752    0.6207    0.0203
    0.1361    0.6207    0.0159    0.1012    0.6207    0.0107
    0.0709    0.6207    0.0048    0.0458    0.6207   -0.0017
    0.0260    0.6207   -0.0087    0.0117    0.6207   -0.0161
    0.0032    0.6207   -0.0238    0.0005    0.6207   -0.0318
    0.0037    0.6207   -0.0395    0.0127    0.6207   -0.0467
    0.0274    0.6207   -0.0532    0.0476    0.6207   -0.0589
    0.0731    0.6207   -0.0638    0.1037    0.6207   -0.0678
    0.1388    0.6207   -0.0708    0.1782    0.6207   -0.0726
    0.2213    0.6207   -0.0734    0.2677    0.6207   -0.0731
    0.3169    0.6207   -0.0717    0.3681    0.6207   -0.0693
    0.4209    0.6207   -0.0661    0.4746    0.6207   -0.0621
    0.5287    0.6207   -0.0575    0.5823    0.6207   -0.0525
    0.6351    0.6207   -0.0471    0.6862    0.6207   -0.0415
    0.7352    0.6207   -0.0358    0.7814    0.6207   -0.0302
    0.8244    0.6207   -0.0247    0.8636    0.6207   -0.0196
    0.8985    0.6207   -0.0148    0.9287    0.6207   -0.0106
    0.9540    0.6207   -0.0069    0.9739    0.6207   -0.0039
    0.9884    0.6207   -0.0018    0.9971    0.6207   -0.0004
    1.0000    0.6207    0.0000
    1.0000    0.7241    0.0000    0.9971    0.7241    0.0003
    0.9883    0.7241    0.0010    0.9737    0.7241    0.0023
    0.9536    0.7241    0.0039    0.9282    0.7241    0.0059
    0.8977    0.7241    0.0082    0.8626    0.7241    0.0108
    0.8232    0.7241    0.0134    0.7800    0.7241    0.0161
    0.7335    0.7241    0.0187    0.6842    0.7241    0.0212
    0.6328    0.7241    0.0235    0.5798    0.7241    0.0255
    0.5259    0.7241    0.0271    0.4717    0.7241    0.0282
    0.4179    0.7241    0.0287    0.3650    0.7241    0.0285
    0.3137    0.7241    0.0276    0.2646    0.7241    0.0258
    0.2182    0.7241    0.0231    0.1752    0.7241    0.0196
    0.1360    0.7241    0.0152    0.1011    0.7241    0.0100
    0.0709    0.7241    0.0040    0.0458    0.7241   -0.0025
    0.0260    0.7241   -0.0096    0.0117    0.7241   -0.0170
    0.0032    0.7241   -0.0247    0.0005    0.7241   -0.0327
    0.0037    0.7241   -0.0404    0.0127    0.7241   -0.0476
    0.0274    0.7241   -0.0540    0.0477    0.7241   -0.0598
    0.0732    0.7241   -0.0647    0.1037    0.7241   -0.0686
    0.1389    0.7241   -0.0715    0.1783    0.7241   -0.0734
    0.2214    0.7241   -0.0741    0.2678    0.7241   -0.0737
    0.3169    0.7241   -0.0723    0.3682    0.7241   -0.0699
    0.4210    0.7241   -0.0666    0.4747    0.7241   -0.0626
    0.5287    0.7241   -0.0580    0.5824    0.7241   -0.0529
    0.6351    0.7241   -0.0474    0.6863    0.7241   -0.0418
    0.7352    0.7241   -0.0361    0.7815    0.7241   -0.0304
    0.8244    0.7241   -0.0249    0.8636    0.7241   -0.0197
    0.8985    0.7241   -0.0149    0.9287    0.7241   -0.0106
    0.9540    0.7241   -0.0069    0.9739    0.7241   -0.0040
    0.9884    0.7241   -0.0018    0.9971    0.7241   -0.0004
    1.0000    0.7241    0.0000
    1.0000    0.8276    0.0000    0.9971    0.8276    0.0003
    0.9883    0.8276    0.0010    0.9737    0.8276    0.0022
    0.9536    0.8276    0.0039    0.9282    0.8276    0.0059
    0.8977    0.8276    0.0082    0.8626    0.8276    0.0107
    0.8232    0.8276    0.0133    0.7799    0.8276    0.0159
    0.7334    0.8276    0.0185    0.6842    0.8276    0.0210
    0.6328    0.8276    0.0232    0.5798    0.8276    0.0252
    0.5259    0.8276    0.0268    0.4717    0.8276    0.0278
    0.4178    0.8276    0.0283    0.3649    0.8276    0.0281
    0.3136    0.8276    0.0271    0.2645    0.8276    0.0253
    0.2182    0.8276    0.0226    0.1752    0.8276    0.0190
    0.1360    0.8276    0.0146    0.1011    0.8276    0.0093
    0.0709    0.8276    0.0034    0.0458    0.8276   -0.0032
    0.0260    0.8276   -0.0102    0.0117    0.8276   -0.0177
    0.0032    0.8276   -0.0254    0.0006    0.8276   -0.0333
    0.0037    0.8276   -0.0411    0.0127    0.8276   -0.0482
    0.0275    0.8276   -0.0547    0.0477    0.8276   -0.0604
    0.0732    0.8276   -0.0653    0.1038    0.8276   -0.0692
    0.1389    0.8276   -0.0721    0.1783    0.8276   -0.0739
    0.2215    0.8276   -0.0746    0.2679    0.8276   -0.0742
    0.3170    0.8276   -0.0728    0.3682    0.8276   -0.0703
    0.4210    0.8276   -0.0670    0.4747    0.8276   -0.0630
    0.5288    0.8276   -0.0583    0.5824    0.8276   -0.0531
    0.6352    0.8276   -0.0477    0.6863    0.8276   -0.0420
    0.7353    0.8276   -0.0362    0.7815    0.8276   -0.0305
    0.8244    0.8276   -0.0250    0.8636    0.8276   -0.0198
    0.8985    0.8276   -0.0150    0.9287    0.8276   -0.0107
    0.9540    0.8276   -0.0070    0.9739    0.8276   -0.0040
    0.9884    0.8276   -0.0018    0.9971    0.8276   -0.0005
    1.0000    0.8276    0.0000
    1.0000    0.9310    0.0000    0.9971    0.9310    0.0003
    0.9883    0.9310    0.0010    0.9737    0.9310    0.0022
    0.9536    0.9310    0.0039    0.9282    0.9310    0.0059
    0.8977    0.9310    0.0081    0.8626    0.9310    0.0106
    0.8231    0.9310    0.0132    0.7799    0.9310    0.0158
    0.7334    0.9310    0.0184    0.6842    0.9310    0.0208
    0.6328    0.9310    0.0230    0.5798    0.9310    0.0250
    0.5259    0.9310    0.0265    0.4717    0.9310    0.0275
    0.4178    0.9310    0.0280    0.3649    0.9310    0.0277
    0.3136    0.9310    0.0267    0.2645    0.9310    0.0249
    0.2182    0.9310    0.0222    0.1752    0.9310    0.0185
    0.1360    0.9310    0.0141    0.1011    0.9310    0.0088
    0.0709    0.9310    0.0029    0.0458    0.9310   -0.0037
    0.0260    0.9310   -0.0108    0.0117    0.9310   -0.0182
    0.0032    0.9310   -0.0259    0.0006    0.9310   -0.0339
    0.0038    0.9310   -0.0416    0.0128    0.9310   -0.0488
    0.0275    0.9310   -0.0552    0.0477    0.9310   -0.0609
    0.0733    0.9310   -0.0658    0.1038    0.9310   -0.0697
    0.1390    0.9310   -0.0726    0.1784    0.9310   -0.0744
    0.2215    0.9310   -0.0751    0.2679    0.9310   -0.0746
    0.3170    0.9310   -0.0731    0.3683    0.9310   -0.0707
    0.4211    0.9310   -0.0673    0.4748    0.9310   -0.0633
    0.5288    0.9310   -0.0585    0.5825    0.9310   -0.0534
    0.6352    0.9310   -0.0479    0.6863    0.9310   -0.0422
    0.7353    0.9310   -0.0364    0.7815    0.9310   -0.0307
    0.8244    0.9310   -0.0251    0.8636    0.9310   -0.0199
    0.8985    0.9310   -0.0150    0.9288    0.9310   -0.0107
    0.9540    0.9310   -0.0070    0.9739    0.9310   -0.0040
    0.9884    0.9310   -0.0018    0.9971    0.9310   -0.0005
    1.0000    0.9310    0.0000
    1.0000    1.0345    0.0000    0.9971    1.0345    0.0003
    0.9883    1.0345    0.0010    0.9737    1.0345    0.0022
    0.9536    1.0345    0.0038    0.9282    1.0345    0.0058
    0.8977    1.0345    0.0081    0.8626    1.0345    0.0105
    0.8231    1.0345    0.0131    0.7799    1.0345    0.0157
    0.7334    1.0345    0.0182    0.6842    1.0345    0.0207
    0.6328    1.0345    0.0229    0.5798    1.0345    0.0248
    0.5259    1.0345    0.0263    0.4717    1.0345    0.0273
    0.4178    1.0345    0.0277    0.3649    1.0345    0.0274
    0.3136    1.0345    0.0264    0.2645    1.0345    0.0245
    0.2182    1.0345    0.0218    0.1752    1.0345    0.0182
    0.1360    1.0345    0.0137    0.1011    1.0345    0.0084
    0.0709    1.0345    0.0025    0.0458    1.0345   -0.0041
    0.0260    1.0345   -0.0112    0.0117    1.0345   -0.0187
    0.0032    1.0345   -0.0264    0.0006    1.0345   -0.0343
    0.0038    1.0345   -0.0421    0.0128    1.0345   -0.0492
    0.0275    1.0345   -0.0557    0.0478    1.0345   -0.0614
    0.0733    1.0345   -0.0662    0.1038    1.0345   -0.0701
    0.1390    1.0345   -0.0730    0.1784    1.0345   -0.0747
    0.2215    1.0345   -0.0754    0.2679    1.0345   -0.0750
    0.3171    1.0345   -0.0735    0.3683    1.0345   -0.0710
    0.4211    1.0345   -0.0676    0.4748    1.0345   -0.0635
    0.5288    1.0345   -0.0588    0.5825    1.0345   -0.0536
    0.6352    1.0345   -0.0480    0.6863    1.0345   -0.0423
    0.7353    1.0345   -0.0365    0.7815    1.0345   -0.0308
    0.8245    1.0345   -0.0252    0.8636    1.0345   -0.0199
    0.8985    1.0345   -0.0151    0.9288    1.0345   -0.0107
    0.9540    1.0345   -0.0070    0.9739    1.0345   -0.0040
    0.9884    1.0345   -0.0018    0.9971    1.0345   -0.0005
    1.0000    1.0345    0.0000
    1.0000    1.1379    0.0000    0.9971    1.1379    0.0003
    0.9883    1.1379    0.0010    0.9737    1.1379    0.0022
    0.9536    1.1379    0.0038    0.9282    1.1379    0.0058
    0.8977    1.1379    0.0080    0.8626    1.1379    0.0105
    0.8231    1.1379    0.0130    0.7799    1.1379    0.0156
    0.7334    1.1379    0.0181    0.6842    1.1379    0.0205
    0.6328    1.1379    0.0227    0.5798    1.1379    0.0246
    0.5259    1.1379    0.0261    0.4717    1.1379    0.0271
    0.4178    1.1379    0.0275    0.3649    1.1379    0.0272
    0.3136    1.1379    0.0261    0.2645    1.1379    0.0243
    0.2182    1.1379    0.0215    0.1752    1.1379    0.0179
    0.1360    1.1379    0.0134    0.1011    1.1379    0.0081
    0.0709    1.1379    0.0021    0.0458    1.1379   -0.0045
    0.0260    1.1379   -0.0116    0.0118    1.1379   -0.0190
    0.0033    1.1379   -0.0268    0.0006    1.1379   -0.0347
    0.0038    1.1379   -0.0425    0.0128    1.1379   -0.0496
    0.0275    1.1379   -0.0560    0.0478    1.1379   -0.0617
    0.0733    1.1379   -0.0666    0.1039    1.1379   -0.0705
    0.1390    1.1379   -0.0733    0.1784    1.1379   -0.0751
    0.2216    1.1379   -0.0757    0.2680    1.1379   -0.0752
    0.3171    1.1379   -0.0737    0.3683    1.1379   -0.0712
    0.4211    1.1379   -0.0678    0.4748    1.1379   -0.0637
    0.5288    1.1379   -0.0589    0.5825    1.1379   -0.0537
    0.6352    1.1379   -0.0482    0.6864    1.1379   -0.0424
    0.7353    1.1379   -0.0366    0.7815    1.1379   -0.0308
    0.8245    1.1379   -0.0253    0.8636    1.1379   -0.0200
    0.8985    1.1379   -0.0151    0.9288    1.1379   -0.0108
    0.9540    1.1379   -0.0070    0.9740    1.1379   -0.0040
    0.9884    1.1379   -0.0018    0.9971    1.1379   -0.0005
    1.0000    1.1379    0.0000
    1.0000    1.2414    0.0000    0.9971    1.2414    0.0003
    0.9883    1.2414    0.0010    0.9737    1.2414    0.0022
    0.9536    1.2414    0.0038    0.9282    1.2414    0.0058
    0.8977    1.2414    0.0080    0.8625    1.2414    0.0104
    0.8231    1.2414    0.0130    0.7799    1.2414    0.0155
    0.7334    1.2414    0.0181    0.6842    1.2414    0.0204
    0.6327    1.2414    0.0226    0.5798    1.2414    0.0245
    0.5259    1.2414    0.0259    0.4717    1.2414    0.0269
    0.4178    1.2414    0.0273    0.3649    1.2414    0.0270
    0.3136    1.2414    0.0259    0.2645    1.2414    0.0240
    0.2182    1.2414    0.0212    0.1752    1.2414    0.0176
    0.1360    1.2414    0.0131    0.1011    1.2414    0.0078
    0.0709    1.2414    0.0018    0.0458    1.2414   -0.0048
    0.0260    1.2414   -0.0119    0.0118    1.2414   -0.0194
    0.0033    1.2414   -0.0271    0.0006    1.2414   -0.0351
    0.0038    1.2414   -0.0428    0.0128    1.2414   -0.0499
    0.0276    1.2414   -0.0564    0.0478    1.2414   -0.0621
    0.0733    1.2414   -0.0669    0.1039    1.2414   -0.0708
    0.1391    1.2414   -0.0736    0.1784    1.2414   -0.0753
    0.2216    1.2414   -0.0760    0.2680    1.2414   -0.0755
    0.3171    1.2414   -0.0740    0.3684    1.2414   -0.0714
    0.4211    1.2414   -0.0680    0.4748    1.2414   -0.0639
    0.5289    1.2414   -0.0591    0.5825    1.2414   -0.0539
    0.6352    1.2414   -0.0483    0.6864    1.2414   -0.0425
    0.7353    1.2414   -0.0367    0.7815    1.2414   -0.0309
    0.8245    1.2414   -0.0253    0.8636    1.2414   -0.0200
    0.8985    1.2414   -0.0152    0.9288    1.2414   -0.0108
    0.9540    1.2414   -0.0071    0.9740    1.2414   -0.0040
    0.9884    1.2414   -0.0018    0.9971    1.2414   -0.0005
    1.0000    1.2414    0.0000
    1.0000    1.3448    0.0000    0.9971    1.3448    0.0003
    0.9883    1.3448    0.0010    0.9737    1.3448    0.0022
    0.9536    1.3448    0.0038    0.9282    1.3448    0.0057
    0.8977    1.3448    0.0080    0.8625    1.3448    0.0104
    0.8231    1.3448    0.0129    0.7799    1.3448    0.0155
    0.7334    1.3448    0.0180    0.6842    1.3448    0.0203
    0.6327    1.3448    0.0225    0.5798    1.3448    0.0243
    0.5259    1.3448    0.0258    0.4717    1.3448    0.0267
    0.4178    1.3448    0.0271    0.3649    1.3448    0.0268
    0.3136    1.3448    0.0257    0.2645    1.3448    0.0238
    0.2182    1.3448    0.0210    0.1752    1.3448    0.0173
    0.1360    1.3448    0.0128    0.1011    1.3448    0.0075
    0.0709    1.3448    0.0015    0.0458    1.3448   -0.0051
    0.0260    1.3448   -0.0122    0.0118    1.3448   -0.0197
    0.0033    1.3448   -0.0274    0.0006    1.3448   -0.0354
    0.0038    1.3448   -0.0431    0.0128    1.3448   -0.0503
    0.0276    1.3448   -0.0567    0.0478    1.3448   -0.0624
    0.0734    1.3448   -0.0672    0.1039    1.3448   -0.0710
    0.1391    1.3448   -0.0739    0.1785    1.3448   -0.0756
    0.2216    1.3448   -0.0762    0.2680    1.3448   -0.0757
    0.3171    1.3448   -0.0742    0.3684    1.3448   -0.0716
    0.4212    1.3448   -0.0682    0.4749    1.3448   -0.0640
    0.5289    1.3448   -0.0593    0.5825    1.3448   -0.0540
    0.6352    1.3448   -0.0484    0.6864    1.3448   -0.0426
    0.7353    1.3448   -0.0368    0.7816    1.3448   -0.0310
    0.8245    1.3448   -0.0254    0.8636    1.3448   -0.0201
    0.8985    1.3448   -0.0152    0.9288    1.3448   -0.0108
    0.9540    1.3448   -0.0071    0.9740    1.3448   -0.0040
    0.9884    1.3448   -0.0018    0.9971    1.3448   -0.0005
    1.0000    1.3448    0.0000
    1.0000    1.4483    0.0000    0.9971    1.4483    0.0002
    0.9883    1.4483    0.0010    0.9737    1.4483    0.0022
    0.9536    1.4483    0.0038    0.9282    1.4483    0.0057
    0.8977    1.4483    0.0079    0.8625    1.4483    0.0103
    0.8231    1.4483    0.0129    0.7799    1.4483    0.0154
    0.7334    1.4483    0.0179    0.6841    1.4483    0.0202
    0.6327    1.4483    0.0224    0.5798    1.4483    0.0242
    0.5259    1.4483    0.0256    0.4716    1.4483    0.0266
    0.4178    1.4483    0.0269    0.3649    1.4483    0.0266
    0.3136    1.4483    0.0255    0.2645    1.4483    0.0235
    0.2182    1.4483    0.0207    0.1752    1.4483    0.0171
    0.1360    1.4483    0.0125    0.1011    1.4483    0.0072
    0.0709    1.4483    0.0012    0.0458    1.4483   -0.0054
    0.0260    1.4483   -0.0125    0.0118    1.4483   -0.0200
    0.0033    1.4483   -0.0277    0.0006    1.4483   -0.0357
    0.0038    1.4483   -0.0434    0.0129    1.4483   -0.0506
    0.0276    1.4483   -0.0570    0.0478    1.4483   -0.0627
    0.0734    1.4483   -0.0675    0.1039    1.4483   -0.0713
    0.1391    1.4483   -0.0741    0.1785    1.4483   -0.0759
    0.2216    1.4483   -0.0765    0.2680    1.4483   -0.0760
    0.3172    1.4483   -0.0744    0.3684    1.4483   -0.0718
    0.4212    1.4483   -0.0684    0.4749    1.4483   -0.0642
    0.5289    1.4483   -0.0594    0.5826    1.4483   -0.0541
    0.6353    1.4483   -0.0485    0.6864    1.4483   -0.0427
    0.7354    1.4483   -0.0369    0.7816    1.4483   -0.0311
    0.8245    1.4483   -0.0254    0.8636    1.4483   -0.0201
    0.8985    1.4483   -0.0152    0.9288    1.4483   -0.0108
    0.9540    1.4483   -0.0071    0.9740    1.4483   -0.0040
    0.9884    1.4483   -0.0018    0.9971    1.4483   -0.0005
    1.0000    1.4483    0.0000
    1.0000    1.5517    0.0000    0.9971    1.5517    0.0002
    0.9883    1.5517    0.0010    0.9737    1.5517    0.0022
    0.9536    1.5517    0.0038    0.9282    1.5517    0.0057
    0.8977    1.5517    0.0079    0.8625    1.5517    0.0103
    0.8231    1.5517    0.0128    0.7799    1.5517    0.0153
    0.7334    1.5517    0.0178    0.6841    1.5517    0.0201
    0.6327    1.5517    0.0223    0.5798    1.5517    0.0241
    0.5258    1.5517    0.0255    0.4716    1.5517    0.0264
    0.4178    1.5517    0.0267    0.3649    1.5517    0.0264
    0.3136    1.5517    0.0252    0.2645    1.5517    0.0233
    0.2182    1.5517    0.0205    0.1752    1.5517    0.0168
    0.1360    1.5517    0.0122    0.1011    1.5517    0.0069
    0.0709    1.5517    0.0009    0.0458    1.5517   -0.0057
    0.0260    1.5517   -0.0128    0.0118    1.5517   -0.0203
    0.0033    1.5517   -0.0281    0.0006    1.5517   -0.0360
    0.0039    1.5517   -0.0438    0.0129    1.5517   -0.0509
    0.0276    1.5517   -0.0573    0.0479    1.5517   -0.0630
    0.0734    1.5517   -0.0678    0.1040    1.5517   -0.0716
    0.1391    1.5517   -0.0744    0.1785    1.5517   -0.0761
    0.2217    1.5517   -0.0767    0.2681    1.5517   -0.0762
    0.3172    1.5517   -0.0746    0.3684    1.5517   -0.0720
    0.4212    1.5517   -0.0686    0.4749    1.5517   -0.0644
    0.5289    1.5517   -0.0596    0.5826    1.5517   -0.0543
    0.6353    1.5517   -0.0486    0.6864    1.5517   -0.0428
    0.7354    1.5517   -0.0369    0.7816    1.5517   -0.0311
    0.8245    1.5517   -0.0255    0.8636    1.5517   -0.0202
    0.8985    1.5517   -0.0152    0.9288    1.5517   -0.0109
    0.9540    1.5517   -0.0071    0.9740    1.5517   -0.0041
    0.9884    1.5517   -0.0018    0.9971    1.5517   -0.0005
    1.0000    1.5517    0.0000
    1.0000    1.6552    0.0000    0.9971    1.6552    0.0002
    0.9883    1.6552    0.0010    0.9737    1.6552    0.0022
    0.9536    1.6552    0.0037    0.9282    1.6552    0.0057
    0.8977    1.6552    0.0079    0.8625    1.6552    0.0102
    0.8231    1.6552    0.0127    0.7799    1.6552    0.0152
    0.7334    1.6552    0.0177    0.6841    1.6552    0.0200
    0.6327    1.6552    0.0221    0.5797    1.6552    0.0239
    0.5258    1.6552    0.0253    0.4716    1.6552    0.0262
    0.4178    1.6552    0.0265    0.3649    1.6552    0.0261
    0.3136    1.6552    0.0250    0.2645    1.6552    0.0230
    0.2182    1.6552    0.0202    0.1752    1.6552    0.0165
    0.1360    1.6552    0.0119    0.1011    1.6552    0.0066
    0.0709    1.6552    0.0006    0.0458    1.6552   -0.0061
    0.0260    1.6552   -0.0132    0.0118    1.6552   -0.0207
    0.0033    1.6552   -0.0284    0.0007    1.6552   -0.0364
    0.0039    1.6552   -0.0441    0.0129    1.6552   -0.0512
    0.0276    1.6552   -0.0577    0.0479    1.6552   -0.0633
    0.0734    1.6552   -0.0681    0.1040    1.6552   -0.0719
    0.1392    1.6552   -0.0747    0.1785    1.6552   -0.0764
    0.2217    1.6552   -0.0770    0.2681    1.6552   -0.0765
    0.3172    1.6552   -0.0749    0.3684    1.6552   -0.0723
    0.4212    1.6552   -0.0688    0.4749    1.6552   -0.0646
    0.5289    1.6552   -0.0597    0.5826    1.6552   -0.0544
    0.6353    1.6552   -0.0488    0.6864    1.6552   -0.0429
    0.7354    1.6552   -0.0370    0.7816    1.6552   -0.0312
    0.8245    1.6552   -0.0256    0.8636    1.6552   -0.0202
    0.8985    1.6552   -0.0153    0.9288    1.6552   -0.0109
    0.9540    1.6552   -0.0071    0.9740    1.6552   -0.0041
    0.9884    1.6552   -0.0018    0.9971    1.6552   -0.0005
    1.0000    1.6552    0.0000
    1.0000    1.7586    0.0000    0.9971    1.7586    0.0002
    0.9883    1.7586    0.0010    0.9737    1.7586    0.0022
    0.9536    1.7586    0.0037    0.9282    1.7586    0.0056
    0.8977    1.7586    0.0078    0.8625    1.7586    0.0102
    0.8231    1.7586    0.0127    0.7799    1.7586    0.0152
    0.7334    1.7586    0.0176    0.6841    1.7586    0.0199
    0.6327    1.7586    0.0220    0.5797    1.7586    0.0238
    0.5258    1.7586    0.0251    0.4716    1.7586    0.0260
    0.4177    1.7586    0.0263    0.3649    1.7586    0.0259
    0.3136    1.7586    0.0247    0.2645    1.7586    0.0228
    0.2181    1.7586    0.0199    0.1752    1.7586    0.0162
    0.1360    1.7586    0.0116    0.1011    1.7586    0.0063
    0.0709    1.7586    0.0002    0.0458    1.7586   -0.0064
    0.0260    1.7586   -0.0136    0.0118    1.7586   -0.0211
    0.0033    1.7586   -0.0288    0.0007    1.7586   -0.0368
    0.0039    1.7586   -0.0445    0.0129    1.7586   -0.0516
    0.0276    1.7586   -0.0580    0.0479    1.7586   -0.0637
    0.0735    1.7586   -0.0685    0.1040    1.7586   -0.0723
    0.1392    1.7586   -0.0751    0.1786    1.7586   -0.0767
    0.2217    1.7586   -0.0773    0.2681    1.7586   -0.0767
    0.3172    1.7586   -0.0751    0.3685    1.7586   -0.0725
    0.4213    1.7586   -0.0690    0.4750    1.7586   -0.0648
    0.5290    1.7586   -0.0599    0.5826    1.7586   -0.0546
    0.6353    1.7586   -0.0489    0.6864    1.7586   -0.0431
    0.7354    1.7586   -0.0371    0.7816    1.7586   -0.0313
    0.8245    1.7586   -0.0256    0.8637    1.7586   -0.0203
    0.8985    1.7586   -0.0153    0.9288    1.7586   -0.0109
    0.9540    1.7586   -0.0071    0.9740    1.7586   -0.0041
    0.9884    1.7586   -0.0018    0.9971    1.7586   -0.0005
    1.0000    1.7586    0.0000
    1.0000    1.8621    0.0000    0.9971    1.8621    0.0002
    0.9883    1.8621    0.0010    0.9737    1.8621    0.0021
    0.9536    1.8621    0.0037    0.9282    1.8621    0.0056
    0.8977    1.8621    0.0078    0.8625    1.8621    0.0101
    0.8231    1.8621    0.0126    0.7799    1.8621    0.0151
    0.7334    1.8621    0.0175    0.6841    1.8621    0.0198
    0.6327    1.8621    0.0218    0.5797    1.8621    0.0236
    0.5258    1.8621    0.0249    0.4716    1.8621    0.0258
    0.4177    1.8621    0.0260    0.3648    1.8621    0.0256
    0.3135    1.8621    0.0244    0.2645    1.8621    0.0224
    0.2181    1.8621    0.0196    0.1751    1.8621    0.0158
    0.1360    1.8621    0.0112    0.1011    1.8621    0.0059
    0.0709    1.8621   -0.0002    0.0458    1.8621   -0.0069
    0.0260    1.8621   -0.0140    0.0118    1.8621   -0.0215
    0.0033    1.8621   -0.0292    0.0007    1.8621   -0.0372
    0.0039    1.8621   -0.0449    0.0129    1.8621   -0.0520
    0.0277    1.8621   -0.0585    0.0479    1.8621   -0.0641
    0.0735    1.8621   -0.0689    0.1040    1.8621   -0.0727
    0.1392    1.8621   -0.0754    0.1786    1.8621   -0.0771
    0.2218    1.8621   -0.0776    0.2682    1.8621   -0.0771
    0.3173    1.8621   -0.0754    0.3685    1.8621   -0.0728
    0.4213    1.8621   -0.0693    0.4750    1.8621   -0.0650
    0.5290    1.8621   -0.0601    0.5826    1.8621   -0.0548
    0.6353    1.8621   -0.0491    0.6865    1.8621   -0.0432
    0.7354    1.8621   -0.0373    0.7816    1.8621   -0.0314
    0.8245    1.8621   -0.0257    0.8637    1.8621   -0.0203
    0.8985    1.8621   -0.0154    0.9288    1.8621   -0.0109
    0.9540    1.8621   -0.0071    0.9740    1.8621   -0.0041
    0.9884    1.8621   -0.0018    0.9971    1.8621   -0.0005
    1.0000    1.8621    0.0000
    1.0000    1.9655    0.0000    0.9971    1.9655    0.0002
    0.9883    1.9655    0.0010    0.9737    1.9655    0.0021
    0.9536    1.9655    0.0037    0.9282    1.9655    0.0056
    0.8977    1.9655    0.0077    0.8625    1.9655    0.0101
    0.8231    1.9655    0.0125    0.7799    1.9655    0.0150
    0.7334    1.9655    0.0174    0.6841    1.9655    0.0196
    0.6327    1.9655    0.0216    0.5797    1.9655    0.0234
    0.5258    1.9655    0.0247    0.4716    1.9655    0.0255
    0.4177    1.9655    0.0258    0.3648    1.9655    0.0253
    0.3135    1.9655    0.0241    0.2644    1.9655    0.0221
    0.2181    1.9655    0.0192    0.1751    1.9655    0.0154
    0.1360    1.9655    0.0108    0.1011    1.9655    0.0054
    0.0709    1.9655   -0.0007    0.0458    1.9655   -0.0073
    0.0260    1.9655   -0.0145    0.0118    1.9655   -0.0220
    0.0033    1.9655   -0.0297    0.0007    1.9655   -0.0377
    0.0039    1.9655   -0.0454    0.0130    1.9655   -0.0525
    0.0277    1.9655   -0.0589    0.0480    1.9655   -0.0646
    0.0735    1.9655   -0.0693    0.1041    1.9655   -0.0731
    0.1392    1.9655   -0.0759    0.1786    1.9655   -0.0775
    0.2218    1.9655   -0.0780    0.2682    1.9655   -0.0774
    0.3173    1.9655   -0.0757    0.3685    1.9655   -0.0731
    0.4213    1.9655   -0.0695    0.4750    1.9655   -0.0653
    0.5290    1.9655   -0.0603    0.5827    1.9655   -0.0550
    0.6354    1.9655   -0.0492    0.6865    1.9655   -0.0433
    0.7354    1.9655   -0.0374    0.7816    1.9655   -0.0315
    0.8245    1.9655   -0.0258    0.8637    1.9655   -0.0204
    0.8986    1.9655   -0.0154    0.9288    1.9655   -0.0110
    0.9540    1.9655   -0.0072    0.9740    1.9655   -0.0041
    0.9884    1.9655   -0.0018    0.9971    1.9655   -0.0005
    1.0000    1.9655    0.0000
    1.0000    2.0690    0.0000    0.9971    2.0690    0.0002
    0.9883    2.0690    0.0010    0.9737    2.0690    0.0021
    0.9536    2.0690    0.0037    0.9282    2.0690    0.0055
    0.8977    2.0690    0.0077    0.8625    2.0690    0.0100
    0.8231    2.0690    0.0124    0.7799    2.0690    0.0148
    0.7334    2.0690    0.0172    0.6841    2.0690    0.0194
    0.6327    2.0690    0.0214    0.5797    2.0690    0.0231
    0.5258    2.0690    0.0244    0.4716    2.0690    0.0252
    0.4177    2.0690    0.0254    0.3648    2.0690    0.0250
    0.3135    2.0690    0.0237    0.2644    2.0690    0.0217
    0.2181    2.0690    0.0187    0.1751    2.0690    0.0150
    0.1360    2.0690    0.0103    0.1011    2.0690    0.0049
    0.0709    2.0690   -0.0012    0.0458    2.0690   -0.0079
    0.0260    2.0690   -0.0150    0.0118    2.0690   -0.0225
    0.0034    2.0690   -0.0303    0.0007    2.0690   -0.0382
    0.0040    2.0690   -0.0460    0.0130    2.0690   -0.0531
    0.0277    2.0690   -0.0595    0.0480    2.0690   -0.0651
    0.0736    2.0690   -0.0698    0.1041    2.0690   -0.0736
    0.1393    2.0690   -0.0763    0.1787    2.0690   -0.0780
    0.2218    2.0690   -0.0784    0.2682    2.0690   -0.0778
    0.3173    2.0690   -0.0761    0.3686    2.0690   -0.0734
    0.4214    2.0690   -0.0699    0.4751    2.0690   -0.0655
    0.5290    2.0690   -0.0606    0.5827    2.0690   -0.0552
    0.6354    2.0690   -0.0494    0.6865    2.0690   -0.0435
    0.7354    2.0690   -0.0375    0.7816    2.0690   -0.0316
    0.8246    2.0690   -0.0259    0.8637    2.0690   -0.0205
    0.8986    2.0690   -0.0155    0.9288    2.0690   -0.0110
    0.9540    2.0690   -0.0072    0.9740    2.0690   -0.0041
    0.9884    2.0690   -0.0019    0.9971    2.0690   -0.0005
    1.0000    2.0690    0.0000
    1.0000    2.1724    0.0000    0.9971    2.1724    0.0002
    0.9883    2.1724    0.0009    0.9737    2.1724    0.0021
    0.9536    2.1724    0.0036    0.9282    2.1724    0.0055
    0.8977    2.1724    0.0076    0.8625    2.1724    0.0099
    0.8231    2.1724    0.0123    0.7799    2.1724    0.0147
    0.7333    2.1724    0.0170    0.6841    2.1724    0.0192
    0.6327    2.1724    0.0212    0.5797    2.1724    0.0229
    0.5258    2.1724    0.0241    0.4716    2.1724    0.0249
    0.4177    2.1724    0.0251    0.3648    2.1724    0.0246
    0.3135    2.1724    0.0233    0.2644    2.1724    0.0212
    0.2181    2.1724    0.0183    0.1751    2.1724    0.0144
    0.1360    2.1724    0.0098    0.1011    2.1724    0.0044
    0.0709    2.1724   -0.0018    0.0458    2.1724   -0.0085
    0.0260    2.1724   -0.0156    0.0118    2.1724   -0.0231
    0.0034    2.1724   -0.0309    0.0008    2.1724   -0.0389
    0.0040    2.1724   -0.0466    0.0130    2.1724   -0.0537
    0.0278    2.1724   -0.0601    0.0480    2.1724   -0.0657
    0.0736    2.1724   -0.0704    0.1042    2.1724   -0.0742
    0.1393    2.1724   -0.0769    0.1787    2.1724   -0.0785
    0.2219    2.1724   -0.0789    0.2683    2.1724   -0.0783
    0.3174    2.1724   -0.0766    0.3686    2.1724   -0.0738
    0.4214    2.1724   -0.0702    0.4751    2.1724   -0.0659
    0.5291    2.1724   -0.0609    0.5827    2.1724   -0.0555
    0.6354    2.1724   -0.0497    0.6865    2.1724   -0.0437
    0.7355    2.1724   -0.0377    0.7817    2.1724   -0.0318
    0.8246    2.1724   -0.0260    0.8637    2.1724   -0.0206
    0.8986    2.1724   -0.0155    0.9288    2.1724   -0.0111
    0.9540    2.1724   -0.0072    0.9740    2.1724   -0.0041
    0.9884    2.1724   -0.0019    0.9971    2.1724   -0.0005
    1.0000    2.1724    0.0000
    1.0000    2.2759    0.0000    0.9971    2.2759    0.0002
    0.9883    2.2759    0.0009    0.9737    2.2759    0.0021
    0.9536    2.2759    0.0036    0.9282    2.2759    0.0054
    0.8977    2.2759    0.0075    0.8625    2.2759    0.0098
    0.8231    2.2759    0.0122    0.7798    2.2759    0.0145
    0.7333    2.2759    0.0168    0.6841    2.2759    0.0190
    0.6326    2.2759    0.0209    0.5797    2.2759    0.0226
    0.5258    2.2759    0.0238    0.4715    2.2759    0.0245
    0.4177    2.2759    0.0247    0.3648    2.2759    0.0241
    0.3135    2.2759    0.0228    0.2644    2.2759    0.0207
    0.2181    2.2759    0.0177    0.1751    2.2759    0.0138
    0.1360    2.2759    0.0092    0.1011    2.2759    0.0037
    0.0709    2.2759   -0.0024    0.0458    2.2759   -0.0091
    0.0261    2.2759   -0.0163    0.0119    2.2759   -0.0238
    0.0034    2.2759   -0.0316    0.0008    2.2759   -0.0396
    0.0040    2.2759   -0.0473    0.0131    2.2759   -0.0544
    0.0278    2.2759   -0.0608    0.0481    2.2759   -0.0664
    0.0737    2.2759   -0.0711    0.1042    2.2759   -0.0748
    0.1394    2.2759   -0.0775    0.1788    2.2759   -0.0791
    0.2219    2.2759   -0.0795    0.2683    2.2759   -0.0788
    0.3174    2.2759   -0.0770    0.3687    2.2759   -0.0743
    0.4215    2.2759   -0.0706    0.4751    2.2759   -0.0662
    0.5291    2.2759   -0.0612    0.5828    2.2759   -0.0558
    0.6355    2.2759   -0.0499    0.6866    2.2759   -0.0439
    0.7355    2.2759   -0.0379    0.7817    2.2759   -0.0319
    0.8246    2.2759   -0.0261    0.8637    2.2759   -0.0207
    0.8986    2.2759   -0.0156    0.9288    2.2759   -0.0111
    0.9540    2.2759   -0.0073    0.9740    2.2759   -0.0042
    0.9884    2.2759   -0.0019    0.9971    2.2759   -0.0005
    1.0000    2.2759    0.0000
    1.0000    2.3793    0.0000    0.9971    2.3793    0.0002
    0.9883    2.3793    0.0009    0.9737    2.3793    0.0021
    0.9536    2.3793    0.0036    0.9282    2.3793    0.0054
    0.8977    2.3793    0.0075    0.8625    2.3793    0.0097
    0.8231    2.3793    0.0120    0.7798    2.3793    0.0144
    0.7333    2.3793    0.0166    0.6841    2.3793    0.0188
    0.6326    2.3793    0.0206    0.5796    2.3793    0.0222
    0.5257    2.3793    0.0234    0.4715    2.3793    0.0241
    0.4177    2.3793    0.0242    0.3648    2.3793    0.0236
    0.3135    2.3793    0.0222    0.2644    2.3793    0.0201
    0.2181    2.3793    0.0171    0.1751    2.3793    0.0132
    0.1360    2.3793    0.0085    0.1011    2.3793    0.0030
    0.0709    2.3793   -0.0032    0.0458    2.3793   -0.0099
    0.0261    2.3793   -0.0171    0.0119    2.3793   -0.0246
    0.0034    2.3793   -0.0324    0.0008    2.3793   -0.0404
    0.0041    2.3793   -0.0481    0.0131    2.3793   -0.0552
    0.0279    2.3793   -0.0616    0.0481    2.3793   -0.0671
    0.0737    2.3793   -0.0718    0.1043    2.3793   -0.0755
    0.1395    2.3793   -0.0782    0.1789    2.3793   -0.0797
    0.2220    2.3793   -0.0801    0.2684    2.3793   -0.0794
    0.3175    2.3793   -0.0776    0.3687    2.3793   -0.0748
    0.4215    2.3793   -0.0711    0.4752    2.3793   -0.0667
    0.5292    2.3793   -0.0616    0.5828    2.3793   -0.0561
    0.6355    2.3793   -0.0502    0.6866    2.3793   -0.0442
    0.7355    2.3793   -0.0381    0.7817    2.3793   -0.0321
    0.8246    2.3793   -0.0263    0.8637    2.3793   -0.0208
    0.8986    2.3793   -0.0157    0.9288    2.3793   -0.0112
    0.9540    2.3793   -0.0073    0.9740    2.3793   -0.0042
    0.9884    2.3793   -0.0019    0.9971    2.3793   -0.0005
    1.0000    2.3793    0.0000
    1.0000    2.4828    0.0000    0.9971    2.4828    0.0002
    0.9883    2.4828    0.0009    0.9737    2.4828    0.0020
    0.9536    2.4828    0.0035    0.9281    2.4828    0.0053
    0.8977    2.4828    0.0074    0.8625    2.4828    0.0096
    0.8231    2.4828    0.0119    0.7798    2.4828    0.0142
    0.7333    2.4828    0.0164    0.6840    2.4828    0.0185
    0.6326    2.4828    0.0203    0.5796    2.4828    0.0218
    0.5257    2.4828    0.0230    0.4715    2.4828    0.0236
    0.4176    2.4828    0.0237    0.3647    2.4828    0.0230
    0.3135    2.4828    0.0216    0.2644    2.4828    0.0194
    0.2181    2.4828    0.0164    0.1751    2.4828    0.0124
    0.1359    2.4828    0.0077    0.1011    2.4828    0.0022
    0.0709    2.4828   -0.0040    0.0458    2.4828   -0.0108
    0.0261    2.4828   -0.0180    0.0119    2.4828   -0.0255
    0.0035    2.4828   -0.0333    0.0009    2.4828   -0.0413
    0.0041    2.4828   -0.0490    0.0132    2.4828   -0.0561
    0.0279    2.4828   -0.0625    0.0482    2.4828   -0.0680
    0.0738    2.4828   -0.0727    0.1043    2.4828   -0.0764
    0.1395    2.4828   -0.0790    0.1789    2.4828   -0.0805
    0.2221    2.4828   -0.0808    0.2685    2.4828   -0.0801
    0.3176    2.4828   -0.0782    0.3688    2.4828   -0.0754
    0.4216    2.4828   -0.0716    0.4753    2.4828   -0.0671
    0.5292    2.4828   -0.0620    0.5829    2.4828   -0.0565
    0.6355    2.4828   -0.0506    0.6866    2.4828   -0.0445
    0.7356    2.4828   -0.0383    0.7817    2.4828   -0.0323
    0.8246    2.4828   -0.0264    0.8637    2.4828   -0.0209
    0.8986    2.4828   -0.0158    0.9288    2.4828   -0.0112
    0.9541    2.4828   -0.0073    0.9740    2.4828   -0.0042
    0.9884    2.4828   -0.0019    0.9971    2.4828   -0.0005
    1.0000    2.4828    0.0000
    1.0000    2.5862    0.0000    0.9971    2.5862    0.0002
    0.9883    2.5862    0.0009    0.9737    2.5862    0.0020
    0.9536    2.5862    0.0035    0.9281    2.5862    0.0052
    0.8976    2.5862    0.0073    0.8625    2.5862    0.0094
    0.8230    2.5862    0.0117    0.7798    2.5862    0.0139
    0.7333    2.5862    0.0161    0.6840    2.5862    0.0181
    0.6326    2.5862    0.0199    0.5796    2.5862    0.0214
    0.5257    2.5862    0.0225    0.4715    2.5862    0.0231
    0.4176    2.5862    0.0231    0.3647    2.5862    0.0224
    0.3134    2.5862    0.0209    0.2643    2.5862    0.0187
    0.2180    2.5862    0.0156    0.1751    2.5862    0.0116
    0.1359    2.5862    0.0068    0.1011    2.5862    0.0013
    0.0709    2.5862   -0.0050    0.0459    2.5862   -0.0118
    0.0261    2.5862   -0.0190    0.0119    2.5862   -0.0265
    0.0035    2.5862   -0.0344    0.0009    2.5862   -0.0423
    0.0042    2.5862   -0.0500    0.0132    2.5862   -0.0571
    0.0280    2.5862   -0.0634    0.0483    2.5862   -0.0690
    0.0739    2.5862   -0.0736    0.1044    2.5862   -0.0773
    0.1396    2.5862   -0.0798    0.1790    2.5862   -0.0813
    0.2222    2.5862   -0.0816    0.2686    2.5862   -0.0808
    0.3177    2.5862   -0.0789    0.3689    2.5862   -0.0760
    0.4216    2.5862   -0.0722    0.4753    2.5862   -0.0677
    0.5293    2.5862   -0.0625    0.5829    2.5862   -0.0569
    0.6356    2.5862   -0.0509    0.6867    2.5862   -0.0448
    0.7356    2.5862   -0.0386    0.7818    2.5862   -0.0325
    0.8247    2.5862   -0.0266    0.8638    2.5862   -0.0210
    0.8986    2.5862   -0.0159    0.9288    2.5862   -0.0113
    0.9541    2.5862   -0.0074    0.9740    2.5862   -0.0042
    0.9884    2.5862   -0.0019    0.9971    2.5862   -0.0005
    1.0000    2.5862    0.0000
    1.0000    2.6897    0.0000    0.9971    2.6897    0.0002
    0.9883    2.6897    0.0009    0.9737    2.6897    0.0020
    0.9536    2.6897    0.0034    0.9281    2.6897    0.0052
    0.8976    2.6897    0.0071    0.8625    2.6897    0.0093
    0.8230    2.6897    0.0115    0.7798    2.6897    0.0137
    0.7333    2.6897    0.0158    0.6840    2.6897    0.0178
    0.6326    2.6897    0.0195    0.5796    2.6897    0.0209
    0.5257    2.6897    0.0220    0.4715    2.6897    0.0225
    0.4176    2.6897    0.0224    0.3647    2.6897    0.0216
    0.3134    2.6897    0.0201    0.2643    2.6897    0.0178
    0.2180    2.6897    0.0147    0.1751    2.6897    0.0107
    0.1359    2.6897    0.0058    0.1011    2.6897    0.0002
    0.0710    2.6897   -0.0060    0.0459    2.6897   -0.0128
    0.0261    2.6897   -0.0201    0.0120    2.6897   -0.0277
    0.0035    2.6897   -0.0355    0.0009    2.6897   -0.0435
    0.0042    2.6897   -0.0512    0.0133    2.6897   -0.0582
    0.0281    2.6897   -0.0645    0.0484    2.6897   -0.0701
    0.0739    2.6897   -0.0747    0.1045    2.6897   -0.0783
    0.1397    2.6897   -0.0808    0.1791    2.6897   -0.0822
    0.2223    2.6897   -0.0825    0.2687    2.6897   -0.0816
    0.3177    2.6897   -0.0797    0.3690    2.6897   -0.0767
    0.4217    2.6897   -0.0729    0.4754    2.6897   -0.0683
    0.5294    2.6897   -0.0631    0.5830    2.6897   -0.0574
    0.6357    2.6897   -0.0514    0.6867    2.6897   -0.0452
    0.7356    2.6897   -0.0389    0.7818    2.6897   -0.0328
    0.8247    2.6897   -0.0268    0.8638    2.6897   -0.0212
    0.8986    2.6897   -0.0160    0.9289    2.6897   -0.0114
    0.9541    2.6897   -0.0074    0.9740    2.6897   -0.0043
    0.9884    2.6897   -0.0019    0.9971    2.6897   -0.0005
    1.0000    2.6897    0.0000
    1.0000    2.7931    0.0000    0.9971    2.7931    0.0002
    0.9883    2.7931    0.0009    0.9737    2.7931    0.0019
    0.9536    2.7931    0.0034    0.9281    2.7931    0.0051
    0.8976    2.7931    0.0070    0.8625    2.7931    0.0091
    0.8230    2.7931    0.0113    0.7798    2.7931    0.0134
    0.7332    2.7931    0.0155    0.6840    2.7931    0.0174
    0.6325    2.7931    0.0191    0.5796    2.7931    0.0204
    0.5256    2.7931    0.0214    0.4714    2.7931    0.0218
    0.4176    2.7931    0.0217    0.3647    2.7931    0.0208
    0.3134    2.7931    0.0193    0.2643    2.7931    0.0169
    0.2180    2.7931    0.0137    0.1751    2.7931    0.0096
    0.1359    2.7931    0.0047    0.1011    2.7931   -0.0009
    0.0710    2.7931   -0.0072    0.0459    2.7931   -0.0140
    0.0262    2.7931   -0.0213    0.0120    2.7931   -0.0289
    0.0036    2.7931   -0.0367    0.0010    2.7931   -0.0447
    0.0043    2.7931   -0.0524    0.0134    2.7931   -0.0595
    0.0281    2.7931   -0.0658    0.0484    2.7931   -0.0713
    0.0740    2.7931   -0.0758    0.1046    2.7931   -0.0794
    0.1398    2.7931   -0.0819    0.1792    2.7931   -0.0833
    0.2224    2.7931   -0.0835    0.2688    2.7931   -0.0826
    0.3179    2.7931   -0.0805    0.3691    2.7931   -0.0775
    0.4218    2.7931   -0.0736    0.4755    2.7931   -0.0689
    0.5294    2.7931   -0.0637    0.5831    2.7931   -0.0579
    0.6357    2.7931   -0.0518    0.6868    2.7931   -0.0456
    0.7357    2.7931   -0.0392    0.7819    2.7931   -0.0330
    0.8247    2.7931   -0.0270    0.8638    2.7931   -0.0214
    0.8987    2.7931   -0.0161    0.9289    2.7931   -0.0115
    0.9541    2.7931   -0.0075    0.9740    2.7931   -0.0043
    0.9884    2.7931   -0.0019    0.9971    2.7931   -0.0005
    1.0000    2.7931    0.0000
    1.0000    2.8966    0.0000    0.9971    2.8966    0.0002
    0.9883    2.8966    0.0009    0.9737    2.8966    0.0019
    0.9536    2.8966    0.0033    0.9281    2.8966    0.0050
    0.8976    2.8966    0.0069    0.8624    2.8966    0.0089
    0.8230    2.8966    0.0110    0.7798    2.8966    0.0131
    0.7332    2.8966    0.0151    0.6840    2.8966    0.0169
    0.6325    2.8966    0.0185    0.5795    2.8966    0.0198
    0.5256    2.8966    0.0207    0.4714    2.8966    0.0211
    0.4175    2.8966    0.0208    0.3646    2.8966    0.0200
    0.3134    2.8966    0.0183    0.2643    2.8966    0.0159
    0.2180    2.8966    0.0126    0.1750    2.8966    0.0084
    0.1359    2.8966    0.0035    0.1011    2.8966   -0.0022
    0.0710    2.8966   -0.0085    0.0459    2.8966   -0.0154
    0.0262    2.8966   -0.0227    0.0120    2.8966   -0.0303
    0.0036    2.8966   -0.0381    0.0011    2.8966   -0.0461
    0.0044    2.8966   -0.0538    0.0134    2.8966   -0.0609
    0.0282    2.8966   -0.0671    0.0485    2.8966   -0.0726
    0.0741    2.8966   -0.0771    0.1047    2.8966   -0.0807
    0.1399    2.8966   -0.0831    0.1793    2.8966   -0.0844
    0.2225    2.8966   -0.0846    0.2689    2.8966   -0.0836
    0.3180    2.8966   -0.0815    0.3692    2.8966   -0.0784
    0.4219    2.8966   -0.0744    0.4756    2.8966   -0.0697
    0.5295    2.8966   -0.0643    0.5831    2.8966   -0.0585
    0.6358    2.8966   -0.0523    0.6869    2.8966   -0.0460
    0.7358    2.8966   -0.0396    0.7819    2.8966   -0.0333
    0.8248    2.8966   -0.0273    0.8638    2.8966   -0.0215
    0.8987    2.8966   -0.0163    0.9289    2.8966   -0.0116
    0.9541    2.8966   -0.0076    0.9740    2.8966   -0.0043
    0.9884    2.8966   -0.0019    0.9971    2.8966   -0.0005
    1.0000    2.8966    0.0000
    1.0000    3.0000    0.0000    0.9971    3.0000    0.0002
    0.9883    3.0000    0.0008    0.9737    3.0000    0.0019
    0.9536    3.0000    0.0032    0.9281    3.0000    0.0049
    0.8976    3.0000    0.0067    0.8624    3.0000    0.0087
    0.8230    3.0000    0.0107    0.7797    3.0000    0.0128
    0.7332    3.0000    0.0147    0.6839    3.0000    0.0164
    0.6325    3.0000    0.0180    0.5795    3.0000    0.0192
    0.5256    3.0000    0.0200    0.4714    3.0000    0.0202
    0.4175    3.0000    0.0199    0.3646    3.0000    0.0190
    0.3133    3.0000    0.0172    0.2643    3.0000    0.0147
    0.2180    3.0000    0.0114    0.1750    3.0000    0.0072
    0.1359    3.0000    0.0022    0.1011    3.0000   -0.0036
    0.0710    3.0000   -0.0099    0.0459    3.0000   -0.0169
    0.0262    3.0000   -0.0242    0.0121    3.0000   -0.0318
    0.0037    3.0000   -0.0397    0.0011    3.0000   -0.0477
    0.0044    3.0000   -0.0554    0.0135    3.0000   -0.0624
    0.0283    3.0000   -0.0687    0.0487    3.0000   -0.0741
    0.0743    3.0000   -0.0786    0.1048    3.0000   -0.0821
    0.1401    3.0000   -0.0845    0.1795    3.0000   -0.0857
    0.2226    3.0000   -0.0858    0.2690    3.0000   -0.0847
    0.3181    3.0000   -0.0826    0.3693    3.0000   -0.0794
    0.4220    3.0000   -0.0753    0.4757    3.0000   -0.0705
    0.5296    3.0000   -0.0650    0.5832    3.0000   -0.0591
    0.6359    3.0000   -0.0529    0.6869    3.0000   -0.0465
    0.7358    3.0000   -0.0400    0.7820    3.0000   -0.0337
    0.8248    3.0000   -0.0275    0.8639    3.0000   -0.0218
    0.8987    3.0000   -0.0164    0.9289    3.0000   -0.0117
    0.9541    3.0000   -0.0076    0.9740    3.0000   -0.0044
    0.9884    3.0000   -0.0020    0.9971    3.0000   -0.0005
    1.0000    3.0000    0.0000
$POINTS for network #  2   wingtip                                           
       1.0
       1.0                                     0.0       0.0
      30.0       8.0                                                  wingtip   
    1.0000    3.0000    0.0000    0.9971    3.0000    0.0002
    0.9883    3.0000    0.0008    0.9737    3.0000    0.0019
    0.9536    3.0000    0.0032    0.9281    3.0000    0.0049
    0.8976    3.0000    0.0067    0.8624    3.0000    0.0087
    0.8230    3.0000    0.0107    0.7797    3.0000    0.0128
    0.7332    3.0000    0.0147    0.6839    3.0000    0.0164
    0.6325    3.0000    0.0180    0.5795    3.0000    0.0192
    0.5256    3.0000    0.0200    0.4714    3.0000    0.0202
    0.4175    3.0000    0.0199    0.3646    3.0000    0.0190
    0.3133    3.0000    0.0172    0.2643    3.0000    0.0147
    0.2180    3.0000    0.0114    0.1750    3.0000    0.0072
    0.1359    3.0000    0.0022    0.1011    3.0000   -0.0036
    0.0710    3.0000   -0.0099    0.0459    3.0000   -0.0169
    0.0262    3.0000   -0.0242    0.0121    3.0000   -0.0318
    0.0037    3.0000   -0.0397    0.0011    3.0000   -0.0477
    1.0000    3.0000    0.0000    0.9971    3.0002    0.0002
    0.9883    3.0006    0.0007    0.9737    3.0014    0.0016
    0.9536    3.0024    0.0027    0.9282    3.0036    0.0040
    0.8977    3.0050    0.0056    0.8625    3.0066    0.0072
    0.8231    3.0083    0.0088    0.7798    3.0101    0.0105
    0.7333    3.0119    0.0120    0.6841    3.0137    0.0133
    0.6327    3.0154    0.0145    0.5797    3.0170    0.0153
    0.5258    3.0185    0.0157    0.4716    3.0197    0.0157
    0.4177    3.0207    0.0152    0.3648    3.0214    0.0141
    0.3136    3.0217    0.0123    0.2645    3.0216    0.0098
    0.2182    3.0211    0.0066    0.1752    3.0202    0.0026
    0.1361    3.0188   -0.0021    0.1013    3.0170   -0.0075
    0.0712    3.0149   -0.0133    0.0461    3.0124   -0.0197
    0.0263    3.0097   -0.0264    0.0122    3.0066   -0.0334
    0.0037    3.0034   -0.0405    0.0011    3.0000   -0.0477
    1.0000    3.0000    0.0000    0.9971    3.0003    0.0001
    0.9883    3.0011    0.0003    0.9738    3.0024    0.0007
    0.9537    3.0042    0.0012    0.9283    3.0065    0.0017
    0.8978    3.0091    0.0024    0.8627    3.0119    0.0030
    0.8233    3.0150    0.0035    0.7802    3.0182    0.0040
    0.7337    3.0214    0.0044    0.6845    3.0246    0.0046
    0.6331    3.0277    0.0046    0.5802    3.0306    0.0044
    0.5263    3.0333    0.0040    0.4722    3.0355    0.0032
    0.4184    3.0373    0.0020    0.3655    3.0385    0.0004
    0.3142    3.0391   -0.0015    0.2652    3.0389   -0.0040
    0.2188    3.0380   -0.0069    0.1759    3.0363   -0.0103
    0.1367    3.0339   -0.0141    0.1018    3.0307   -0.0183
    0.0716    3.0269   -0.0229    0.0464    3.0224   -0.0276
    0.0266    3.0174   -0.0326    0.0124    3.0120   -0.0376
    0.0038    3.0061   -0.0426    0.0011    3.0000   -0.0477
    1.0000    3.0000    0.0000    0.9971    3.0003   -0.0001
    0.9883    3.0014   -0.0002    0.9738    3.0030   -0.0006
    0.9538    3.0053   -0.0010    0.9284    3.0081   -0.0016
    0.8980    3.0113   -0.0023    0.8630    3.0149   -0.0031
    0.8237    3.0187   -0.0041    0.7806    3.0227   -0.0053
    0.7342    3.0267   -0.0066    0.6851    3.0307   -0.0080
    0.6338    3.0346   -0.0096    0.5810    3.0382   -0.0113
    0.5272    3.0415   -0.0131    0.4730    3.0443   -0.0150
    0.4193    3.0465   -0.0171    0.3664    3.0480   -0.0193
    0.3152    3.0487   -0.0216    0.2661    3.0485   -0.0239
    0.2198    3.0474   -0.0264    0.1768    3.0453   -0.0289
    0.1375    3.0423   -0.0315    0.1026    3.0383   -0.0341
    0.0723    3.0335   -0.0366    0.0470    3.0279   -0.0391
    0.0270    3.0217   -0.0415    0.0127    3.0149   -0.0437
    0.0040    3.0077   -0.0458    0.0011    3.0000   -0.0477
    1.0000    3.0000    0.0000    0.9971    3.0003   -0.0002
    0.9883    3.0014   -0.0009    0.9739    3.0030   -0.0019
    0.9539    3.0053   -0.0034    0.9286    3.0081   -0.0053
    0.8983    3.0113   -0.0074    0.8633    3.0149   -0.0099
    0.8241    3.0187   -0.0127    0.7811    3.0227   -0.0156
    0.7348    3.0267   -0.0188    0.6858    3.0307   -0.0220
    0.6346    3.0346   -0.0253    0.5818    3.0382   -0.0287
    0.5281    3.0415   -0.0320    0.4740    3.0443   -0.0352
    0.4203    3.0465   -0.0383    0.3675    3.0480   -0.0412
    0.3162    3.0487   -0.0438    0.2672    3.0485   -0.0461
    0.2208    3.0474   -0.0480    0.1777    3.0453   -0.0496
    0.1384    3.0423   -0.0508    0.1034    3.0383   -0.0515
    0.0730    3.0335   -0.0519    0.0476    3.0279   -0.0518
    0.0275    3.0217   -0.0514    0.0130    3.0149   -0.0505
    0.0041    3.0077   -0.0493    0.0011    3.0000   -0.0477
    1.0000    3.0000    0.0000    0.9971    3.0003   -0.0004
    0.9884    3.0011   -0.0014    0.9739    3.0024   -0.0032
    0.9540    3.0042   -0.0056    0.9288    3.0065   -0.0086
    0.8985    3.0091   -0.0121    0.8636    3.0119   -0.0160
    0.8245    3.0150   -0.0203    0.7815    3.0182   -0.0249
    0.7353    3.0214   -0.0297    0.6864    3.0246   -0.0346
    0.6352    3.0277   -0.0396    0.5825    3.0306   -0.0444
    0.5289    3.0333   -0.0490    0.4749    3.0355   -0.0534
    0.4212    3.0373   -0.0574    0.3684    3.0385   -0.0609
    0.3172    3.0391   -0.0638    0.2681    3.0389   -0.0660
    0.2217    3.0380   -0.0675    0.1786    3.0363   -0.0682
    0.1393    3.0339   -0.0681    0.1041    3.0307   -0.0673
    0.0736    3.0269   -0.0657    0.0481    3.0224   -0.0633
    0.0279    3.0174   -0.0603    0.0133    3.0120   -0.0566
    0.0043    3.0061   -0.0524    0.0011    3.0000   -0.0477
    1.0000    3.0000    0.0000    0.9971    3.0002   -0.0005
    0.9884    3.0006   -0.0018    0.9740    3.0014   -0.0041
    0.9541    3.0024   -0.0071    0.9289    3.0036   -0.0109
    0.8987    3.0050   -0.0153    0.8638    3.0066   -0.0202
    0.8247    3.0083   -0.0256    0.7818    3.0101   -0.0314
    0.7357    3.0119   -0.0373    0.6868    3.0137   -0.0434
    0.6357    3.0154   -0.0494    0.5831    3.0170   -0.0553
    0.5294    3.0185   -0.0608    0.4755    3.0197   -0.0660
    0.4218    3.0207   -0.0706    0.3691    3.0214   -0.0745
    0.3179    3.0217   -0.0776    0.2688    3.0216   -0.0798
    0.2224    3.0211   -0.0810    0.1792    3.0202   -0.0811
    0.1398    3.0188   -0.0802    0.1047    3.0170   -0.0782
    0.0741    3.0149   -0.0752    0.0485    3.0124   -0.0712
    0.0282    3.0097   -0.0665    0.0135    3.0066   -0.0609
    0.0044    3.0034   -0.0546    0.0011    3.0000   -0.0477
    1.0000    3.0000    0.0000    0.9971    3.0000   -0.0005
    0.9884    3.0000   -0.0020    0.9740    3.0000   -0.0044
    0.9541    3.0000   -0.0076    0.9289    3.0000   -0.0117
    0.8987    3.0000   -0.0164    0.8639    3.0000   -0.0218
    0.8248    3.0000   -0.0275    0.7820    3.0000   -0.0337
    0.7358    3.0000   -0.0400    0.6869    3.0000   -0.0465
    0.6359    3.0000   -0.0529    0.5832    3.0000   -0.0591
    0.5296    3.0000   -0.0650    0.4757    3.0000   -0.0705
    0.4220    3.0000   -0.0753    0.3693    3.0000   -0.0794
    0.3181    3.0000   -0.0826    0.2690    3.0000   -0.0847
    0.2226    3.0000   -0.0858    0.1795    3.0000   -0.0857
    0.1401    3.0000   -0.0845    0.1048    3.0000   -0.0821
    0.0743    3.0000   -0.0786    0.0487    3.0000   -0.0741
    0.0283    3.0000   -0.0687    0.0135    3.0000   -0.0624
    0.0044    3.0000   -0.0554    0.0011    3.0000   -0.0477
$POINTS for network #  3   wingwake                                          
       1.0
      18.0                                     0.0       0.0
       2.0      30.0                                                  wingwake  
    1.0000    0.0000    0.0000   50.0000    0.0000    0.0000
    1.0000    0.1034    0.0000   50.0000    0.1034    0.0000
    1.0000    0.2069    0.0000   50.0000    0.2069    0.0000
    1.0000    0.3103    0.0000   50.0000    0.3103    0.0000
    1.0000    0.4138    0.0000   50.0000    0.4138    0.0000
    1.0000    0.5172    0.0000   50.0000    0.5172    0.0000
    1.0000    0.6207    0.0000   50.0000    0.6207    0.0000
    1.0000    0.7241    0.0000   50.0000    0.7241    0.0000
    1.0000    0.8276    0.0000   50.0000    0.8276    0.0000
    1.0000    0.9310    0.0000   50.0000    0.9310    0.0000
    1.0000    1.0345    0.0000   50.0000    1.0345    0.0000
    1.0000    1.1379    0.0000   50.0000    1.1379    0.0000
    1.0000    1.2414    0.0000   50.0000    1.2414    0.0000
    1.0000    1.3448    0.0000   50.0000    1.3448    0.0000
    1.0000    1.4483    0.0000   50.0000    1.4483    0.0000
    1.0000    1.5517    0.0000   50.0000    1.5517    0.0000
    1.0000    1.6552    0.0000   50.0000    1.6552    0.0000
    1.0000    1.7586    0.0000   50.0000    1.7586    0.0000
    1.0000    1.8621    0.0000   50.0000    1.8621    0.0000
    1.0000    1.9655    0.0000   50.0000    1.9655    0.0000
    1.0000    2.0690    0.0000   50.0000    2.0690    0.0000
    1.0000    2.1724    0.0000   50.0000    2.1724    0.0000
    1.0000    2.2759    0.0000   50.0000    2.2759    0.0000
    1.0000    2.3793    0.0000   50.0000    2.3793    0.0000
    1.0000    2.4828    0.0000   50.0000    2.4828    0.0000
    1.0000    2.5862    0.0000   50.0000    2.5862    0.0000
    1.0000    2.6897    0.0000   50.0000    2.6897    0.0000
    1.0000    2.7931    0.0000   50.0000    2.7931    0.0000
    1.0000    2.8966    0.0000   50.0000    2.8966    0.0000
    1.0000    3.0000    0.0000   50.0000    3.0000    0.0000
$END OF INPUT DATA
