$TITLE    Created by panin, version 1.0 (4Jan2000) on                
INPUT FILE FOR PanAir (A502-ht2)                                                
Created by PANIN                                                                
$DATACHECK
    0.0000
$SYM
    1.0000    0.0000
$MACH NUMBER
    0.5000
$CASES
    1.0000
$ANGLES OF ATTACK
    0.0000
    7.4200
$YAW ANGLES
    0.0000
    0.0000
$REFERENCE DATA FOR 3-D FORCES AND MOMENTS
    0.2500    0.0000    0.0000    1.0000
    6.0000    6.0000    1.0000    6.0000
$PRINTOUT CONTROL
       0.0       0.0       0.0       0.0       0.0       0.0
       0.0       0.0       0.0       0.0       0.0       0.0
$EAT
  0.000000       0.0       0.0       0.0       0.0       0.0
$VELOCITY CORRECTION
    0.0000
$POINTS for network #  1   wing                                              
       1.0
       1.0                                     0.0       0.0
      59.0      30.0                                                  wing      
    1.0000    0.0000    0.0000    0.9971    0.0000    0.0004
    0.9883    0.0000    0.0014    0.9738    0.0000    0.0031
    0.9538    0.0000    0.0054    0.9284    0.0000    0.0083
    0.8980    0.0000    0.0116    0.8630    0.0000    0.0152
    0.8237    0.0000    0.0192    0.7806    0.0000    0.0232
    0.7342    0.0000    0.0274    0.6851    0.0000    0.0315
    0.6338    0.0000    0.0355    0.5809    0.0000    0.0392
    0.5271    0.0000    0.0425    0.4729    0.0000    0.0454
    0.4191    0.0000    0.0477    0.3662    0.0000    0.0492
    0.3149    0.0000    0.0500    0.2658    0.0000    0.0498
    0.2194    0.0000    0.0486    0.1763    0.0000    0.0465
    0.1370    0.0000    0.0434    0.1020    0.0000    0.0393
    0.0716    0.0000    0.0344    0.0462    0.0000    0.0286
    0.0262    0.0000    0.0222    0.0117    0.0000    0.0153
    0.0029    0.0000    0.0079    0.0000    0.0000    0.0000
    0.0029    0.0000   -0.0079    0.0117    0.0000   -0.0153
    0.0262    0.0000   -0.0222    0.0462    0.0000   -0.0286
    0.0716    0.0000   -0.0344    0.1020    0.0000   -0.0393
    0.1370    0.0000   -0.0434    0.1763    0.0000   -0.0465
    0.2194    0.0000   -0.0486    0.2658    0.0000   -0.0498
    0.3149    0.0000   -0.0500    0.3662    0.0000   -0.0492
    0.4191    0.0000   -0.0477    0.4729    0.0000   -0.0454
    0.5271    0.0000   -0.0425    0.5809    0.0000   -0.0392
    0.6338    0.0000   -0.0355    0.6851    0.0000   -0.0315
    0.7342    0.0000   -0.0274    0.7806    0.0000   -0.0232
    0.8237    0.0000   -0.0192    0.8630    0.0000   -0.0152
    0.8980    0.0000   -0.0116    0.9284    0.0000   -0.0083
    0.9538    0.0000   -0.0054    0.9738    0.0000   -0.0031
    0.9883    0.0000   -0.0014    0.9971    0.0000   -0.0004
    1.0000    0.0000    0.0000
    1.0000    0.1034    0.0000    0.9971    0.1034    0.0003
    0.9883    0.1034    0.0011    0.9738    0.1034    0.0025
    0.9537    0.1034    0.0044    0.9283    0.1034    0.0067
    0.8978    0.1034    0.0094    0.8627    0.1034    0.0122
    0.8233    0.1034    0.0153    0.7801    0.1034    0.0184
    0.7337    0.1034    0.0216    0.6845    0.1034    0.0246
    0.6331    0.1034    0.0275    0.5801    0.1034    0.0300
    0.5263    0.1034    0.0322    0.4721    0.1034    0.0339
    0.4182    0.1034    0.0350    0.3653    0.1034    0.0354
    0.3140    0.1034    0.0350    0.2649    0.1034    0.0337
    0.2185    0.1034    0.0316    0.1755    0.1034    0.0285
    0.1363    0.1034    0.0245    0.1013    0.1034    0.0197
    0.0710    0.1034    0.0141    0.0458    0.1034    0.0078
    0.0259    0.1034    0.0010    0.0116    0.1034   -0.0063
    0.0030    0.1034   -0.0139    0.0002    0.1034   -0.0218
    0.0033    0.1034   -0.0296    0.0123    0.1034   -0.0369
    0.0269    0.1034   -0.0435    0.0471    0.1034   -0.0495
    0.0725    0.1034   -0.0546    0.1030    0.1034   -0.0589
    0.1382    0.1034   -0.0622    0.1775    0.1034   -0.0645
    0.2207    0.1034   -0.0657    0.2671    0.1034   -0.0658
    0.3162    0.1034   -0.0649    0.3675    0.1034   -0.0631
    0.4203    0.1034   -0.0604    0.4740    0.1034   -0.0569
    0.5281    0.1034   -0.0529    0.5818    0.1034   -0.0483
    0.6346    0.1034   -0.0435    0.6858    0.1034   -0.0384
    0.7349    0.1034   -0.0332    0.7812    0.1034   -0.0280
    0.8242    0.1034   -0.0230    0.8634    0.1034   -0.0182
    0.8983    0.1034   -0.0138    0.9286    0.1034   -0.0098
    0.9539    0.1034   -0.0064    0.9739    0.1034   -0.0037
    0.9883    0.1034   -0.0017    0.9971    0.1034   -0.0004
    1.0000    0.1034    0.0000
    1.0000    0.2069    0.0000    0.9971    0.2069    0.0003
    0.9883    0.2069    0.0011    0.9737    0.2069    0.0024
    0.9537    0.2069    0.0041    0.9282    0.2069    0.0063
    0.8978    0.2069    0.0087    0.8626    0.2069    0.0114
    0.8232    0.2069    0.0142    0.7800    0.2069    0.0171
    0.7335    0.2069    0.0199    0.6843    0.2069    0.0227
    0.6329    0.2069    0.0252    0.5800    0.2069    0.0274
    0.5261    0.2069    0.0293    0.4719    0.2069    0.0306
    0.4180    0.2069    0.0314    0.3651    0.2069    0.0315
    0.3138    0.2069    0.0307    0.2647    0.2069    0.0292
    0.2184    0.2069    0.0267    0.1753    0.2069    0.0234
    0.1361    0.2069    0.0192    0.1012    0.2069    0.0141
    0.0710    0.2069    0.0083    0.0458    0.2069    0.0019
    0.0259    0.2069   -0.0050    0.0116    0.2069   -0.0124
    0.0031    0.2069   -0.0201    0.0004    0.2069   -0.0280
    0.0035    0.2069   -0.0358    0.0125    0.2069   -0.0430
    0.0272    0.2069   -0.0495    0.0474    0.2069   -0.0554
    0.0729    0.2069   -0.0604    0.1034    0.2069   -0.0644
    0.1386    0.2069   -0.0675    0.1779    0.2069   -0.0695
    0.2211    0.2069   -0.0705    0.2675    0.2069   -0.0703
    0.3166    0.2069   -0.0691    0.3679    0.2069   -0.0670
    0.4207    0.2069   -0.0639    0.4744    0.2069   -0.0602
    0.5284    0.2069   -0.0558    0.5822    0.2069   -0.0509
    0.6349    0.2069   -0.0457    0.6861    0.2069   -0.0403
    0.7351    0.2069   -0.0348    0.7813    0.2069   -0.0294
    0.8243    0.2069   -0.0241    0.8635    0.2069   -0.0191
    0.8984    0.2069   -0.0144    0.9287    0.2069   -0.0103
    0.9540    0.2069   -0.0067    0.9739    0.2069   -0.0038
    0.9884    0.2069   -0.0017    0.9971    0.2069   -0.0004
    1.0000    0.2069    0.0000
    1.0000    0.3103    0.0000    0.9971    0.3103    0.0003
    0.9883    0.3103    0.0010    0.9737    0.3103    0.0023
    0.9536    0.3103    0.0040    0.9282    0.3103    0.0060
    0.8977    0.3103    0.0083    0.8626    0.3103    0.0109
    0.8232    0.3103    0.0135    0.7800    0.3103    0.0163
    0.7335    0.3103    0.0189    0.6842    0.3103    0.0215
    0.6328    0.3103    0.0238    0.5799    0.3103    0.0259
    0.5260    0.3103    0.0275    0.4718    0.3103    0.0287
    0.4179    0.3103    0.0292    0.3650    0.3103    0.0291
    0.3137    0.3103    0.0282    0.2646    0.3103    0.0264
    0.2183    0.3103    0.0238    0.1752    0.3103    0.0203
    0.1361    0.3103    0.0159    0.1012    0.3103    0.0107
    0.0709    0.3103    0.0048    0.0458    0.3103   -0.0017
    0.0260    0.3103   -0.0087    0.0117    0.3103   -0.0161
    0.0032    0.3103   -0.0238    0.0005    0.3103   -0.0318
    0.0037    0.3103   -0.0395    0.0127    0.3103   -0.0467
    0.0274    0.3103   -0.0532    0.0476    0.3103   -0.0589
    0.0731    0.3103   -0.0638    0.1037    0.3103   -0.0678
    0.1388    0.3103   -0.0708    0.1782    0.3103   -0.0726
    0.2213    0.3103   -0.0734    0.2677    0.3103   -0.0731
    0.3169    0.3103   -0.0717    0.3681    0.3103   -0.0693
    0.4209    0.3103   -0.0661    0.4746    0.3103   -0.0621
    0.5287    0.3103   -0.0576    0.5823    0.3103   -0.0525
    0.6351    0.3103   -0.0471    0.6862    0.3103   -0.0415
    0.7352    0.3103   -0.0358    0.7814    0.3103   -0.0302
    0.8244    0.3103   -0.0247    0.8636    0.3103   -0.0196
    0.8985    0.3103   -0.0148    0.9287    0.3103   -0.0106
    0.9540    0.3103   -0.0069    0.9739    0.3103   -0.0039
    0.9884    0.3103   -0.0018    0.9971    0.3103   -0.0004
    1.0000    0.3103    0.0000
    1.0000    0.4138    0.0000    0.9971    0.4138    0.0003
    0.9883    0.4138    0.0010    0.9737    0.4138    0.0022
    0.9536    0.4138    0.0038    0.9282    0.4138    0.0058
    0.8977    0.4138    0.0081    0.8626    0.4138    0.0105
    0.8231    0.4138    0.0131    0.7799    0.4138    0.0157
    0.7334    0.4138    0.0182    0.6842    0.4138    0.0207
    0.6328    0.4138    0.0229    0.5798    0.4138    0.0248
    0.5259    0.4138    0.0263    0.4717    0.4138    0.0273
    0.4178    0.4138    0.0277    0.3649    0.4138    0.0275
    0.3136    0.4138    0.0264    0.2645    0.4138    0.0245
    0.2182    0.4138    0.0218    0.1752    0.4138    0.0182
    0.1360    0.4138    0.0137    0.1011    0.4138    0.0084
    0.0709    0.4138    0.0025    0.0458    0.4138   -0.0041
    0.0260    0.4138   -0.0112    0.0117    0.4138   -0.0186
    0.0032    0.4138   -0.0264    0.0006    0.4138   -0.0343
    0.0038    0.4138   -0.0421    0.0128    0.4138   -0.0492
    0.0275    0.4138   -0.0557    0.0478    0.4138   -0.0614
    0.0733    0.4138   -0.0662    0.1038    0.4138   -0.0701
    0.1390    0.4138   -0.0730    0.1784    0.4138   -0.0747
    0.2215    0.4138   -0.0754    0.2679    0.4138   -0.0750
    0.3170    0.4138   -0.0734    0.3683    0.4138   -0.0710
    0.4211    0.4138   -0.0676    0.4748    0.4138   -0.0635
    0.5288    0.4138   -0.0588    0.5825    0.4138   -0.0536
    0.6352    0.4138   -0.0480    0.6863    0.4138   -0.0423
    0.7353    0.4138   -0.0365    0.7815    0.4138   -0.0308
    0.8245    0.4138   -0.0252    0.8636    0.4138   -0.0199
    0.8985    0.4138   -0.0151    0.9288    0.4138   -0.0107
    0.9540    0.4138   -0.0070    0.9739    0.4138   -0.0040
    0.9884    0.4138   -0.0018    0.9971    0.4138   -0.0005
    1.0000    0.4138    0.0000
    1.0000    0.5172    0.0000    0.9971    0.5172    0.0002
    0.9883    0.5172    0.0010    0.9737    0.5172    0.0022
    0.9536    0.5172    0.0038    0.9282    0.5172    0.0057
    0.8977    0.5172    0.0079    0.8625    0.5172    0.0103
    0.8231    0.5172    0.0128    0.7799    0.5172    0.0153
    0.7334    0.5172    0.0178    0.6841    0.5172    0.0201
    0.6327    0.5172    0.0222    0.5797    0.5172    0.0240
    0.5258    0.5172    0.0254    0.4716    0.5172    0.0263
    0.4178    0.5172    0.0266    0.3649    0.5172    0.0263
    0.3136    0.5172    0.0252    0.2645    0.5172    0.0232
    0.2182    0.5172    0.0204    0.1752    0.5172    0.0167
    0.1360    0.5172    0.0121    0.1011    0.5172    0.0068
    0.0709    0.5172    0.0008    0.0458    0.5172   -0.0059
    0.0260    0.5172   -0.0130    0.0118    0.5172   -0.0205
    0.0033    0.5172   -0.0282    0.0007    0.5172   -0.0362
    0.0039    0.5172   -0.0439    0.0129    0.5172   -0.0510
    0.0276    0.5172   -0.0575    0.0479    0.5172   -0.0631
    0.0734    0.5172   -0.0679    0.1040    0.5172   -0.0717
    0.1391    0.5172   -0.0745    0.1785    0.5172   -0.0763
    0.2217    0.5172   -0.0768    0.2681    0.5172   -0.0763
    0.3172    0.5172   -0.0747    0.3684    0.5172   -0.0721
    0.4212    0.5172   -0.0687    0.4749    0.5172   -0.0645
    0.5289    0.5172   -0.0596    0.5826    0.5172   -0.0543
    0.6353    0.5172   -0.0487    0.6864    0.5172   -0.0429
    0.7354    0.5172   -0.0370    0.7816    0.5172   -0.0312
    0.8245    0.5172   -0.0255    0.8636    0.5172   -0.0202
    0.8985    0.5172   -0.0153    0.9288    0.5172   -0.0109
    0.9540    0.5172   -0.0071    0.9740    0.5172   -0.0041
    0.9884    0.5172   -0.0018    0.9971    0.5172   -0.0005
    1.0000    0.5172    0.0000
    1.0000    0.6207    0.0000    0.9971    0.6207    0.0002
    0.9883    0.6207    0.0010    0.9737    0.6207    0.0021
    0.9536    0.6207    0.0037    0.9282    0.6207    0.0056
    0.8977    0.6207    0.0077    0.8625    0.6207    0.0101
    0.8231    0.6207    0.0125    0.7799    0.6207    0.0150
    0.7334    0.6207    0.0174    0.6841    0.6207    0.0197
    0.6327    0.6207    0.0217    0.5797    0.6207    0.0234
    0.5258    0.6207    0.0248    0.4716    0.6207    0.0256
    0.4177    0.6207    0.0258    0.3648    0.6207    0.0254
    0.3135    0.6207    0.0242    0.2644    0.6207    0.0222
    0.2181    0.6207    0.0193    0.1751    0.6207    0.0155
    0.1360    0.6207    0.0109    0.1011    0.6207    0.0056
    0.0709    0.6207   -0.0005    0.0458    0.6207   -0.0072
    0.0260    0.6207   -0.0143    0.0118    0.6207   -0.0218
    0.0033    0.6207   -0.0296    0.0007    0.6207   -0.0375
    0.0039    0.6207   -0.0453    0.0130    0.6207   -0.0524
    0.0277    0.6207   -0.0588    0.0480    0.6207   -0.0644
    0.0735    0.6207   -0.0692    0.1041    0.6207   -0.0730
    0.1392    0.6207   -0.0757    0.1786    0.6207   -0.0774
    0.2218    0.6207   -0.0779    0.2682    0.6207   -0.0773
    0.3173    0.6207   -0.0756    0.3685    0.6207   -0.0730
    0.4213    0.6207   -0.0695    0.4750    0.6207   -0.0652
    0.5290    0.6207   -0.0603    0.5827    0.6207   -0.0549
    0.6354    0.6207   -0.0492    0.6865    0.6207   -0.0433
    0.7354    0.6207   -0.0373    0.7816    0.6207   -0.0315
    0.8245    0.6207   -0.0258    0.8637    0.6207   -0.0204
    0.8986    0.6207   -0.0154    0.9288    0.6207   -0.0110
    0.9540    0.6207   -0.0072    0.9740    0.6207   -0.0041
    0.9884    0.6207   -0.0018    0.9971    0.6207   -0.0005
    1.0000    0.6207    0.0000
    1.0000    0.7241    0.0000    0.9971    0.7241    0.0002
    0.9883    0.7241    0.0010    0.9737    0.7241    0.0021
    0.9536    0.7241    0.0036    0.9282    0.7241    0.0055
    0.8977    0.7241    0.0076    0.8625    0.7241    0.0099
    0.8231    0.7241    0.0123    0.7799    0.7241    0.0148
    0.7333    0.7241    0.0171    0.6841    0.7241    0.0193
    0.6327    0.7241    0.0213    0.5797    0.7241    0.0230
    0.5258    0.7241    0.0243    0.4716    0.7241    0.0250
    0.4177    0.7241    0.0252    0.3648    0.7241    0.0247
    0.3135    0.7241    0.0235    0.2644    0.7241    0.0214
    0.2181    0.7241    0.0185    0.1751    0.7241    0.0147
    0.1360    0.7241    0.0100    0.1011    0.7241    0.0046
    0.0709    0.7241   -0.0015    0.0458    0.7241   -0.0082
    0.0260    0.7241   -0.0153    0.0118    0.7241   -0.0229
    0.0034    0.7241   -0.0306    0.0007    0.7241   -0.0386
    0.0040    0.7241   -0.0463    0.0130    0.7241   -0.0534
    0.0278    0.7241   -0.0598    0.0480    0.7241   -0.0654
    0.0736    0.7241   -0.0702    0.1041    0.7241   -0.0739
    0.1393    0.7241   -0.0766    0.1787    0.7241   -0.0782
    0.2219    0.7241   -0.0787    0.2683    0.7241   -0.0781
    0.3174    0.7241   -0.0764    0.3686    0.7241   -0.0737
    0.4214    0.7241   -0.0701    0.4751    0.7241   -0.0657
    0.5291    0.7241   -0.0608    0.5827    0.7241   -0.0553
    0.6354    0.7241   -0.0496    0.6865    0.7241   -0.0436
    0.7355    0.7241   -0.0376    0.7817    0.7241   -0.0317
    0.8246    0.7241   -0.0259    0.8637    0.7241   -0.0205
    0.8986    0.7241   -0.0155    0.9288    0.7241   -0.0110
    0.9540    0.7241   -0.0072    0.9740    0.7241   -0.0041
    0.9884    0.7241   -0.0019    0.9971    0.7241   -0.0005
    1.0000    0.7241    0.0000
    1.0000    0.8276    0.0000    0.9971    0.8276    0.0002
    0.9883    0.8276    0.0009    0.9737    0.8276    0.0021
    0.9536    0.8276    0.0036    0.9282    0.8276    0.0055
    0.8977    0.8276    0.0076    0.8625    0.8276    0.0098
    0.8231    0.8276    0.0122    0.7798    0.8276    0.0146
    0.7333    0.8276    0.0169    0.6841    0.8276    0.0191
    0.6327    0.8276    0.0210    0.5797    0.8276    0.0226
    0.5258    0.8276    0.0239    0.4716    0.8276    0.0246
    0.4177    0.8276    0.0248    0.3648    0.8276    0.0242
    0.3135    0.8276    0.0229    0.2644    0.8276    0.0208
    0.2181    0.8276    0.0178    0.1751    0.8276    0.0140
    0.1360    0.8276    0.0093    0.1011    0.8276    0.0039
    0.0709    0.8276   -0.0022    0.0458    0.8276   -0.0090
    0.0261    0.8276   -0.0161    0.0119    0.8276   -0.0237
    0.0034    0.8276   -0.0314    0.0008    0.8276   -0.0394
    0.0040    0.8276   -0.0471    0.0131    0.8276   -0.0542
    0.0278    0.8276   -0.0606    0.0481    0.8276   -0.0662
    0.0736    0.8276   -0.0709    0.1042    0.8276   -0.0746
    0.1394    0.8276   -0.0773    0.1788    0.8276   -0.0789
    0.2219    0.8276   -0.0793    0.2683    0.8276   -0.0787
    0.3174    0.8276   -0.0769    0.3687    0.8276   -0.0742
    0.4214    0.8276   -0.0705    0.4751    0.8276   -0.0661
    0.5291    0.8276   -0.0611    0.5828    0.8276   -0.0557
    0.6354    0.8276   -0.0499    0.6866    0.8276   -0.0439
    0.7355    0.8276   -0.0378    0.7817    0.8276   -0.0319
    0.8246    0.8276   -0.0261    0.8637    0.8276   -0.0206
    0.8986    0.8276   -0.0156    0.9288    0.8276   -0.0111
    0.9540    0.8276   -0.0073    0.9740    0.8276   -0.0041
    0.9884    0.8276   -0.0019    0.9971    0.8276   -0.0005
    1.0000    0.8276    0.0000
    1.0000    0.9310    0.0000    0.9971    0.9310    0.0002
    0.9883    0.9310    0.0009    0.9737    0.9310    0.0021
    0.9536    0.9310    0.0036    0.9282    0.9310    0.0054
    0.8977    0.9310    0.0075    0.8625    0.9310    0.0097
    0.8231    0.9310    0.0121    0.7798    0.9310    0.0144
    0.7333    0.9310    0.0167    0.6841    0.9310    0.0189
    0.6326    0.9310    0.0208    0.5797    0.9310    0.0224
    0.5257    0.9310    0.0236    0.4715    0.9310    0.0243
    0.4177    0.9310    0.0244    0.3648    0.9310    0.0238
    0.3135    0.9310    0.0225    0.2644    0.9310    0.0203
    0.2181    0.9310    0.0173    0.1751    0.9310    0.0135
    0.1360    0.9310    0.0088    0.1011    0.9310    0.0033
    0.0709    0.9310   -0.0029    0.0458    0.9310   -0.0096
    0.0261    0.9310   -0.0168    0.0119    0.9310   -0.0243
    0.0034    0.9310   -0.0321    0.0008    0.9310   -0.0400
    0.0040    0.9310   -0.0478    0.0131    0.9310   -0.0549
    0.0278    0.9310   -0.0612    0.0481    0.9310   -0.0668
    0.0737    0.9310   -0.0715    0.1042    0.9310   -0.0752
    0.1394    0.9310   -0.0779    0.1788    0.9310   -0.0794
    0.2220    0.9310   -0.0799    0.2684    0.9310   -0.0791
    0.3175    0.9310   -0.0774    0.3687    0.9310   -0.0746
    0.4215    0.9310   -0.0709    0.4752    0.9310   -0.0665
    0.5292    0.9310   -0.0615    0.5828    0.9310   -0.0559
    0.6355    0.9310   -0.0501    0.6866    0.9310   -0.0441
    0.7355    0.9310   -0.0380    0.7817    0.9310   -0.0320
    0.8246    0.9310   -0.0262    0.8637    0.9310   -0.0207
    0.8986    0.9310   -0.0157    0.9288    0.9310   -0.0111
    0.9540    0.9310   -0.0073    0.9740    0.9310   -0.0042
    0.9884    0.9310   -0.0019    0.9971    0.9310   -0.0005
    1.0000    0.9310    0.0000
    1.0000    1.0345    0.0000    0.9971    1.0345    0.0002
    0.9883    1.0345    0.0009    0.9737    1.0345    0.0021
    0.9536    1.0345    0.0036    0.9282    1.0345    0.0054
    0.8977    1.0345    0.0074    0.8625    1.0345    0.0097
    0.8231    1.0345    0.0120    0.7798    1.0345    0.0143
    0.7333    1.0345    0.0166    0.6841    1.0345    0.0187
    0.6326    1.0345    0.0206    0.5796    1.0345    0.0222
    0.5257    1.0345    0.0233    0.4715    1.0345    0.0240
    0.4177    1.0345    0.0241    0.3648    1.0345    0.0235
    0.3135    1.0345    0.0221    0.2644    1.0345    0.0199
    0.2181    1.0345    0.0169    0.1751    1.0345    0.0130
    0.1360    1.0345    0.0083    0.1011    1.0345    0.0028
    0.0709    1.0345   -0.0033    0.0458    1.0345   -0.0101
    0.0261    1.0345   -0.0173    0.0119    1.0345   -0.0248
    0.0034    1.0345   -0.0326    0.0008    1.0345   -0.0406
    0.0041    1.0345   -0.0483    0.0131    1.0345   -0.0554
    0.0279    1.0345   -0.0617    0.0482    1.0345   -0.0673
    0.0737    1.0345   -0.0720    0.1043    1.0345   -0.0757
    0.1395    1.0345   -0.0783    0.1789    1.0345   -0.0799
    0.2220    1.0345   -0.0803    0.2684    1.0345   -0.0795
    0.3175    1.0345   -0.0777    0.3688    1.0345   -0.0749
    0.4215    1.0345   -0.0712    0.4752    1.0345   -0.0668
    0.5292    1.0345   -0.0617    0.5828    1.0345   -0.0562
    0.6355    1.0345   -0.0503    0.6866    1.0345   -0.0443
    0.7355    1.0345   -0.0382    0.7817    1.0345   -0.0321
    0.8246    1.0345   -0.0263    0.8637    1.0345   -0.0208
    0.8986    1.0345   -0.0157    0.9288    1.0345   -0.0112
    0.9540    1.0345   -0.0073    0.9740    1.0345   -0.0042
    0.9884    1.0345   -0.0019    0.9971    1.0345   -0.0005
    1.0000    1.0345    0.0000
    1.0000    1.1379    0.0000    0.9971    1.1379    0.0002
    0.9883    1.1379    0.0009    0.9737    1.1379    0.0020
    0.9536    1.1379    0.0035    0.9281    1.1379    0.0053
    0.8977    1.1379    0.0074    0.8625    1.1379    0.0096
    0.8231    1.1379    0.0119    0.7798    1.1379    0.0142
    0.7333    1.1379    0.0165    0.6840    1.1379    0.0185
    0.6326    1.1379    0.0204    0.5796    1.1379    0.0220
    0.5257    1.1379    0.0231    0.4715    1.1379    0.0238
    0.4176    1.1379    0.0238    0.3647    1.1379    0.0232
    0.3135    1.1379    0.0218    0.2644    1.1379    0.0196
    0.2181    1.1379    0.0166    0.1751    1.1379    0.0127
    0.1359    1.1379    0.0079    0.1011    1.1379    0.0024
    0.0709    1.1379   -0.0038    0.0458    1.1379   -0.0105
    0.0261    1.1379   -0.0177    0.0119    1.1379   -0.0253
    0.0034    1.1379   -0.0331    0.0008    1.1379   -0.0410
    0.0041    1.1379   -0.0488    0.0131    1.1379   -0.0558
    0.0279    1.1379   -0.0622    0.0482    1.1379   -0.0678
    0.0738    1.1379   -0.0724    0.1043    1.1379   -0.0761
    0.1395    1.1379   -0.0787    0.1789    1.1379   -0.0802
    0.2221    1.1379   -0.0806    0.2685    1.1379   -0.0799
    0.3176    1.1379   -0.0780    0.3688    1.1379   -0.0752
    0.4216    1.1379   -0.0715    0.4752    1.1379   -0.0670
    0.5292    1.1379   -0.0619    0.5829    1.1379   -0.0564
    0.6355    1.1379   -0.0505    0.6866    1.1379   -0.0444
    0.7356    1.1379   -0.0383    0.7817    1.1379   -0.0322
    0.8246    1.1379   -0.0264    0.8637    1.1379   -0.0208
    0.8986    1.1379   -0.0158    0.9288    1.1379   -0.0112
    0.9540    1.1379   -0.0073    0.9740    1.1379   -0.0042
    0.9884    1.1379   -0.0019    0.9971    1.1379   -0.0005
    1.0000    1.1379    0.0000
    1.0000    1.2414    0.0000    0.9971    1.2414    0.0002
    0.9883    1.2414    0.0009    0.9737    1.2414    0.0020
    0.9536    1.2414    0.0035    0.9281    1.2414    0.0053
    0.8977    1.2414    0.0073    0.8625    1.2414    0.0096
    0.8231    1.2414    0.0118    0.7798    1.2414    0.0141
    0.7333    1.2414    0.0164    0.6840    1.2414    0.0184
    0.6326    1.2414    0.0203    0.5796    1.2414    0.0218
    0.5257    1.2414    0.0229    0.4715    1.2414    0.0235
    0.4176    1.2414    0.0236    0.3647    1.2414    0.0229
    0.3134    1.2414    0.0215    0.2644    1.2414    0.0193
    0.2181    1.2414    0.0162    0.1751    1.2414    0.0123
    0.1359    1.2414    0.0076    0.1011    1.2414    0.0021
    0.0709    1.2414   -0.0041    0.0458    1.2414   -0.0109
    0.0261    1.2414   -0.0181    0.0119    1.2414   -0.0257
    0.0035    1.2414   -0.0335    0.0009    1.2414   -0.0414
    0.0041    1.2414   -0.0492    0.0132    1.2414   -0.0562
    0.0279    1.2414   -0.0626    0.0482    1.2414   -0.0681
    0.0738    1.2414   -0.0728    0.1044    1.2414   -0.0765
    0.1395    1.2414   -0.0791    0.1789    1.2414   -0.0806
    0.2221    1.2414   -0.0809    0.2685    1.2414   -0.0802
    0.3176    1.2414   -0.0783    0.3688    1.2414   -0.0755
    0.4216    1.2414   -0.0717    0.4753    1.2414   -0.0672
    0.5292    1.2414   -0.0621    0.5829    1.2414   -0.0565
    0.6355    1.2414   -0.0506    0.6866    1.2414   -0.0445
    0.7356    1.2414   -0.0384    0.7817    1.2414   -0.0323
    0.8246    1.2414   -0.0264    0.8637    1.2414   -0.0209
    0.8986    1.2414   -0.0158    0.9288    1.2414   -0.0112
    0.9541    1.2414   -0.0073    0.9740    1.2414   -0.0042
    0.9884    1.2414   -0.0019    0.9971    1.2414   -0.0005
    1.0000    1.2414    0.0000
    1.0000    1.3448    0.0000    0.9971    1.3448    0.0002
    0.9883    1.3448    0.0009    0.9737    1.3448    0.0020
    0.9536    1.3448    0.0035    0.9281    1.3448    0.0053
    0.8977    1.3448    0.0073    0.8625    1.3448    0.0095
    0.8230    1.3448    0.0118    0.7798    1.3448    0.0140
    0.7333    1.3448    0.0162    0.6840    1.3448    0.0183
    0.6326    1.3448    0.0201    0.5796    1.3448    0.0216
    0.5257    1.3448    0.0227    0.4715    1.3448    0.0233
    0.4176    1.3448    0.0234    0.3647    1.3448    0.0227
    0.3134    1.3448    0.0213    0.2644    1.3448    0.0190
    0.2181    1.3448    0.0159    0.1751    1.3448    0.0120
    0.1359    1.3448    0.0072    0.1011    1.3448    0.0017
    0.0709    1.3448   -0.0045    0.0458    1.3448   -0.0113
    0.0261    1.3448   -0.0185    0.0119    1.3448   -0.0260
    0.0035    1.3448   -0.0338    0.0009    1.3448   -0.0418
    0.0041    1.3448   -0.0495    0.0132    1.3448   -0.0566
    0.0280    1.3448   -0.0629    0.0482    1.3448   -0.0685
    0.0738    1.3448   -0.0731    0.1044    1.3448   -0.0768
    0.1396    1.3448   -0.0794    0.1790    1.3448   -0.0809
    0.2221    1.3448   -0.0812    0.2685    1.3448   -0.0804
    0.3176    1.3448   -0.0786    0.3688    1.3448   -0.0757
    0.4216    1.3448   -0.0719    0.4753    1.3448   -0.0674
    0.5293    1.3448   -0.0623    0.5829    1.3448   -0.0567
    0.6356    1.3448   -0.0508    0.6867    1.3448   -0.0446
    0.7356    1.3448   -0.0385    0.7818    1.3448   -0.0324
    0.8246    1.3448   -0.0265    0.8638    1.3448   -0.0210
    0.8986    1.3448   -0.0158    0.9288    1.3448   -0.0113
    0.9541    1.3448   -0.0074    0.9740    1.3448   -0.0042
    0.9884    1.3448   -0.0019    0.9971    1.3448   -0.0005
    1.0000    1.3448    0.0000
    1.0000    1.4483    0.0000    0.9971    1.4483    0.0002
    0.9883    1.4483    0.0009    0.9737    1.4483    0.0020
    0.9536    1.4483    0.0035    0.9281    1.4483    0.0053
    0.8976    1.4483    0.0073    0.8625    1.4483    0.0094
    0.8230    1.4483    0.0117    0.7798    1.4483    0.0140
    0.7333    1.4483    0.0161    0.6840    1.4483    0.0182
    0.6326    1.4483    0.0200    0.5796    1.4483    0.0215
    0.5257    1.4483    0.0226    0.4715    1.4483    0.0231
    0.4176    1.4483    0.0231    0.3647    1.4483    0.0225
    0.3134    1.4483    0.0210    0.2643    1.4483    0.0188
    0.2180    1.4483    0.0157    0.1751    1.4483    0.0117
    0.1359    1.4483    0.0069    0.1011    1.4483    0.0014
    0.0709    1.4483   -0.0048    0.0459    1.4483   -0.0116
    0.0261    1.4483   -0.0189    0.0119    1.4483   -0.0264
    0.0035    1.4483   -0.0342    0.0009    1.4483   -0.0422
    0.0041    1.4483   -0.0499    0.0132    1.4483   -0.0570
    0.0280    1.4483   -0.0633    0.0483    1.4483   -0.0689
    0.0738    1.4483   -0.0735    0.1044    1.4483   -0.0771
    0.1396    1.4483   -0.0797    0.1790    1.4483   -0.0812
    0.2222    1.4483   -0.0815    0.2685    1.4483   -0.0807
    0.3176    1.4483   -0.0788    0.3689    1.4483   -0.0759
    0.4216    1.4483   -0.0722    0.4753    1.4483   -0.0676
    0.5293    1.4483   -0.0625    0.5829    1.4483   -0.0568
    0.6356    1.4483   -0.0509    0.6867    1.4483   -0.0448
    0.7356    1.4483   -0.0386    0.7818    1.4483   -0.0325
    0.8247    1.4483   -0.0266    0.8638    1.4483   -0.0210
    0.8986    1.4483   -0.0159    0.9288    1.4483   -0.0113
    0.9541    1.4483   -0.0074    0.9740    1.4483   -0.0042
    0.9884    1.4483   -0.0019    0.9971    1.4483   -0.0005
    1.0000    1.4483    0.0000
    1.0000    1.5517    0.0000    0.9971    1.5517    0.0002
    0.9883    1.5517    0.0009    0.9737    1.5517    0.0020
    0.9536    1.5517    0.0035    0.9281    1.5517    0.0052
    0.8976    1.5517    0.0072    0.8625    1.5517    0.0094
    0.8230    1.5517    0.0116    0.7798    1.5517    0.0139
    0.7333    1.5517    0.0160    0.6840    1.5517    0.0181
    0.6326    1.5517    0.0198    0.5796    1.5517    0.0213
    0.5257    1.5517    0.0224    0.4715    1.5517    0.0229
    0.4176    1.5517    0.0229    0.3647    1.5517    0.0222
    0.3134    1.5517    0.0208    0.2643    1.5517    0.0185
    0.2180    1.5517    0.0154    0.1751    1.5517    0.0114
    0.1359    1.5517    0.0066    0.1011    1.5517    0.0010
    0.0710    1.5517   -0.0052    0.0459    1.5517   -0.0120
    0.0261    1.5517   -0.0192    0.0119    1.5517   -0.0268
    0.0035    1.5517   -0.0346    0.0009    1.5517   -0.0426
    0.0042    1.5517   -0.0503    0.0132    1.5517   -0.0574
    0.0280    1.5517   -0.0637    0.0483    1.5517   -0.0692
    0.0739    1.5517   -0.0739    0.1044    1.5517   -0.0775
    0.1396    1.5517   -0.0801    0.1790    1.5517   -0.0815
    0.2222    1.5517   -0.0818    0.2686    1.5517   -0.0810
    0.3177    1.5517   -0.0791    0.3689    1.5517   -0.0762
    0.4217    1.5517   -0.0724    0.4753    1.5517   -0.0678
    0.5293    1.5517   -0.0626    0.5829    1.5517   -0.0570
    0.6356    1.5517   -0.0510    0.6867    1.5517   -0.0449
    0.7356    1.5517   -0.0387    0.7818    1.5517   -0.0326
    0.8247    1.5517   -0.0266    0.8638    1.5517   -0.0211
    0.8986    1.5517   -0.0159    0.9288    1.5517   -0.0113
    0.9541    1.5517   -0.0074    0.9740    1.5517   -0.0042
    0.9884    1.5517   -0.0019    0.9971    1.5517   -0.0005
    1.0000    1.5517    0.0000
    1.0000    1.6552    0.0000    0.9971    1.6552    0.0002
    0.9883    1.6552    0.0009    0.9737    1.6552    0.0020
    0.9536    1.6552    0.0034    0.9281    1.6552    0.0052
    0.8976    1.6552    0.0072    0.8625    1.6552    0.0093
    0.8230    1.6552    0.0116    0.7798    1.6552    0.0138
    0.7333    1.6552    0.0159    0.6840    1.6552    0.0179
    0.6326    1.6552    0.0197    0.5796    1.6552    0.0211
    0.5257    1.6552    0.0222    0.4715    1.6552    0.0227
    0.4176    1.6552    0.0227    0.3647    1.6552    0.0219
    0.3134    1.6552    0.0205    0.2643    1.6552    0.0182
    0.2180    1.6552    0.0150    0.1751    1.6552    0.0110
    0.1359    1.6552    0.0062    0.1011    1.6552    0.0007
    0.0710    1.6552   -0.0056    0.0459    1.6552   -0.0124
    0.0261    1.6552   -0.0196    0.0119    1.6552   -0.0272
    0.0035    1.6552   -0.0350    0.0009    1.6552   -0.0430
    0.0042    1.6552   -0.0507    0.0133    1.6552   -0.0578
    0.0280    1.6552   -0.0641    0.0483    1.6552   -0.0696
    0.0739    1.6552   -0.0742    0.1045    1.6552   -0.0779
    0.1397    1.6552   -0.0804    0.1791    1.6552   -0.0819
    0.2222    1.6552   -0.0821    0.2686    1.6552   -0.0813
    0.3177    1.6552   -0.0794    0.3689    1.6552   -0.0764
    0.4217    1.6552   -0.0726    0.4754    1.6552   -0.0680
    0.5293    1.6552   -0.0628    0.5830    1.6552   -0.0572
    0.6356    1.6552   -0.0512    0.6867    1.6552   -0.0450
    0.7356    1.6552   -0.0388    0.7818    1.6552   -0.0327
    0.8247    1.6552   -0.0267    0.8638    1.6552   -0.0211
    0.8986    1.6552   -0.0160    0.9289    1.6552   -0.0114
    0.9541    1.6552   -0.0074    0.9740    1.6552   -0.0042
    0.9884    1.6552   -0.0019    0.9971    1.6552   -0.0005
    1.0000    1.6552    0.0000
    1.0000    1.7586    0.0000    0.9971    1.7586    0.0002
    0.9883    1.7586    0.0009    0.9737    1.7586    0.0020
    0.9536    1.7586    0.0034    0.9281    1.7586    0.0052
    0.8976    1.7586    0.0071    0.8625    1.7586    0.0093
    0.8230    1.7586    0.0115    0.7798    1.7586    0.0137
    0.7333    1.7586    0.0158    0.6840    1.7586    0.0178
    0.6326    1.7586    0.0195    0.5796    1.7586    0.0209
    0.5257    1.7586    0.0220    0.4715    1.7586    0.0225
    0.4176    1.7586    0.0224    0.3647    1.7586    0.0217
    0.3134    1.7586    0.0202    0.2643    1.7586    0.0178
    0.2180    1.7586    0.0147    0.1751    1.7586    0.0107
    0.1359    1.7586    0.0058    0.1011    1.7586    0.0002
    0.0710    1.7586   -0.0060    0.0459    1.7586   -0.0128
    0.0261    1.7586   -0.0201    0.0120    1.7586   -0.0277
    0.0035    1.7586   -0.0355    0.0009    1.7586   -0.0434
    0.0042    1.7586   -0.0512    0.0133    1.7586   -0.0582
    0.0281    1.7586   -0.0645    0.0484    1.7586   -0.0700
    0.0739    1.7586   -0.0747    0.1045    1.7586   -0.0783
    0.1397    1.7586   -0.0808    0.1791    1.7586   -0.0822
    0.2223    1.7586   -0.0825    0.2687    1.7586   -0.0816
    0.3177    1.7586   -0.0797    0.3690    1.7586   -0.0767
    0.4217    1.7586   -0.0729    0.4754    1.7586   -0.0683
    0.5294    1.7586   -0.0631    0.5830    1.7586   -0.0574
    0.6357    1.7586   -0.0513    0.6867    1.7586   -0.0452
    0.7356    1.7586   -0.0389    0.7818    1.7586   -0.0328
    0.8247    1.7586   -0.0268    0.8638    1.7586   -0.0212
    0.8986    1.7586   -0.0160    0.9289    1.7586   -0.0114
    0.9541    1.7586   -0.0074    0.9740    1.7586   -0.0043
    0.9884    1.7586   -0.0019    0.9971    1.7586   -0.0005
    1.0000    1.7586    0.0000
    1.0000    1.8621    0.0000    0.9971    1.8621    0.0002
    0.9883    1.8621    0.0009    0.9737    1.8621    0.0020
    0.9536    1.8621    0.0034    0.9281    1.8621    0.0051
    0.8976    1.8621    0.0071    0.8625    1.8621    0.0092
    0.8230    1.8621    0.0114    0.7798    1.8621    0.0136
    0.7333    1.8621    0.0157    0.6840    1.8621    0.0176
    0.6326    1.8621    0.0193    0.5796    1.8621    0.0207
    0.5257    1.8621    0.0217    0.4714    1.8621    0.0222
    0.4176    1.8621    0.0221    0.3647    1.8621    0.0213
    0.3134    1.8621    0.0198    0.2643    1.8621    0.0175
    0.2180    1.8621    0.0143    0.1751    1.8621    0.0102
    0.1359    1.8621    0.0054    0.1011    1.8621   -0.0002
    0.0710    1.8621   -0.0065    0.0459    1.8621   -0.0133
    0.0261    1.8621   -0.0206    0.0120    1.8621   -0.0282
    0.0035    1.8621   -0.0360    0.0010    1.8621   -0.0440
    0.0042    1.8621   -0.0517    0.0133    1.8621   -0.0587
    0.0281    1.8621   -0.0650    0.0484    1.8621   -0.0705
    0.0740    1.8621   -0.0751    0.1045    1.8621   -0.0787
    0.1397    1.8621   -0.0813    0.1791    1.8621   -0.0827
    0.2223    1.8621   -0.0829    0.2687    1.8621   -0.0820
    0.3178    1.8621   -0.0800    0.3690    1.8621   -0.0770
    0.4218    1.8621   -0.0732    0.4754    1.8621   -0.0685
    0.5294    1.8621   -0.0633    0.5830    1.8621   -0.0576
    0.6357    1.8621   -0.0515    0.6868    1.8621   -0.0453
    0.7357    1.8621   -0.0390    0.7818    1.8621   -0.0329
    0.8247    1.8621   -0.0269    0.8638    1.8621   -0.0212
    0.8987    1.8621   -0.0161    0.9289    1.8621   -0.0114
    0.9541    1.8621   -0.0075    0.9740    1.8621   -0.0043
    0.9884    1.8621   -0.0019    0.9971    1.8621   -0.0005
    1.0000    1.8621    0.0000
    1.0000    1.9655    0.0000    0.9971    1.9655    0.0002
    0.9883    1.9655    0.0009    0.9737    1.9655    0.0019
    0.9536    1.9655    0.0034    0.9281    1.9655    0.0051
    0.8976    1.9655    0.0070    0.8625    1.9655    0.0091
    0.8230    1.9655    0.0113    0.7798    1.9655    0.0134
    0.7332    1.9655    0.0155    0.6840    1.9655    0.0174
    0.6325    1.9655    0.0191    0.5796    1.9655    0.0205
    0.5256    1.9655    0.0214    0.4714    1.9655    0.0219
    0.4176    1.9655    0.0218    0.3647    1.9655    0.0210
    0.3134    1.9655    0.0194    0.2643    1.9655    0.0170
    0.2180    1.9655    0.0138    0.1751    1.9655    0.0098
    0.1359    1.9655    0.0049    0.1011    1.9655   -0.0007
    0.0710    1.9655   -0.0070    0.0459    1.9655   -0.0139
    0.0261    1.9655   -0.0211    0.0120    1.9655   -0.0287
    0.0036    1.9655   -0.0366    0.0010    1.9655   -0.0445
    0.0043    1.9655   -0.0522    0.0134    1.9655   -0.0593
    0.0281    1.9655   -0.0656    0.0484    1.9655   -0.0711
    0.0740    1.9655   -0.0757    0.1046    1.9655   -0.0793
    0.1398    1.9655   -0.0818    0.1792    1.9655   -0.0831
    0.2223    1.9655   -0.0833    0.2687    1.9655   -0.0824
    0.3178    1.9655   -0.0804    0.3691    1.9655   -0.0774
    0.4218    1.9655   -0.0735    0.4755    1.9655   -0.0688
    0.5294    1.9655   -0.0636    0.5831    1.9655   -0.0578
    0.6357    1.9655   -0.0517    0.6868    1.9655   -0.0455
    0.7357    1.9655   -0.0392    0.7818    1.9655   -0.0330
    0.8247    1.9655   -0.0270    0.8638    1.9655   -0.0213
    0.8987    1.9655   -0.0161    0.9289    1.9655   -0.0115
    0.9541    1.9655   -0.0075    0.9740    1.9655   -0.0043
    0.9884    1.9655   -0.0019    0.9971    1.9655   -0.0005
    1.0000    1.9655    0.0000
    1.0000    2.0690    0.0000    0.9971    2.0690    0.0002
    0.9883    2.0690    0.0009    0.9737    2.0690    0.0019
    0.9536    2.0690    0.0033    0.9281    2.0690    0.0050
    0.8976    2.0690    0.0070    0.8624    2.0690    0.0090
    0.8230    2.0690    0.0112    0.7798    2.0690    0.0133
    0.7332    2.0690    0.0153    0.6840    2.0690    0.0172
    0.6325    2.0690    0.0189    0.5795    2.0690    0.0202
    0.5256    2.0690    0.0211    0.4714    2.0690    0.0216
    0.4175    2.0690    0.0214    0.3647    2.0690    0.0205
    0.3134    2.0690    0.0190    0.2643    2.0690    0.0165
    0.2180    2.0690    0.0133    0.1750    2.0690    0.0092
    0.1359    2.0690    0.0043    0.1011    2.0690   -0.0013
    0.0710    2.0690   -0.0076    0.0459    2.0690   -0.0145
    0.0262    2.0690   -0.0218    0.0120    2.0690   -0.0294
    0.0036    2.0690   -0.0372    0.0010    2.0690   -0.0452
    0.0043    2.0690   -0.0529    0.0134    2.0690   -0.0599
    0.0282    2.0690   -0.0662    0.0485    2.0690   -0.0717
    0.0741    2.0690   -0.0763    0.1046    2.0690   -0.0798
    0.1398    2.0690   -0.0823    0.1792    2.0690   -0.0837
    0.2224    2.0690   -0.0839    0.2688    2.0690   -0.0829
    0.3179    2.0690   -0.0809    0.3691    2.0690   -0.0778
    0.4219    2.0690   -0.0739    0.4755    2.0690   -0.0692
    0.5295    2.0690   -0.0639    0.5831    2.0690   -0.0581
    0.6357    2.0690   -0.0520    0.6868    2.0690   -0.0457
    0.7357    2.0690   -0.0394    0.7819    2.0690   -0.0331
    0.8247    2.0690   -0.0271    0.8638    2.0690   -0.0214
    0.8987    2.0690   -0.0162    0.9289    2.0690   -0.0115
    0.9541    2.0690   -0.0075    0.9740    2.0690   -0.0043
    0.9884    2.0690   -0.0019    0.9971    2.0690   -0.0005
    1.0000    2.0690    0.0000
    1.0000    2.1724    0.0000    0.9971    2.1724    0.0002
    0.9883    2.1724    0.0009    0.9737    2.1724    0.0019
    0.9536    2.1724    0.0033    0.9281    2.1724    0.0050
    0.8976    2.1724    0.0069    0.8624    2.1724    0.0089
    0.8230    2.1724    0.0110    0.7798    2.1724    0.0131
    0.7332    2.1724    0.0151    0.6840    2.1724    0.0170
    0.6325    2.1724    0.0186    0.5795    2.1724    0.0199
    0.5256    2.1724    0.0208    0.4714    2.1724    0.0212
    0.4175    2.1724    0.0210    0.3646    2.1724    0.0201
    0.3134    2.1724    0.0184    0.2643    2.1724    0.0160
    0.2180    2.1724    0.0127    0.1750    2.1724    0.0086
    0.1359    2.1724    0.0037    0.1011    2.1724   -0.0020
    0.0710    2.1724   -0.0083    0.0459    2.1724   -0.0152
    0.0262    2.1724   -0.0225    0.0120    2.1724   -0.0301
    0.0036    2.1724   -0.0380    0.0011    2.1724   -0.0459
    0.0043    2.1724   -0.0536    0.0134    2.1724   -0.0607
    0.0282    2.1724   -0.0670    0.0485    2.1724   -0.0724
    0.0741    2.1724   -0.0770    0.1047    2.1724   -0.0805
    0.1399    2.1724   -0.0830    0.1793    2.1724   -0.0843
    0.2225    2.1724   -0.0844    0.2689    2.1724   -0.0835
    0.3179    2.1724   -0.0814    0.3692    2.1724   -0.0783
    0.4219    2.1724   -0.0743    0.4756    2.1724   -0.0696
    0.5295    2.1724   -0.0642    0.5831    2.1724   -0.0584
    0.6358    2.1724   -0.0523    0.6868    2.1724   -0.0459
    0.7357    2.1724   -0.0396    0.7819    2.1724   -0.0333
    0.8248    2.1724   -0.0272    0.8638    2.1724   -0.0215
    0.8987    2.1724   -0.0163    0.9289    2.1724   -0.0116
    0.9541    2.1724   -0.0076    0.9740    2.1724   -0.0043
    0.9884    2.1724   -0.0019    0.9971    2.1724   -0.0005
    1.0000    2.1724    0.0000
    1.0000    2.2759    0.0000    0.9971    2.2759    0.0002
    0.9883    2.2759    0.0009    0.9737    2.2759    0.0019
    0.9536    2.2759    0.0033    0.9281    2.2759    0.0049
    0.8976    2.2759    0.0068    0.8624    2.2759    0.0088
    0.8230    2.2759    0.0109    0.7797    2.2759    0.0130
    0.7332    2.2759    0.0149    0.6839    2.2759    0.0167
    0.6325    2.2759    0.0183    0.5795    2.2759    0.0195
    0.5256    2.2759    0.0204    0.4714    2.2759    0.0207
    0.4175    2.2759    0.0205    0.3646    2.2759    0.0195
    0.3133    2.2759    0.0179    0.2643    2.2759    0.0154
    0.2180    2.2759    0.0121    0.1750    2.2759    0.0079
    0.1359    2.2759    0.0029    0.1011    2.2759   -0.0028
    0.0710    2.2759   -0.0091    0.0459    2.2759   -0.0160
    0.0262    2.2759   -0.0233    0.0121    2.2759   -0.0310
    0.0037    2.2759   -0.0388    0.0011    2.2759   -0.0468
    0.0044    2.2759   -0.0545    0.0135    2.2759   -0.0615
    0.0283    2.2759   -0.0678    0.0486    2.2759   -0.0732
    0.0742    2.2759   -0.0777    0.1048    2.2759   -0.0813
    0.1400    2.2759   -0.0837    0.1794    2.2759   -0.0850
    0.2225    2.2759   -0.0851    0.2689    2.2759   -0.0841
    0.3180    2.2759   -0.0820    0.3692    2.2759   -0.0788
    0.4220    2.2759   -0.0748    0.4756    2.2759   -0.0700
    0.5296    2.2759   -0.0646    0.5832    2.2759   -0.0588
    0.6358    2.2759   -0.0526    0.6869    2.2759   -0.0462
    0.7358    2.2759   -0.0398    0.7819    2.2759   -0.0335
    0.8248    2.2759   -0.0274    0.8639    2.2759   -0.0216
    0.8987    2.2759   -0.0163    0.9289    2.2759   -0.0116
    0.9541    2.2759   -0.0076    0.9740    2.2759   -0.0043
    0.9884    2.2759   -0.0020    0.9971    2.2759   -0.0005
    1.0000    2.2759    0.0000
    1.0000    2.3793    0.0000    0.9971    2.3793    0.0002
    0.9883    2.3793    0.0008    0.9737    2.3793    0.0019
    0.9536    2.3793    0.0032    0.9281    2.3793    0.0049
    0.8976    2.3793    0.0067    0.8624    2.3793    0.0087
    0.8230    2.3793    0.0107    0.7797    2.3793    0.0127
    0.7332    2.3793    0.0147    0.6839    2.3793    0.0164
    0.6325    2.3793    0.0179    0.5795    2.3793    0.0191
    0.5256    2.3793    0.0199    0.4714    2.3793    0.0202
    0.4175    2.3793    0.0199    0.3646    2.3793    0.0189
    0.3133    2.3793    0.0172    0.2643    2.3793    0.0147
    0.2180    2.3793    0.0113    0.1750    2.3793    0.0071
    0.1359    2.3793    0.0021    0.1011    2.3793   -0.0036
    0.0710    2.3793   -0.0100    0.0459    2.3793   -0.0169
    0.0262    2.3793   -0.0243    0.0121    2.3793   -0.0319
    0.0037    2.3793   -0.0398    0.0011    2.3793   -0.0477
    0.0044    2.3793   -0.0554    0.0135    2.3793   -0.0624
    0.0283    2.3793   -0.0687    0.0487    2.3793   -0.0741
    0.0743    2.3793   -0.0786    0.1049    2.3793   -0.0821
    0.1401    2.3793   -0.0845    0.1795    2.3793   -0.0858
    0.2226    2.3793   -0.0858    0.2690    2.3793   -0.0848
    0.3181    2.3793   -0.0826    0.3693    2.3793   -0.0794
    0.4220    2.3793   -0.0754    0.4757    2.3793   -0.0705
    0.5296    2.3793   -0.0651    0.5832    2.3793   -0.0592
    0.6359    2.3793   -0.0529    0.6869    2.3793   -0.0465
    0.7358    2.3793   -0.0400    0.7820    2.3793   -0.0337
    0.8248    2.3793   -0.0276    0.8639    2.3793   -0.0218
    0.8987    2.3793   -0.0164    0.9289    2.3793   -0.0117
    0.9541    2.3793   -0.0076    0.9740    2.3793   -0.0044
    0.9884    2.3793   -0.0020    0.9971    2.3793   -0.0005
    1.0000    2.3793    0.0000
    1.0000    2.4828    0.0000    0.9971    2.4828    0.0002
    0.9883    2.4828    0.0008    0.9737    2.4828    0.0018
    0.9536    2.4828    0.0032    0.9281    2.4828    0.0048
    0.8976    2.4828    0.0066    0.8624    2.4828    0.0085
    0.8230    2.4828    0.0105    0.7797    2.4828    0.0125
    0.7332    2.4828    0.0144    0.6839    2.4828    0.0161
    0.6325    2.4828    0.0176    0.5795    2.4828    0.0187
    0.5256    2.4828    0.0194    0.4713    2.4828    0.0196
    0.4175    2.4828    0.0193    0.3646    2.4828    0.0182
    0.3133    2.4828    0.0165    0.2642    2.4828    0.0139
    0.2180    2.4828    0.0105    0.1750    2.4828    0.0062
    0.1359    2.4828    0.0012    0.1011    2.4828   -0.0046
    0.0710    2.4828   -0.0110    0.0460    2.4828   -0.0179
    0.0262    2.4828   -0.0253    0.0121    2.4828   -0.0330
    0.0037    2.4828   -0.0408    0.0012    2.4828   -0.0488
    0.0045    2.4828   -0.0565    0.0136    2.4828   -0.0635
    0.0284    2.4828   -0.0698    0.0487    2.4828   -0.0752
    0.0744    2.4828   -0.0796    0.1049    2.4828   -0.0831
    0.1401    2.4828   -0.0854    0.1796    2.4828   -0.0866
    0.2227    2.4828   -0.0867    0.2691    2.4828   -0.0856
    0.3182    2.4828   -0.0833    0.3694    2.4828   -0.0801
    0.4221    2.4828   -0.0760    0.4758    2.4828   -0.0711
    0.5297    2.4828   -0.0656    0.5833    2.4828   -0.0596
    0.6359    2.4828   -0.0533    0.6870    2.4828   -0.0468
    0.7359    2.4828   -0.0403    0.7820    2.4828   -0.0339
    0.8248    2.4828   -0.0277    0.8639    2.4828   -0.0219
    0.8987    2.4828   -0.0165    0.9289    2.4828   -0.0118
    0.9541    2.4828   -0.0077    0.9740    2.4828   -0.0044
    0.9884    2.4828   -0.0020    0.9971    2.4828   -0.0005
    1.0000    2.4828    0.0000
    1.0000    2.5862    0.0000    0.9971    2.5862    0.0002
    0.9883    2.5862    0.0008    0.9737    2.5862    0.0018
    0.9536    2.5862    0.0031    0.9281    2.5862    0.0047
    0.8976    2.5862    0.0065    0.8624    2.5862    0.0084
    0.8230    2.5862    0.0103    0.7797    2.5862    0.0122
    0.7332    2.5862    0.0141    0.6839    2.5862    0.0157
    0.6324    2.5862    0.0171    0.5795    2.5862    0.0182
    0.5255    2.5862    0.0188    0.4713    2.5862    0.0190
    0.4175    2.5862    0.0186    0.3646    2.5862    0.0175
    0.3133    2.5862    0.0156    0.2642    2.5862    0.0130
    0.2180    2.5862    0.0095    0.1750    2.5862    0.0052
    0.1359    2.5862    0.0002    0.1011    2.5862   -0.0057
    0.0710    2.5862   -0.0121    0.0460    2.5862   -0.0191
    0.0263    2.5862   -0.0265    0.0122    2.5862   -0.0342
    0.0038    2.5862   -0.0420    0.0013    2.5862   -0.0500
    0.0046    2.5862   -0.0577    0.0137    2.5862   -0.0647
    0.0285    2.5862   -0.0709    0.0488    2.5862   -0.0763
    0.0745    2.5862   -0.0807    0.1050    2.5862   -0.0842
    0.1403    2.5862   -0.0865    0.1797    2.5862   -0.0876
    0.2228    2.5862   -0.0876    0.2692    2.5862   -0.0864
    0.3183    2.5862   -0.0842    0.3695    2.5862   -0.0809
    0.4222    2.5862   -0.0767    0.4759    2.5862   -0.0717
    0.5298    2.5862   -0.0661    0.5834    2.5862   -0.0601
    0.6360    2.5862   -0.0537    0.6870    2.5862   -0.0472
    0.7359    2.5862   -0.0406    0.7820    2.5862   -0.0342
    0.8249    2.5862   -0.0280    0.8639    2.5862   -0.0221
    0.8988    2.5862   -0.0167    0.9289    2.5862   -0.0119
    0.9541    2.5862   -0.0077    0.9740    2.5862   -0.0044
    0.9884    2.5862   -0.0020    0.9971    2.5862   -0.0005
    1.0000    2.5862    0.0000
    1.0000    2.6897    0.0000    0.9971    2.6897    0.0002
    0.9883    2.6897    0.0008    0.9737    2.6897    0.0018
    0.9536    2.6897    0.0031    0.9281    2.6897    0.0046
    0.8976    2.6897    0.0063    0.8624    2.6897    0.0082
    0.8229    2.6897    0.0101    0.7797    2.6897    0.0119
    0.7331    2.6897    0.0137    0.6839    2.6897    0.0153
    0.6324    2.6897    0.0166    0.5794    2.6897    0.0176
    0.5255    2.6897    0.0182    0.4713    2.6897    0.0183
    0.4174    2.6897    0.0178    0.3645    2.6897    0.0166
    0.3133    2.6897    0.0147    0.2642    2.6897    0.0120
    0.2179    2.6897    0.0085    0.1750    2.6897    0.0041
    0.1359    2.6897   -0.0010    0.1011    2.6897   -0.0069
    0.0710    2.6897   -0.0134    0.0460    2.6897   -0.0204
    0.0263    2.6897   -0.0278    0.0122    2.6897   -0.0355
    0.0038    2.6897   -0.0434    0.0013    2.6897   -0.0514
    0.0046    2.6897   -0.0590    0.0138    2.6897   -0.0660
    0.0286    2.6897   -0.0722    0.0489    2.6897   -0.0776
    0.0746    2.6897   -0.0820    0.1052    2.6897   -0.0854
    0.1404    2.6897   -0.0876    0.1798    2.6897   -0.0887
    0.2229    2.6897   -0.0887    0.2693    2.6897   -0.0874
    0.3184    2.6897   -0.0851    0.3696    2.6897   -0.0817
    0.4223    2.6897   -0.0775    0.4760    2.6897   -0.0724
    0.5299    2.6897   -0.0668    0.5835    2.6897   -0.0607
    0.6361    2.6897   -0.0542    0.6871    2.6897   -0.0476
    0.7360    2.6897   -0.0410    0.7821    2.6897   -0.0345
    0.8249    2.6897   -0.0282    0.8640    2.6897   -0.0223
    0.8988    2.6897   -0.0168    0.9289    2.6897   -0.0119
    0.9541    2.6897   -0.0078    0.9740    2.6897   -0.0045
    0.9884    2.6897   -0.0020    0.9971    2.6897   -0.0005
    1.0000    2.6897    0.0000
    1.0000    2.7931    0.0000    0.9971    2.7931    0.0002
    0.9883    2.7931    0.0008    0.9737    2.7931    0.0017
    0.9536    2.7931    0.0030    0.9281    2.7931    0.0045
    0.8976    2.7931    0.0062    0.8624    2.7931    0.0080
    0.8229    2.7931    0.0098    0.7797    2.7931    0.0116
    0.7331    2.7931    0.0133    0.6838    2.7931    0.0148
    0.6324    2.7931    0.0161    0.5794    2.7931    0.0170
    0.5255    2.7931    0.0175    0.4713    2.7931    0.0175
    0.4174    2.7931    0.0169    0.3645    2.7931    0.0157
    0.3132    2.7931    0.0137    0.2642    2.7931    0.0109
    0.2179    2.7931    0.0073    0.1750    2.7931    0.0029
    0.1359    2.7931   -0.0023    0.1011    2.7931   -0.0082
    0.0711    2.7931   -0.0148    0.0460    2.7931   -0.0218
    0.0264    2.7931   -0.0292    0.0123    2.7931   -0.0370
    0.0039    2.7931   -0.0449    0.0014    2.7931   -0.0528
    0.0047    2.7931   -0.0605    0.0139    2.7931   -0.0675
    0.0287    2.7931   -0.0737    0.0491    2.7931   -0.0790
    0.0747    2.7931   -0.0834    0.1053    2.7931   -0.0867
    0.1405    2.7931   -0.0889    0.1799    2.7931   -0.0900
    0.2231    2.7931   -0.0898    0.2695    2.7931   -0.0885
    0.3185    2.7931   -0.0861    0.3697    2.7931   -0.0827
    0.4224    2.7931   -0.0783    0.4761    2.7931   -0.0732
    0.5300    2.7931   -0.0675    0.5835    2.7931   -0.0613
    0.6362    2.7931   -0.0548    0.6872    2.7931   -0.0481
    0.7360    2.7931   -0.0414    0.7821    2.7931   -0.0348
    0.8250    2.7931   -0.0284    0.8640    2.7931   -0.0225
    0.8988    2.7931   -0.0170    0.9290    2.7931   -0.0121
    0.9541    2.7931   -0.0079    0.9740    2.7931   -0.0045
    0.9884    2.7931   -0.0020    0.9971    2.7931   -0.0005
    1.0000    2.7931    0.0000
    1.0000    2.8966    0.0000    0.9971    2.8966    0.0002
    0.9883    2.8966    0.0008    0.9737    2.8966    0.0017
    0.9536    2.8966    0.0029    0.9281    2.8966    0.0044
    0.8976    2.8966    0.0060    0.8624    2.8966    0.0078
    0.8229    2.8966    0.0095    0.7797    2.8966    0.0112
    0.7331    2.8966    0.0129    0.6838    2.8966    0.0143
    0.6324    2.8966    0.0155    0.5794    2.8966    0.0163
    0.5255    2.8966    0.0167    0.4712    2.8966    0.0166
    0.4174    2.8966    0.0160    0.3645    2.8966    0.0146
    0.3132    2.8966    0.0125    0.2642    2.8966    0.0097
    0.2179    2.8966    0.0060    0.1750    2.8966    0.0015
    0.1359    2.8966   -0.0037    0.1011    2.8966   -0.0097
    0.0711    2.8966   -0.0163    0.0461    2.8966   -0.0234
    0.0264    2.8966   -0.0309    0.0123    2.8966   -0.0386
    0.0040    2.8966   -0.0465    0.0015    2.8966   -0.0545
    0.0048    2.8966   -0.0622    0.0140    2.8966   -0.0691
    0.0288    2.8966   -0.0753    0.0492    2.8966   -0.0806
    0.0748    2.8966   -0.0849    0.1054    2.8966   -0.0882
    0.1406    2.8966   -0.0903    0.1801    2.8966   -0.0913
    0.2232    2.8966   -0.0911    0.2696    2.8966   -0.0897
    0.3187    2.8966   -0.0872    0.3699    2.8966   -0.0837
    0.4226    2.8966   -0.0793    0.4762    2.8966   -0.0741
    0.5301    2.8966   -0.0683    0.5837    2.8966   -0.0620
    0.6362    2.8966   -0.0554    0.6873    2.8966   -0.0486
    0.7361    2.8966   -0.0418    0.7822    2.8966   -0.0352
    0.8250    2.8966   -0.0287    0.8640    2.8966   -0.0227
    0.8988    2.8966   -0.0171    0.9290    2.8966   -0.0122
    0.9542    2.8966   -0.0079    0.9740    2.8966   -0.0045
    0.9884    2.8966   -0.0020    0.9971    2.8966   -0.0005
    1.0000    2.8966    0.0000
    1.0000    3.0000    0.0000    0.9971    3.0000    0.0002
    0.9882    3.0000    0.0007    0.9737    3.0000    0.0016
    0.9536    3.0000    0.0028    0.9281    3.0000    0.0042
    0.8976    3.0000    0.0058    0.8624    3.0000    0.0075
    0.8229    3.0000    0.0092    0.7796    3.0000    0.0108
    0.7331    3.0000    0.0124    0.6838    3.0000    0.0137
    0.6323    3.0000    0.0148    0.5793    3.0000    0.0155
    0.5254    3.0000    0.0158    0.4712    3.0000    0.0157
    0.4173    3.0000    0.0149    0.3645    3.0000    0.0135
    0.3132    3.0000    0.0113    0.2642    3.0000    0.0083
    0.2179    3.0000    0.0046    0.1750    3.0000    0.0000
    0.1359    3.0000   -0.0053    0.1012    3.0000   -0.0114
    0.0711    3.0000   -0.0180    0.0461    3.0000   -0.0251
    0.0265    3.0000   -0.0326    0.0124    3.0000   -0.0404
    0.0041    3.0000   -0.0483    0.0016    3.0000   -0.0563
    0.0050    3.0000   -0.0640    0.0141    3.0000   -0.0709
    0.0290    3.0000   -0.0771    0.0493    3.0000   -0.0823
    0.0750    3.0000   -0.0866    0.1056    3.0000   -0.0898
    0.1408    3.0000   -0.0919    0.1802    3.0000   -0.0928
    0.2234    3.0000   -0.0925    0.2698    3.0000   -0.0911
    0.3188    3.0000   -0.0885    0.3700    3.0000   -0.0849
    0.4227    3.0000   -0.0803    0.4763    3.0000   -0.0750
    0.5302    3.0000   -0.0691    0.5838    3.0000   -0.0627
    0.6363    3.0000   -0.0560    0.6873    3.0000   -0.0492
    0.7362    3.0000   -0.0423    0.7823    3.0000   -0.0356
    0.8251    3.0000   -0.0291    0.8641    3.0000   -0.0229
    0.8989    3.0000   -0.0173    0.9290    3.0000   -0.0123
    0.9542    3.0000   -0.0080    0.9740    3.0000   -0.0046
    0.9884    3.0000   -0.0021    0.9971    3.0000   -0.0005
    1.0000    3.0000    0.0000
$POINTS for network #  2   wingtip                                           
       1.0
       1.0                                     0.0       0.0
      30.0       8.0                                                  wingtip   
    1.0000    3.0000    0.0000    0.9971    3.0000    0.0002
    0.9882    3.0000    0.0007    0.9737    3.0000    0.0016
    0.9536    3.0000    0.0028    0.9281    3.0000    0.0042
    0.8976    3.0000    0.0058    0.8624    3.0000    0.0075
    0.8229    3.0000    0.0092    0.7796    3.0000    0.0108
    0.7331    3.0000    0.0124    0.6838    3.0000    0.0137
    0.6323    3.0000    0.0148    0.5793    3.0000    0.0155
    0.5254    3.0000    0.0158    0.4712    3.0000    0.0157
    0.4173    3.0000    0.0149    0.3645    3.0000    0.0135
    0.3132    3.0000    0.0113    0.2642    3.0000    0.0083
    0.2179    3.0000    0.0046    0.1750    3.0000    0.0000
    0.1359    3.0000   -0.0053    0.1012    3.0000   -0.0114
    0.0711    3.0000   -0.0180    0.0461    3.0000   -0.0251
    0.0265    3.0000   -0.0326    0.0124    3.0000   -0.0404
    0.0041    3.0000   -0.0483    0.0016    3.0000   -0.0563
    1.0000    3.0000    0.0000    0.9971    3.0002    0.0002
    0.9883    3.0006    0.0006    0.9737    3.0014    0.0013
    0.9536    3.0024    0.0023    0.9281    3.0036    0.0034
    0.8976    3.0050    0.0047    0.8624    3.0066    0.0060
    0.8230    3.0083    0.0073    0.7798    3.0101    0.0085
    0.7332    3.0119    0.0097    0.6840    3.0137    0.0106
    0.6325    3.0154    0.0113    0.5796    3.0170    0.0116
    0.5257    3.0185    0.0116    0.4715    3.0197    0.0112
    0.4176    3.0207    0.0102    0.3647    3.0214    0.0086
    0.3135    3.0217    0.0063    0.2644    3.0216    0.0034
    0.2182    3.0211   -0.0002    0.1753    3.0202   -0.0046
    0.1362    3.0188   -0.0096    0.1014    3.0170   -0.0152
    0.0713    3.0149   -0.0214    0.0463    3.0124   -0.0280
    0.0266    3.0097   -0.0348    0.0125    3.0066   -0.0419
    0.0041    3.0034   -0.0491    0.0016    3.0000   -0.0563
    1.0000    3.0000    0.0000    0.9971    3.0003    0.0001
    0.9883    3.0011    0.0002    0.9738    3.0024    0.0005
    0.9537    3.0042    0.0008    0.9283    3.0065    0.0011
    0.8978    3.0091    0.0015    0.8627    3.0119    0.0018
    0.8233    3.0150    0.0020    0.7801    3.0182    0.0021
    0.7337    3.0214    0.0021    0.6845    3.0246    0.0019
    0.6331    3.0277    0.0014    0.5802    3.0306    0.0008
    0.5263    3.0333   -0.0002    0.4722    3.0355   -0.0014
    0.4184    3.0373   -0.0030    0.3655    3.0385   -0.0051
    0.3143    3.0391   -0.0075    0.2652    3.0389   -0.0104
    0.2189    3.0380   -0.0137    0.1760    3.0363   -0.0175
    0.1368    3.0339   -0.0216    0.1020    3.0307   -0.0261
    0.0718    3.0269   -0.0309    0.0467    3.0224   -0.0359
    0.0269    3.0174   -0.0410    0.0127    3.0120   -0.0462
    0.0042    3.0061   -0.0513    0.0016    3.0000   -0.0563
    1.0000    3.0000    0.0000    0.9971    3.0003   -0.0001
    0.9883    3.0014   -0.0003    0.9738    3.0030   -0.0008
    0.9538    3.0053   -0.0014    0.9284    3.0081   -0.0022
    0.8981    3.0113   -0.0032    0.8630    3.0149   -0.0043
    0.8237    3.0187   -0.0057    0.7807    3.0227   -0.0072
    0.7343    3.0267   -0.0089    0.6852    3.0307   -0.0107
    0.6339    3.0346   -0.0128    0.5811    3.0382   -0.0149
    0.5273    3.0415   -0.0172    0.4732    3.0443   -0.0196
    0.4194    3.0465   -0.0221    0.3666    3.0480   -0.0248
    0.3154    3.0487   -0.0275    0.2663    3.0485   -0.0303
    0.2200    3.0474   -0.0332    0.1770    3.0453   -0.0361
    0.1378    3.0423   -0.0390    0.1029    3.0383   -0.0419
    0.0726    3.0335   -0.0447    0.0474    3.0279   -0.0474
    0.0274    3.0217   -0.0499    0.0131    3.0149   -0.0523
    0.0044    3.0077   -0.0544    0.0016    3.0000   -0.0563
    1.0000    3.0000    0.0000    0.9971    3.0003   -0.0002
    0.9883    3.0014   -0.0010    0.9739    3.0030   -0.0022
    0.9539    3.0053   -0.0038    0.9286    3.0081   -0.0059
    0.8984    3.0113   -0.0083    0.8634    3.0149   -0.0111
    0.8242    3.0187   -0.0142    0.7812    3.0227   -0.0175
    0.7350    3.0267   -0.0211    0.6860    3.0307   -0.0247
    0.6348    3.0346   -0.0285    0.5820    3.0382   -0.0323
    0.5284    3.0415   -0.0361    0.4743    3.0443   -0.0398
    0.4206    3.0465   -0.0433    0.3679    3.0480   -0.0466
    0.3166    3.0487   -0.0497    0.2676    3.0485   -0.0524
    0.2213    3.0474   -0.0548    0.1782    3.0453   -0.0567
    0.1389    3.0423   -0.0583    0.1039    3.0383   -0.0593
    0.0735    3.0335   -0.0599    0.0481    3.0279   -0.0601
    0.0280    3.0217   -0.0598    0.0135    3.0149   -0.0591
    0.0046    3.0077   -0.0579    0.0016    3.0000   -0.0563
    1.0000    3.0000    0.0000    0.9971    3.0003   -0.0004
    0.9884    3.0011   -0.0015    0.9740    3.0024   -0.0034
    0.9541    3.0042   -0.0060    0.9288    3.0065   -0.0092
    0.8986    3.0091   -0.0130    0.8638    3.0119   -0.0172
    0.8246    3.0150   -0.0219    0.7818    3.0182   -0.0268
    0.7356    3.0214   -0.0320    0.6867    3.0246   -0.0373
    0.6356    3.0277   -0.0427    0.5829    3.0306   -0.0480
    0.5293    3.0333   -0.0531    0.4754    3.0355   -0.0580
    0.4217    3.0373   -0.0624    0.3690    3.0385   -0.0664
    0.3178    3.0391   -0.0697    0.2687    3.0389   -0.0723
    0.2224    3.0380   -0.0742    0.1792    3.0363   -0.0753
    0.1399    3.0339   -0.0756    0.1048    3.0307   -0.0751
    0.0743    3.0269   -0.0737    0.0487    3.0224   -0.0716
    0.0285    3.0174   -0.0687    0.0138    3.0120   -0.0652
    0.0048    3.0061   -0.0611    0.0016    3.0000   -0.0563
    1.0000    3.0000    0.0000    0.9971    3.0002   -0.0005
    0.9884    3.0006   -0.0019    0.9740    3.0014   -0.0043
    0.9541    3.0024   -0.0075    0.9290    3.0036   -0.0115
    0.8988    3.0050   -0.0162    0.8640    3.0066   -0.0214
    0.8249    3.0083   -0.0272    0.7821    3.0101   -0.0333
    0.7360    3.0119   -0.0396    0.6872    3.0137   -0.0461
    0.6361    3.0154   -0.0525    0.5835    3.0170   -0.0589
    0.5300    3.0185   -0.0649    0.4761    3.0197   -0.0705
    0.4225    3.0207   -0.0756    0.3697    3.0214   -0.0800
    0.3186    3.0217   -0.0835    0.2695    3.0216   -0.0861
    0.2231    3.0211   -0.0877    0.1800    3.0202   -0.0882
    0.1406    3.0188   -0.0876    0.1054    3.0170   -0.0859
    0.0748    3.0149   -0.0832    0.0492    3.0124   -0.0795
    0.0288    3.0097   -0.0749    0.0140    3.0066   -0.0694
    0.0049    3.0034   -0.0632    0.0016    3.0000   -0.0563
    1.0000    3.0000    0.0000    0.9971    3.0000   -0.0005
    0.9884    3.0000   -0.0021    0.9740    3.0000   -0.0046
    0.9542    3.0000   -0.0080    0.9290    3.0000   -0.0123
    0.8989    3.0000   -0.0173    0.8641    3.0000   -0.0229
    0.8251    3.0000   -0.0291    0.7823    3.0000   -0.0356
    0.7362    3.0000   -0.0423    0.6873    3.0000   -0.0492
    0.6363    3.0000   -0.0560    0.5838    3.0000   -0.0627
    0.5302    3.0000   -0.0691    0.4763    3.0000   -0.0750
    0.4227    3.0000   -0.0803    0.3700    3.0000   -0.0849
    0.3188    3.0000   -0.0885    0.2698    3.0000   -0.0911
    0.2234    3.0000   -0.0925    0.1802    3.0000   -0.0928
    0.1408    3.0000   -0.0919    0.1056    3.0000   -0.0898
    0.0750    3.0000   -0.0866    0.0493    3.0000   -0.0823
    0.0290    3.0000   -0.0771    0.0141    3.0000   -0.0709
    0.0050    3.0000   -0.0640    0.0016    3.0000   -0.0563
$POINTS for network #  3   wingwake                                          
       1.0
      18.0                                     0.0       0.0
       2.0      30.0                                                  wingwake  
    1.0000    0.0000    0.0000   50.0000    0.0000    0.0000
    1.0000    0.1034    0.0000   50.0000    0.1034    0.0000
    1.0000    0.2069    0.0000   50.0000    0.2069    0.0000
    1.0000    0.3103    0.0000   50.0000    0.3103    0.0000
    1.0000    0.4138    0.0000   50.0000    0.4138    0.0000
    1.0000    0.5172    0.0000   50.0000    0.5172    0.0000
    1.0000    0.6207    0.0000   50.0000    0.6207    0.0000
    1.0000    0.7241    0.0000   50.0000    0.7241    0.0000
    1.0000    0.8276    0.0000   50.0000    0.8276    0.0000
    1.0000    0.9310    0.0000   50.0000    0.9310    0.0000
    1.0000    1.0345    0.0000   50.0000    1.0345    0.0000
    1.0000    1.1379    0.0000   50.0000    1.1379    0.0000
    1.0000    1.2414    0.0000   50.0000    1.2414    0.0000
    1.0000    1.3448    0.0000   50.0000    1.3448    0.0000
    1.0000    1.4483    0.0000   50.0000    1.4483    0.0000
    1.0000    1.5517    0.0000   50.0000    1.5517    0.0000
    1.0000    1.6552    0.0000   50.0000    1.6552    0.0000
    1.0000    1.7586    0.0000   50.0000    1.7586    0.0000
    1.0000    1.8621    0.0000   50.0000    1.8621    0.0000
    1.0000    1.9655    0.0000   50.0000    1.9655    0.0000
    1.0000    2.0690    0.0000   50.0000    2.0690    0.0000
    1.0000    2.1724    0.0000   50.0000    2.1724    0.0000
    1.0000    2.2759    0.0000   50.0000    2.2759    0.0000
    1.0000    2.3793    0.0000   50.0000    2.3793    0.0000
    1.0000    2.4828    0.0000   50.0000    2.4828    0.0000
    1.0000    2.5862    0.0000   50.0000    2.5862    0.0000
    1.0000    2.6897    0.0000   50.0000    2.6897    0.0000
    1.0000    2.7931    0.0000   50.0000    2.7931    0.0000
    1.0000    2.8966    0.0000   50.0000    2.8966    0.0000
    1.0000    3.0000    0.0000   50.0000    3.0000    0.0000
$END OF INPUT DATA
