$TITLE    Created by panin, version 1.0 (4Jan2000) on                
INPUT FILE FOR PanAir (A502-ht2)                                                
Created by PANIN                                                                
$DATACHECK
    0.0000
$SYM
    1.0000    0.0000
$MACH NUMBER
    0.5000
$CASES
    1.0000
$ANGLES OF ATTACK
    0.0000
    7.4200
$YAW ANGLES
    0.0000
    0.0000
$REFERENCE DATA FOR 3-D FORCES AND MOMENTS
    0.2500    0.0000    0.0000    1.0000
    6.0000    6.0000    1.0000    6.0000
$PRINTOUT CONTROL
       0.0       0.0       0.0       0.0       0.0       0.0
       0.0       0.0       0.0       0.0       0.0       0.0
$EAT
  0.000000       0.0       0.0       0.0       0.0       0.0
$VELOCITY CORRECTION
    0.0000
$POINTS for network #  1   wing                                              
       1.0
       1.0                                     0.0       0.0
      59.0      30.0                                                  wing      
    1.0000    0.0000    0.0000    0.9971    0.0000    0.0004
    0.9883    0.0000    0.0014    0.9738    0.0000    0.0031
    0.9538    0.0000    0.0054    0.9284    0.0000    0.0083
    0.8980    0.0000    0.0116    0.8630    0.0000    0.0152
    0.8237    0.0000    0.0192    0.7806    0.0000    0.0232
    0.7342    0.0000    0.0274    0.6851    0.0000    0.0315
    0.6338    0.0000    0.0355    0.5809    0.0000    0.0392
    0.5271    0.0000    0.0425    0.4729    0.0000    0.0454
    0.4191    0.0000    0.0477    0.3662    0.0000    0.0492
    0.3149    0.0000    0.0500    0.2658    0.0000    0.0498
    0.2194    0.0000    0.0486    0.1763    0.0000    0.0465
    0.1370    0.0000    0.0434    0.1020    0.0000    0.0393
    0.0716    0.0000    0.0344    0.0462    0.0000    0.0286
    0.0262    0.0000    0.0222    0.0117    0.0000    0.0153
    0.0029    0.0000    0.0079    0.0000    0.0000    0.0000
    0.0029    0.0000   -0.0079    0.0117    0.0000   -0.0153
    0.0262    0.0000   -0.0222    0.0462    0.0000   -0.0286
    0.0716    0.0000   -0.0344    0.1020    0.0000   -0.0393
    0.1370    0.0000   -0.0434    0.1763    0.0000   -0.0465
    0.2194    0.0000   -0.0486    0.2658    0.0000   -0.0498
    0.3149    0.0000   -0.0500    0.3662    0.0000   -0.0492
    0.4191    0.0000   -0.0477    0.4729    0.0000   -0.0454
    0.5271    0.0000   -0.0425    0.5809    0.0000   -0.0392
    0.6338    0.0000   -0.0355    0.6851    0.0000   -0.0315
    0.7342    0.0000   -0.0274    0.7806    0.0000   -0.0232
    0.8237    0.0000   -0.0192    0.8630    0.0000   -0.0152
    0.8980    0.0000   -0.0116    0.9284    0.0000   -0.0083
    0.9538    0.0000   -0.0054    0.9738    0.0000   -0.0031
    0.9883    0.0000   -0.0014    0.9971    0.0000   -0.0004
    1.0000    0.0000    0.0000
    1.0000    0.1034    0.0000    0.9971    0.1034    0.0004
    0.9883    0.1034    0.0014    0.9738    0.1034    0.0031
    0.9538    0.1034    0.0054    0.9284    0.1034    0.0083
    0.8980    0.1034    0.0116    0.8630    0.1034    0.0152
    0.8237    0.1034    0.0192    0.7806    0.1034    0.0232
    0.7342    0.1034    0.0274    0.6851    0.1034    0.0315
    0.6338    0.1034    0.0355    0.5809    0.1034    0.0392
    0.5271    0.1034    0.0425    0.4729    0.1034    0.0454
    0.4191    0.1034    0.0477    0.3662    0.1034    0.0492
    0.3149    0.1034    0.0500    0.2658    0.1034    0.0498
    0.2194    0.1034    0.0486    0.1763    0.1034    0.0465
    0.1370    0.1034    0.0434    0.1020    0.1034    0.0393
    0.0716    0.1034    0.0344    0.0462    0.1034    0.0286
    0.0262    0.1034    0.0222    0.0117    0.1034    0.0153
    0.0029    0.1034    0.0079    0.0000    0.1034    0.0000
    0.0029    0.1034   -0.0079    0.0117    0.1034   -0.0153
    0.0262    0.1034   -0.0222    0.0462    0.1034   -0.0286
    0.0716    0.1034   -0.0344    0.1020    0.1034   -0.0393
    0.1370    0.1034   -0.0434    0.1763    0.1034   -0.0465
    0.2194    0.1034   -0.0486    0.2658    0.1034   -0.0498
    0.3149    0.1034   -0.0500    0.3662    0.1034   -0.0492
    0.4191    0.1034   -0.0477    0.4729    0.1034   -0.0454
    0.5271    0.1034   -0.0425    0.5809    0.1034   -0.0392
    0.6338    0.1034   -0.0355    0.6851    0.1034   -0.0315
    0.7342    0.1034   -0.0274    0.7806    0.1034   -0.0232
    0.8237    0.1034   -0.0192    0.8630    0.1034   -0.0152
    0.8980    0.1034   -0.0116    0.9284    0.1034   -0.0083
    0.9538    0.1034   -0.0054    0.9738    0.1034   -0.0031
    0.9883    0.1034   -0.0014    0.9971    0.1034   -0.0004
    1.0000    0.1034    0.0000
    1.0000    0.2069    0.0000    0.9971    0.2069    0.0004
    0.9883    0.2069    0.0014    0.9738    0.2069    0.0031
    0.9538    0.2069    0.0054    0.9284    0.2069    0.0083
    0.8980    0.2069    0.0116    0.8630    0.2069    0.0152
    0.8237    0.2069    0.0192    0.7806    0.2069    0.0232
    0.7342    0.2069    0.0274    0.6851    0.2069    0.0315
    0.6338    0.2069    0.0355    0.5809    0.2069    0.0392
    0.5271    0.2069    0.0425    0.4729    0.2069    0.0454
    0.4191    0.2069    0.0477    0.3662    0.2069    0.0492
    0.3149    0.2069    0.0500    0.2658    0.2069    0.0498
    0.2194    0.2069    0.0486    0.1763    0.2069    0.0465
    0.1370    0.2069    0.0434    0.1020    0.2069    0.0393
    0.0716    0.2069    0.0344    0.0462    0.2069    0.0286
    0.0262    0.2069    0.0222    0.0117    0.2069    0.0153
    0.0029    0.2069    0.0079    0.0000    0.2069    0.0000
    0.0029    0.2069   -0.0079    0.0117    0.2069   -0.0153
    0.0262    0.2069   -0.0222    0.0462    0.2069   -0.0286
    0.0716    0.2069   -0.0344    0.1020    0.2069   -0.0393
    0.1370    0.2069   -0.0434    0.1763    0.2069   -0.0465
    0.2194    0.2069   -0.0486    0.2658    0.2069   -0.0498
    0.3149    0.2069   -0.0500    0.3662    0.2069   -0.0492
    0.4191    0.2069   -0.0477    0.4729    0.2069   -0.0454
    0.5271    0.2069   -0.0425    0.5809    0.2069   -0.0392
    0.6338    0.2069   -0.0355    0.6851    0.2069   -0.0315
    0.7342    0.2069   -0.0274    0.7806    0.2069   -0.0232
    0.8237    0.2069   -0.0192    0.8630    0.2069   -0.0152
    0.8980    0.2069   -0.0116    0.9284    0.2069   -0.0083
    0.9538    0.2069   -0.0054    0.9738    0.2069   -0.0031
    0.9883    0.2069   -0.0014    0.9971    0.2069   -0.0004
    1.0000    0.2069    0.0000
    1.0000    0.3103    0.0000    0.9971    0.3103    0.0004
    0.9883    0.3103    0.0014    0.9738    0.3103    0.0031
    0.9538    0.3103    0.0054    0.9284    0.3103    0.0083
    0.8980    0.3103    0.0116    0.8630    0.3103    0.0152
    0.8237    0.3103    0.0192    0.7806    0.3103    0.0232
    0.7342    0.3103    0.0274    0.6851    0.3103    0.0315
    0.6338    0.3103    0.0355    0.5809    0.3103    0.0392
    0.5271    0.3103    0.0425    0.4729    0.3103    0.0454
    0.4191    0.3103    0.0477    0.3662    0.3103    0.0492
    0.3149    0.3103    0.0500    0.2658    0.3103    0.0498
    0.2194    0.3103    0.0486    0.1763    0.3103    0.0465
    0.1370    0.3103    0.0434    0.1020    0.3103    0.0393
    0.0716    0.3103    0.0344    0.0462    0.3103    0.0286
    0.0262    0.3103    0.0222    0.0117    0.3103    0.0153
    0.0029    0.3103    0.0079    0.0000    0.3103    0.0000
    0.0029    0.3103   -0.0079    0.0117    0.3103   -0.0153
    0.0262    0.3103   -0.0222    0.0462    0.3103   -0.0286
    0.0716    0.3103   -0.0344    0.1020    0.3103   -0.0393
    0.1370    0.3103   -0.0434    0.1763    0.3103   -0.0465
    0.2194    0.3103   -0.0486    0.2658    0.3103   -0.0498
    0.3149    0.3103   -0.0500    0.3662    0.3103   -0.0492
    0.4191    0.3103   -0.0477    0.4729    0.3103   -0.0454
    0.5271    0.3103   -0.0425    0.5809    0.3103   -0.0392
    0.6338    0.3103   -0.0355    0.6851    0.3103   -0.0315
    0.7342    0.3103   -0.0274    0.7806    0.3103   -0.0232
    0.8237    0.3103   -0.0192    0.8630    0.3103   -0.0152
    0.8980    0.3103   -0.0116    0.9284    0.3103   -0.0083
    0.9538    0.3103   -0.0054    0.9738    0.3103   -0.0031
    0.9883    0.3103   -0.0014    0.9971    0.3103   -0.0004
    1.0000    0.3103    0.0000
    1.0000    0.4138    0.0000    0.9971    0.4138    0.0004
    0.9883    0.4138    0.0014    0.9738    0.4138    0.0031
    0.9538    0.4138    0.0054    0.9284    0.4138    0.0083
    0.8980    0.4138    0.0116    0.8630    0.4138    0.0152
    0.8237    0.4138    0.0192    0.7806    0.4138    0.0232
    0.7342    0.4138    0.0274    0.6851    0.4138    0.0315
    0.6338    0.4138    0.0355    0.5809    0.4138    0.0392
    0.5271    0.4138    0.0425    0.4729    0.4138    0.0454
    0.4191    0.4138    0.0477    0.3662    0.4138    0.0492
    0.3149    0.4138    0.0500    0.2658    0.4138    0.0498
    0.2194    0.4138    0.0486    0.1763    0.4138    0.0465
    0.1370    0.4138    0.0434    0.1020    0.4138    0.0393
    0.0716    0.4138    0.0344    0.0462    0.4138    0.0286
    0.0262    0.4138    0.0222    0.0117    0.4138    0.0153
    0.0029    0.4138    0.0079    0.0000    0.4138    0.0000
    0.0029    0.4138   -0.0079    0.0117    0.4138   -0.0153
    0.0262    0.4138   -0.0222    0.0462    0.4138   -0.0286
    0.0716    0.4138   -0.0344    0.1020    0.4138   -0.0393
    0.1370    0.4138   -0.0434    0.1763    0.4138   -0.0465
    0.2194    0.4138   -0.0486    0.2658    0.4138   -0.0498
    0.3149    0.4138   -0.0500    0.3662    0.4138   -0.0492
    0.4191    0.4138   -0.0477    0.4729    0.4138   -0.0454
    0.5271    0.4138   -0.0425    0.5809    0.4138   -0.0392
    0.6338    0.4138   -0.0355    0.6851    0.4138   -0.0315
    0.7342    0.4138   -0.0274    0.7806    0.4138   -0.0232
    0.8237    0.4138   -0.0192    0.8630    0.4138   -0.0152
    0.8980    0.4138   -0.0116    0.9284    0.4138   -0.0083
    0.9538    0.4138   -0.0054    0.9738    0.4138   -0.0031
    0.9883    0.4138   -0.0014    0.9971    0.4138   -0.0004
    1.0000    0.4138    0.0000
    1.0000    0.5172    0.0000    0.9971    0.5172    0.0004
    0.9883    0.5172    0.0014    0.9738    0.5172    0.0031
    0.9538    0.5172    0.0054    0.9284    0.5172    0.0083
    0.8980    0.5172    0.0116    0.8630    0.5172    0.0152
    0.8237    0.5172    0.0192    0.7806    0.5172    0.0232
    0.7342    0.5172    0.0274    0.6851    0.5172    0.0315
    0.6338    0.5172    0.0355    0.5809    0.5172    0.0392
    0.5271    0.5172    0.0425    0.4729    0.5172    0.0454
    0.4191    0.5172    0.0477    0.3662    0.5172    0.0492
    0.3149    0.5172    0.0500    0.2658    0.5172    0.0498
    0.2194    0.5172    0.0486    0.1763    0.5172    0.0465
    0.1370    0.5172    0.0434    0.1020    0.5172    0.0393
    0.0716    0.5172    0.0344    0.0462    0.5172    0.0286
    0.0262    0.5172    0.0222    0.0117    0.5172    0.0153
    0.0029    0.5172    0.0079    0.0000    0.5172    0.0000
    0.0029    0.5172   -0.0079    0.0117    0.5172   -0.0153
    0.0262    0.5172   -0.0222    0.0462    0.5172   -0.0286
    0.0716    0.5172   -0.0344    0.1020    0.5172   -0.0393
    0.1370    0.5172   -0.0434    0.1763    0.5172   -0.0465
    0.2194    0.5172   -0.0486    0.2658    0.5172   -0.0498
    0.3149    0.5172   -0.0500    0.3662    0.5172   -0.0492
    0.4191    0.5172   -0.0477    0.4729    0.5172   -0.0454
    0.5271    0.5172   -0.0425    0.5809    0.5172   -0.0392
    0.6338    0.5172   -0.0355    0.6851    0.5172   -0.0315
    0.7342    0.5172   -0.0274    0.7806    0.5172   -0.0232
    0.8237    0.5172   -0.0192    0.8630    0.5172   -0.0152
    0.8980    0.5172   -0.0116    0.9284    0.5172   -0.0083
    0.9538    0.5172   -0.0054    0.9738    0.5172   -0.0031
    0.9883    0.5172   -0.0014    0.9971    0.5172   -0.0004
    1.0000    0.5172    0.0000
    1.0000    0.6207    0.0000    0.9971    0.6207    0.0004
    0.9883    0.6207    0.0014    0.9738    0.6207    0.0031
    0.9538    0.6207    0.0054    0.9284    0.6207    0.0083
    0.8980    0.6207    0.0116    0.8630    0.6207    0.0152
    0.8237    0.6207    0.0192    0.7806    0.6207    0.0232
    0.7342    0.6207    0.0274    0.6851    0.6207    0.0315
    0.6338    0.6207    0.0355    0.5809    0.6207    0.0392
    0.5271    0.6207    0.0425    0.4729    0.6207    0.0454
    0.4191    0.6207    0.0477    0.3662    0.6207    0.0492
    0.3149    0.6207    0.0500    0.2658    0.6207    0.0498
    0.2194    0.6207    0.0486    0.1763    0.6207    0.0465
    0.1370    0.6207    0.0434    0.1020    0.6207    0.0393
    0.0716    0.6207    0.0344    0.0462    0.6207    0.0286
    0.0262    0.6207    0.0222    0.0117    0.6207    0.0153
    0.0029    0.6207    0.0079    0.0000    0.6207    0.0000
    0.0029    0.6207   -0.0079    0.0117    0.6207   -0.0153
    0.0262    0.6207   -0.0222    0.0462    0.6207   -0.0286
    0.0716    0.6207   -0.0344    0.1020    0.6207   -0.0393
    0.1370    0.6207   -0.0434    0.1763    0.6207   -0.0465
    0.2194    0.6207   -0.0486    0.2658    0.6207   -0.0498
    0.3149    0.6207   -0.0500    0.3662    0.6207   -0.0492
    0.4191    0.6207   -0.0477    0.4729    0.6207   -0.0454
    0.5271    0.6207   -0.0425    0.5809    0.6207   -0.0392
    0.6338    0.6207   -0.0355    0.6851    0.6207   -0.0315
    0.7342    0.6207   -0.0274    0.7806    0.6207   -0.0232
    0.8237    0.6207   -0.0192    0.8630    0.6207   -0.0152
    0.8980    0.6207   -0.0116    0.9284    0.6207   -0.0083
    0.9538    0.6207   -0.0054    0.9738    0.6207   -0.0031
    0.9883    0.6207   -0.0014    0.9971    0.6207   -0.0004
    1.0000    0.6207    0.0000
    1.0000    0.7241    0.0000    0.9971    0.7241    0.0004
    0.9883    0.7241    0.0014    0.9738    0.7241    0.0031
    0.9538    0.7241    0.0054    0.9284    0.7241    0.0083
    0.8980    0.7241    0.0116    0.8630    0.7241    0.0152
    0.8237    0.7241    0.0192    0.7806    0.7241    0.0232
    0.7342    0.7241    0.0274    0.6851    0.7241    0.0315
    0.6338    0.7241    0.0355    0.5809    0.7241    0.0392
    0.5271    0.7241    0.0425    0.4729    0.7241    0.0454
    0.4191    0.7241    0.0477    0.3662    0.7241    0.0492
    0.3149    0.7241    0.0500    0.2658    0.7241    0.0498
    0.2194    0.7241    0.0486    0.1763    0.7241    0.0465
    0.1370    0.7241    0.0434    0.1020    0.7241    0.0393
    0.0716    0.7241    0.0344    0.0462    0.7241    0.0286
    0.0262    0.7241    0.0222    0.0117    0.7241    0.0153
    0.0029    0.7241    0.0079    0.0000    0.7241    0.0000
    0.0029    0.7241   -0.0079    0.0117    0.7241   -0.0153
    0.0262    0.7241   -0.0222    0.0462    0.7241   -0.0286
    0.0716    0.7241   -0.0344    0.1020    0.7241   -0.0393
    0.1370    0.7241   -0.0434    0.1763    0.7241   -0.0465
    0.2194    0.7241   -0.0486    0.2658    0.7241   -0.0498
    0.3149    0.7241   -0.0500    0.3662    0.7241   -0.0492
    0.4191    0.7241   -0.0477    0.4729    0.7241   -0.0454
    0.5271    0.7241   -0.0425    0.5809    0.7241   -0.0392
    0.6338    0.7241   -0.0355    0.6851    0.7241   -0.0315
    0.7342    0.7241   -0.0274    0.7806    0.7241   -0.0232
    0.8237    0.7241   -0.0192    0.8630    0.7241   -0.0152
    0.8980    0.7241   -0.0116    0.9284    0.7241   -0.0083
    0.9538    0.7241   -0.0054    0.9738    0.7241   -0.0031
    0.9883    0.7241   -0.0014    0.9971    0.7241   -0.0004
    1.0000    0.7241    0.0000
    1.0000    0.8276    0.0000    0.9971    0.8276    0.0004
    0.9883    0.8276    0.0014    0.9738    0.8276    0.0031
    0.9538    0.8276    0.0054    0.9284    0.8276    0.0083
    0.8980    0.8276    0.0116    0.8630    0.8276    0.0152
    0.8237    0.8276    0.0192    0.7806    0.8276    0.0232
    0.7342    0.8276    0.0274    0.6851    0.8276    0.0315
    0.6338    0.8276    0.0355    0.5809    0.8276    0.0392
    0.5271    0.8276    0.0425    0.4729    0.8276    0.0454
    0.4191    0.8276    0.0477    0.3662    0.8276    0.0492
    0.3149    0.8276    0.0500    0.2658    0.8276    0.0498
    0.2194    0.8276    0.0486    0.1763    0.8276    0.0465
    0.1370    0.8276    0.0434    0.1020    0.8276    0.0393
    0.0716    0.8276    0.0344    0.0462    0.8276    0.0286
    0.0262    0.8276    0.0222    0.0117    0.8276    0.0153
    0.0029    0.8276    0.0079    0.0000    0.8276    0.0000
    0.0029    0.8276   -0.0079    0.0117    0.8276   -0.0153
    0.0262    0.8276   -0.0222    0.0462    0.8276   -0.0286
    0.0716    0.8276   -0.0344    0.1020    0.8276   -0.0393
    0.1370    0.8276   -0.0434    0.1763    0.8276   -0.0465
    0.2194    0.8276   -0.0486    0.2658    0.8276   -0.0498
    0.3149    0.8276   -0.0500    0.3662    0.8276   -0.0492
    0.4191    0.8276   -0.0477    0.4729    0.8276   -0.0454
    0.5271    0.8276   -0.0425    0.5809    0.8276   -0.0392
    0.6338    0.8276   -0.0355    0.6851    0.8276   -0.0315
    0.7342    0.8276   -0.0274    0.7806    0.8276   -0.0232
    0.8237    0.8276   -0.0192    0.8630    0.8276   -0.0152
    0.8980    0.8276   -0.0116    0.9284    0.8276   -0.0083
    0.9538    0.8276   -0.0054    0.9738    0.8276   -0.0031
    0.9883    0.8276   -0.0014    0.9971    0.8276   -0.0004
    1.0000    0.8276    0.0000
    1.0000    0.9310    0.0000    0.9971    0.9310    0.0004
    0.9883    0.9310    0.0014    0.9738    0.9310    0.0031
    0.9538    0.9310    0.0054    0.9284    0.9310    0.0083
    0.8980    0.9310    0.0116    0.8630    0.9310    0.0152
    0.8237    0.9310    0.0192    0.7806    0.9310    0.0232
    0.7342    0.9310    0.0274    0.6851    0.9310    0.0315
    0.6338    0.9310    0.0355    0.5809    0.9310    0.0392
    0.5271    0.9310    0.0425    0.4729    0.9310    0.0454
    0.4191    0.9310    0.0477    0.3662    0.9310    0.0492
    0.3149    0.9310    0.0500    0.2658    0.9310    0.0498
    0.2194    0.9310    0.0486    0.1763    0.9310    0.0465
    0.1370    0.9310    0.0434    0.1020    0.9310    0.0393
    0.0716    0.9310    0.0344    0.0462    0.9310    0.0286
    0.0262    0.9310    0.0222    0.0117    0.9310    0.0153
    0.0029    0.9310    0.0079    0.0000    0.9310    0.0000
    0.0029    0.9310   -0.0079    0.0117    0.9310   -0.0153
    0.0262    0.9310   -0.0222    0.0462    0.9310   -0.0286
    0.0716    0.9310   -0.0344    0.1020    0.9310   -0.0393
    0.1370    0.9310   -0.0434    0.1763    0.9310   -0.0465
    0.2194    0.9310   -0.0486    0.2658    0.9310   -0.0498
    0.3149    0.9310   -0.0500    0.3662    0.9310   -0.0492
    0.4191    0.9310   -0.0477    0.4729    0.9310   -0.0454
    0.5271    0.9310   -0.0425    0.5809    0.9310   -0.0392
    0.6338    0.9310   -0.0355    0.6851    0.9310   -0.0315
    0.7342    0.9310   -0.0274    0.7806    0.9310   -0.0232
    0.8237    0.9310   -0.0192    0.8630    0.9310   -0.0152
    0.8980    0.9310   -0.0116    0.9284    0.9310   -0.0083
    0.9538    0.9310   -0.0054    0.9738    0.9310   -0.0031
    0.9883    0.9310   -0.0014    0.9971    0.9310   -0.0004
    1.0000    0.9310    0.0000
    1.0000    1.0345    0.0000    0.9971    1.0345    0.0004
    0.9883    1.0345    0.0014    0.9738    1.0345    0.0031
    0.9538    1.0345    0.0054    0.9284    1.0345    0.0083
    0.8980    1.0345    0.0116    0.8630    1.0345    0.0152
    0.8237    1.0345    0.0192    0.7806    1.0345    0.0232
    0.7342    1.0345    0.0274    0.6851    1.0345    0.0315
    0.6338    1.0345    0.0355    0.5809    1.0345    0.0392
    0.5271    1.0345    0.0425    0.4729    1.0345    0.0454
    0.4191    1.0345    0.0477    0.3662    1.0345    0.0492
    0.3149    1.0345    0.0500    0.2658    1.0345    0.0498
    0.2194    1.0345    0.0486    0.1763    1.0345    0.0465
    0.1370    1.0345    0.0434    0.1020    1.0345    0.0393
    0.0716    1.0345    0.0344    0.0462    1.0345    0.0286
    0.0262    1.0345    0.0222    0.0117    1.0345    0.0153
    0.0029    1.0345    0.0079    0.0000    1.0345    0.0000
    0.0029    1.0345   -0.0079    0.0117    1.0345   -0.0153
    0.0262    1.0345   -0.0222    0.0462    1.0345   -0.0286
    0.0716    1.0345   -0.0344    0.1020    1.0345   -0.0393
    0.1370    1.0345   -0.0434    0.1763    1.0345   -0.0465
    0.2194    1.0345   -0.0486    0.2658    1.0345   -0.0498
    0.3149    1.0345   -0.0500    0.3662    1.0345   -0.0492
    0.4191    1.0345   -0.0477    0.4729    1.0345   -0.0454
    0.5271    1.0345   -0.0425    0.5809    1.0345   -0.0392
    0.6338    1.0345   -0.0355    0.6851    1.0345   -0.0315
    0.7342    1.0345   -0.0274    0.7806    1.0345   -0.0232
    0.8237    1.0345   -0.0192    0.8630    1.0345   -0.0152
    0.8980    1.0345   -0.0116    0.9284    1.0345   -0.0083
    0.9538    1.0345   -0.0054    0.9738    1.0345   -0.0031
    0.9883    1.0345   -0.0014    0.9971    1.0345   -0.0004
    1.0000    1.0345    0.0000
    1.0000    1.1379    0.0000    0.9971    1.1379    0.0004
    0.9883    1.1379    0.0014    0.9738    1.1379    0.0031
    0.9538    1.1379    0.0054    0.9284    1.1379    0.0083
    0.8980    1.1379    0.0116    0.8630    1.1379    0.0152
    0.8237    1.1379    0.0192    0.7806    1.1379    0.0232
    0.7342    1.1379    0.0274    0.6851    1.1379    0.0315
    0.6338    1.1379    0.0355    0.5809    1.1379    0.0392
    0.5271    1.1379    0.0425    0.4729    1.1379    0.0454
    0.4191    1.1379    0.0477    0.3662    1.1379    0.0492
    0.3149    1.1379    0.0500    0.2658    1.1379    0.0498
    0.2194    1.1379    0.0486    0.1763    1.1379    0.0465
    0.1370    1.1379    0.0434    0.1020    1.1379    0.0393
    0.0716    1.1379    0.0344    0.0462    1.1379    0.0286
    0.0262    1.1379    0.0222    0.0117    1.1379    0.0153
    0.0029    1.1379    0.0079    0.0000    1.1379    0.0000
    0.0029    1.1379   -0.0079    0.0117    1.1379   -0.0153
    0.0262    1.1379   -0.0222    0.0462    1.1379   -0.0286
    0.0716    1.1379   -0.0344    0.1020    1.1379   -0.0393
    0.1370    1.1379   -0.0434    0.1763    1.1379   -0.0465
    0.2194    1.1379   -0.0486    0.2658    1.1379   -0.0498
    0.3149    1.1379   -0.0500    0.3662    1.1379   -0.0492
    0.4191    1.1379   -0.0477    0.4729    1.1379   -0.0454
    0.5271    1.1379   -0.0425    0.5809    1.1379   -0.0392
    0.6338    1.1379   -0.0355    0.6851    1.1379   -0.0315
    0.7342    1.1379   -0.0274    0.7806    1.1379   -0.0232
    0.8237    1.1379   -0.0192    0.8630    1.1379   -0.0152
    0.8980    1.1379   -0.0116    0.9284    1.1379   -0.0083
    0.9538    1.1379   -0.0054    0.9738    1.1379   -0.0031
    0.9883    1.1379   -0.0014    0.9971    1.1379   -0.0004
    1.0000    1.1379    0.0000
    1.0000    1.2414    0.0000    0.9971    1.2414    0.0004
    0.9883    1.2414    0.0014    0.9738    1.2414    0.0031
    0.9538    1.2414    0.0054    0.9284    1.2414    0.0083
    0.8980    1.2414    0.0116    0.8630    1.2414    0.0152
    0.8237    1.2414    0.0192    0.7806    1.2414    0.0232
    0.7342    1.2414    0.0274    0.6851    1.2414    0.0315
    0.6338    1.2414    0.0355    0.5809    1.2414    0.0392
    0.5271    1.2414    0.0425    0.4729    1.2414    0.0454
    0.4191    1.2414    0.0477    0.3662    1.2414    0.0492
    0.3149    1.2414    0.0500    0.2658    1.2414    0.0498
    0.2194    1.2414    0.0486    0.1763    1.2414    0.0465
    0.1370    1.2414    0.0434    0.1020    1.2414    0.0393
    0.0716    1.2414    0.0344    0.0462    1.2414    0.0286
    0.0262    1.2414    0.0222    0.0117    1.2414    0.0153
    0.0029    1.2414    0.0079    0.0000    1.2414    0.0000
    0.0029    1.2414   -0.0079    0.0117    1.2414   -0.0153
    0.0262    1.2414   -0.0222    0.0462    1.2414   -0.0286
    0.0716    1.2414   -0.0344    0.1020    1.2414   -0.0393
    0.1370    1.2414   -0.0434    0.1763    1.2414   -0.0465
    0.2194    1.2414   -0.0486    0.2658    1.2414   -0.0498
    0.3149    1.2414   -0.0500    0.3662    1.2414   -0.0492
    0.4191    1.2414   -0.0477    0.4729    1.2414   -0.0454
    0.5271    1.2414   -0.0425    0.5809    1.2414   -0.0392
    0.6338    1.2414   -0.0355    0.6851    1.2414   -0.0315
    0.7342    1.2414   -0.0274    0.7806    1.2414   -0.0232
    0.8237    1.2414   -0.0192    0.8630    1.2414   -0.0152
    0.8980    1.2414   -0.0116    0.9284    1.2414   -0.0083
    0.9538    1.2414   -0.0054    0.9738    1.2414   -0.0031
    0.9883    1.2414   -0.0014    0.9971    1.2414   -0.0004
    1.0000    1.2414    0.0000
    1.0000    1.3448    0.0000    0.9971    1.3448    0.0004
    0.9883    1.3448    0.0014    0.9738    1.3448    0.0031
    0.9538    1.3448    0.0054    0.9284    1.3448    0.0083
    0.8980    1.3448    0.0116    0.8630    1.3448    0.0152
    0.8237    1.3448    0.0192    0.7806    1.3448    0.0232
    0.7342    1.3448    0.0274    0.6851    1.3448    0.0315
    0.6338    1.3448    0.0355    0.5809    1.3448    0.0392
    0.5271    1.3448    0.0425    0.4729    1.3448    0.0454
    0.4191    1.3448    0.0477    0.3662    1.3448    0.0492
    0.3149    1.3448    0.0500    0.2658    1.3448    0.0498
    0.2194    1.3448    0.0486    0.1763    1.3448    0.0465
    0.1370    1.3448    0.0434    0.1020    1.3448    0.0393
    0.0716    1.3448    0.0344    0.0462    1.3448    0.0286
    0.0262    1.3448    0.0222    0.0117    1.3448    0.0153
    0.0029    1.3448    0.0079    0.0000    1.3448    0.0000
    0.0029    1.3448   -0.0079    0.0117    1.3448   -0.0153
    0.0262    1.3448   -0.0222    0.0462    1.3448   -0.0286
    0.0716    1.3448   -0.0344    0.1020    1.3448   -0.0393
    0.1370    1.3448   -0.0434    0.1763    1.3448   -0.0465
    0.2194    1.3448   -0.0486    0.2658    1.3448   -0.0498
    0.3149    1.3448   -0.0500    0.3662    1.3448   -0.0492
    0.4191    1.3448   -0.0477    0.4729    1.3448   -0.0454
    0.5271    1.3448   -0.0425    0.5809    1.3448   -0.0392
    0.6338    1.3448   -0.0355    0.6851    1.3448   -0.0315
    0.7342    1.3448   -0.0274    0.7806    1.3448   -0.0232
    0.8237    1.3448   -0.0192    0.8630    1.3448   -0.0152
    0.8980    1.3448   -0.0116    0.9284    1.3448   -0.0083
    0.9538    1.3448   -0.0054    0.9738    1.3448   -0.0031
    0.9883    1.3448   -0.0014    0.9971    1.3448   -0.0004
    1.0000    1.3448    0.0000
    1.0000    1.4483    0.0000    0.9971    1.4483    0.0004
    0.9883    1.4483    0.0014    0.9738    1.4483    0.0031
    0.9538    1.4483    0.0054    0.9284    1.4483    0.0083
    0.8980    1.4483    0.0116    0.8630    1.4483    0.0152
    0.8237    1.4483    0.0192    0.7806    1.4483    0.0232
    0.7342    1.4483    0.0274    0.6851    1.4483    0.0315
    0.6338    1.4483    0.0355    0.5809    1.4483    0.0392
    0.5271    1.4483    0.0425    0.4729    1.4483    0.0454
    0.4191    1.4483    0.0477    0.3662    1.4483    0.0492
    0.3149    1.4483    0.0500    0.2658    1.4483    0.0498
    0.2194    1.4483    0.0486    0.1763    1.4483    0.0465
    0.1370    1.4483    0.0434    0.1020    1.4483    0.0393
    0.0716    1.4483    0.0344    0.0462    1.4483    0.0286
    0.0262    1.4483    0.0222    0.0117    1.4483    0.0153
    0.0029    1.4483    0.0079    0.0000    1.4483    0.0000
    0.0029    1.4483   -0.0079    0.0117    1.4483   -0.0153
    0.0262    1.4483   -0.0222    0.0462    1.4483   -0.0286
    0.0716    1.4483   -0.0344    0.1020    1.4483   -0.0393
    0.1370    1.4483   -0.0434    0.1763    1.4483   -0.0465
    0.2194    1.4483   -0.0486    0.2658    1.4483   -0.0498
    0.3149    1.4483   -0.0500    0.3662    1.4483   -0.0492
    0.4191    1.4483   -0.0477    0.4729    1.4483   -0.0454
    0.5271    1.4483   -0.0425    0.5809    1.4483   -0.0392
    0.6338    1.4483   -0.0355    0.6851    1.4483   -0.0315
    0.7342    1.4483   -0.0274    0.7806    1.4483   -0.0232
    0.8237    1.4483   -0.0192    0.8630    1.4483   -0.0152
    0.8980    1.4483   -0.0116    0.9284    1.4483   -0.0083
    0.9538    1.4483   -0.0054    0.9738    1.4483   -0.0031
    0.9883    1.4483   -0.0014    0.9971    1.4483   -0.0004
    1.0000    1.4483    0.0000
    1.0000    1.5517    0.0000    0.9971    1.5517    0.0004
    0.9883    1.5517    0.0014    0.9738    1.5517    0.0031
    0.9538    1.5517    0.0054    0.9284    1.5517    0.0083
    0.8980    1.5517    0.0116    0.8630    1.5517    0.0152
    0.8237    1.5517    0.0192    0.7806    1.5517    0.0232
    0.7342    1.5517    0.0274    0.6851    1.5517    0.0315
    0.6338    1.5517    0.0355    0.5809    1.5517    0.0392
    0.5271    1.5517    0.0425    0.4729    1.5517    0.0454
    0.4191    1.5517    0.0477    0.3662    1.5517    0.0492
    0.3149    1.5517    0.0500    0.2658    1.5517    0.0498
    0.2194    1.5517    0.0486    0.1763    1.5517    0.0465
    0.1370    1.5517    0.0434    0.1020    1.5517    0.0393
    0.0716    1.5517    0.0344    0.0462    1.5517    0.0286
    0.0262    1.5517    0.0222    0.0117    1.5517    0.0153
    0.0029    1.5517    0.0079    0.0000    1.5517    0.0000
    0.0029    1.5517   -0.0079    0.0117    1.5517   -0.0153
    0.0262    1.5517   -0.0222    0.0462    1.5517   -0.0286
    0.0716    1.5517   -0.0344    0.1020    1.5517   -0.0393
    0.1370    1.5517   -0.0434    0.1763    1.5517   -0.0465
    0.2194    1.5517   -0.0486    0.2658    1.5517   -0.0498
    0.3149    1.5517   -0.0500    0.3662    1.5517   -0.0492
    0.4191    1.5517   -0.0477    0.4729    1.5517   -0.0454
    0.5271    1.5517   -0.0425    0.5809    1.5517   -0.0392
    0.6338    1.5517   -0.0355    0.6851    1.5517   -0.0315
    0.7342    1.5517   -0.0274    0.7806    1.5517   -0.0232
    0.8237    1.5517   -0.0192    0.8630    1.5517   -0.0152
    0.8980    1.5517   -0.0116    0.9284    1.5517   -0.0083
    0.9538    1.5517   -0.0054    0.9738    1.5517   -0.0031
    0.9883    1.5517   -0.0014    0.9971    1.5517   -0.0004
    1.0000    1.5517    0.0000
    1.0000    1.6552    0.0000    0.9971    1.6552    0.0004
    0.9883    1.6552    0.0014    0.9738    1.6552    0.0031
    0.9538    1.6552    0.0054    0.9284    1.6552    0.0083
    0.8980    1.6552    0.0116    0.8630    1.6552    0.0152
    0.8237    1.6552    0.0192    0.7806    1.6552    0.0232
    0.7342    1.6552    0.0274    0.6851    1.6552    0.0315
    0.6338    1.6552    0.0355    0.5809    1.6552    0.0392
    0.5271    1.6552    0.0425    0.4729    1.6552    0.0454
    0.4191    1.6552    0.0477    0.3662    1.6552    0.0492
    0.3149    1.6552    0.0500    0.2658    1.6552    0.0498
    0.2194    1.6552    0.0486    0.1763    1.6552    0.0465
    0.1370    1.6552    0.0434    0.1020    1.6552    0.0393
    0.0716    1.6552    0.0344    0.0462    1.6552    0.0286
    0.0262    1.6552    0.0222    0.0117    1.6552    0.0153
    0.0029    1.6552    0.0079    0.0000    1.6552    0.0000
    0.0029    1.6552   -0.0079    0.0117    1.6552   -0.0153
    0.0262    1.6552   -0.0222    0.0462    1.6552   -0.0286
    0.0716    1.6552   -0.0344    0.1020    1.6552   -0.0393
    0.1370    1.6552   -0.0434    0.1763    1.6552   -0.0465
    0.2194    1.6552   -0.0486    0.2658    1.6552   -0.0498
    0.3149    1.6552   -0.0500    0.3662    1.6552   -0.0492
    0.4191    1.6552   -0.0477    0.4729    1.6552   -0.0454
    0.5271    1.6552   -0.0425    0.5809    1.6552   -0.0392
    0.6338    1.6552   -0.0355    0.6851    1.6552   -0.0315
    0.7342    1.6552   -0.0274    0.7806    1.6552   -0.0232
    0.8237    1.6552   -0.0192    0.8630    1.6552   -0.0152
    0.8980    1.6552   -0.0116    0.9284    1.6552   -0.0083
    0.9538    1.6552   -0.0054    0.9738    1.6552   -0.0031
    0.9883    1.6552   -0.0014    0.9971    1.6552   -0.0004
    1.0000    1.6552    0.0000
    1.0000    1.7586    0.0000    0.9971    1.7586    0.0004
    0.9883    1.7586    0.0014    0.9738    1.7586    0.0031
    0.9538    1.7586    0.0054    0.9284    1.7586    0.0083
    0.8980    1.7586    0.0116    0.8630    1.7586    0.0152
    0.8237    1.7586    0.0192    0.7806    1.7586    0.0232
    0.7342    1.7586    0.0274    0.6851    1.7586    0.0315
    0.6338    1.7586    0.0355    0.5809    1.7586    0.0392
    0.5271    1.7586    0.0425    0.4729    1.7586    0.0454
    0.4191    1.7586    0.0477    0.3662    1.7586    0.0492
    0.3149    1.7586    0.0500    0.2658    1.7586    0.0498
    0.2194    1.7586    0.0486    0.1763    1.7586    0.0465
    0.1370    1.7586    0.0434    0.1020    1.7586    0.0393
    0.0716    1.7586    0.0344    0.0462    1.7586    0.0286
    0.0262    1.7586    0.0222    0.0117    1.7586    0.0153
    0.0029    1.7586    0.0079    0.0000    1.7586    0.0000
    0.0029    1.7586   -0.0079    0.0117    1.7586   -0.0153
    0.0262    1.7586   -0.0222    0.0462    1.7586   -0.0286
    0.0716    1.7586   -0.0344    0.1020    1.7586   -0.0393
    0.1370    1.7586   -0.0434    0.1763    1.7586   -0.0465
    0.2194    1.7586   -0.0486    0.2658    1.7586   -0.0498
    0.3149    1.7586   -0.0500    0.3662    1.7586   -0.0492
    0.4191    1.7586   -0.0477    0.4729    1.7586   -0.0454
    0.5271    1.7586   -0.0425    0.5809    1.7586   -0.0392
    0.6338    1.7586   -0.0355    0.6851    1.7586   -0.0315
    0.7342    1.7586   -0.0274    0.7806    1.7586   -0.0232
    0.8237    1.7586   -0.0192    0.8630    1.7586   -0.0152
    0.8980    1.7586   -0.0116    0.9284    1.7586   -0.0083
    0.9538    1.7586   -0.0054    0.9738    1.7586   -0.0031
    0.9883    1.7586   -0.0014    0.9971    1.7586   -0.0004
    1.0000    1.7586    0.0000
    1.0000    1.8621    0.0000    0.9971    1.8621    0.0004
    0.9883    1.8621    0.0014    0.9738    1.8621    0.0031
    0.9538    1.8621    0.0054    0.9284    1.8621    0.0083
    0.8980    1.8621    0.0116    0.8630    1.8621    0.0152
    0.8237    1.8621    0.0192    0.7806    1.8621    0.0232
    0.7342    1.8621    0.0274    0.6851    1.8621    0.0315
    0.6338    1.8621    0.0355    0.5809    1.8621    0.0392
    0.5271    1.8621    0.0425    0.4729    1.8621    0.0454
    0.4191    1.8621    0.0477    0.3662    1.8621    0.0492
    0.3149    1.8621    0.0500    0.2658    1.8621    0.0498
    0.2194    1.8621    0.0486    0.1763    1.8621    0.0465
    0.1370    1.8621    0.0434    0.1020    1.8621    0.0393
    0.0716    1.8621    0.0344    0.0462    1.8621    0.0286
    0.0262    1.8621    0.0222    0.0117    1.8621    0.0153
    0.0029    1.8621    0.0079    0.0000    1.8621    0.0000
    0.0029    1.8621   -0.0079    0.0117    1.8621   -0.0153
    0.0262    1.8621   -0.0222    0.0462    1.8621   -0.0286
    0.0716    1.8621   -0.0344    0.1020    1.8621   -0.0393
    0.1370    1.8621   -0.0434    0.1763    1.8621   -0.0465
    0.2194    1.8621   -0.0486    0.2658    1.8621   -0.0498
    0.3149    1.8621   -0.0500    0.3662    1.8621   -0.0492
    0.4191    1.8621   -0.0477    0.4729    1.8621   -0.0454
    0.5271    1.8621   -0.0425    0.5809    1.8621   -0.0392
    0.6338    1.8621   -0.0355    0.6851    1.8621   -0.0315
    0.7342    1.8621   -0.0274    0.7806    1.8621   -0.0232
    0.8237    1.8621   -0.0192    0.8630    1.8621   -0.0152
    0.8980    1.8621   -0.0116    0.9284    1.8621   -0.0083
    0.9538    1.8621   -0.0054    0.9738    1.8621   -0.0031
    0.9883    1.8621   -0.0014    0.9971    1.8621   -0.0004
    1.0000    1.8621    0.0000
    1.0000    1.9655    0.0000    0.9971    1.9655    0.0004
    0.9883    1.9655    0.0014    0.9738    1.9655    0.0031
    0.9538    1.9655    0.0054    0.9284    1.9655    0.0083
    0.8980    1.9655    0.0116    0.8630    1.9655    0.0152
    0.8237    1.9655    0.0192    0.7806    1.9655    0.0232
    0.7342    1.9655    0.0274    0.6851    1.9655    0.0315
    0.6338    1.9655    0.0355    0.5809    1.9655    0.0392
    0.5271    1.9655    0.0425    0.4729    1.9655    0.0454
    0.4191    1.9655    0.0477    0.3662    1.9655    0.0492
    0.3149    1.9655    0.0500    0.2658    1.9655    0.0498
    0.2194    1.9655    0.0486    0.1763    1.9655    0.0465
    0.1370    1.9655    0.0434    0.1020    1.9655    0.0393
    0.0716    1.9655    0.0344    0.0462    1.9655    0.0286
    0.0262    1.9655    0.0222    0.0117    1.9655    0.0153
    0.0029    1.9655    0.0079    0.0000    1.9655    0.0000
    0.0029    1.9655   -0.0079    0.0117    1.9655   -0.0153
    0.0262    1.9655   -0.0222    0.0462    1.9655   -0.0286
    0.0716    1.9655   -0.0344    0.1020    1.9655   -0.0393
    0.1370    1.9655   -0.0434    0.1763    1.9655   -0.0465
    0.2194    1.9655   -0.0486    0.2658    1.9655   -0.0498
    0.3149    1.9655   -0.0500    0.3662    1.9655   -0.0492
    0.4191    1.9655   -0.0477    0.4729    1.9655   -0.0454
    0.5271    1.9655   -0.0425    0.5809    1.9655   -0.0392
    0.6338    1.9655   -0.0355    0.6851    1.9655   -0.0315
    0.7342    1.9655   -0.0274    0.7806    1.9655   -0.0232
    0.8237    1.9655   -0.0192    0.8630    1.9655   -0.0152
    0.8980    1.9655   -0.0116    0.9284    1.9655   -0.0083
    0.9538    1.9655   -0.0054    0.9738    1.9655   -0.0031
    0.9883    1.9655   -0.0014    0.9971    1.9655   -0.0004
    1.0000    1.9655    0.0000
    1.0000    2.0690    0.0000    0.9971    2.0690    0.0004
    0.9883    2.0690    0.0014    0.9738    2.0690    0.0031
    0.9538    2.0690    0.0054    0.9284    2.0690    0.0083
    0.8980    2.0690    0.0116    0.8630    2.0690    0.0152
    0.8237    2.0690    0.0192    0.7806    2.0690    0.0232
    0.7342    2.0690    0.0274    0.6851    2.0690    0.0315
    0.6338    2.0690    0.0355    0.5809    2.0690    0.0392
    0.5271    2.0690    0.0425    0.4729    2.0690    0.0454
    0.4191    2.0690    0.0477    0.3662    2.0690    0.0492
    0.3149    2.0690    0.0500    0.2658    2.0690    0.0498
    0.2194    2.0690    0.0486    0.1763    2.0690    0.0465
    0.1370    2.0690    0.0434    0.1020    2.0690    0.0393
    0.0716    2.0690    0.0344    0.0462    2.0690    0.0286
    0.0262    2.0690    0.0222    0.0117    2.0690    0.0153
    0.0029    2.0690    0.0079    0.0000    2.0690    0.0000
    0.0029    2.0690   -0.0079    0.0117    2.0690   -0.0153
    0.0262    2.0690   -0.0222    0.0462    2.0690   -0.0286
    0.0716    2.0690   -0.0344    0.1020    2.0690   -0.0393
    0.1370    2.0690   -0.0434    0.1763    2.0690   -0.0465
    0.2194    2.0690   -0.0486    0.2658    2.0690   -0.0498
    0.3149    2.0690   -0.0500    0.3662    2.0690   -0.0492
    0.4191    2.0690   -0.0477    0.4729    2.0690   -0.0454
    0.5271    2.0690   -0.0425    0.5809    2.0690   -0.0392
    0.6338    2.0690   -0.0355    0.6851    2.0690   -0.0315
    0.7342    2.0690   -0.0274    0.7806    2.0690   -0.0232
    0.8237    2.0690   -0.0192    0.8630    2.0690   -0.0152
    0.8980    2.0690   -0.0116    0.9284    2.0690   -0.0083
    0.9538    2.0690   -0.0054    0.9738    2.0690   -0.0031
    0.9883    2.0690   -0.0014    0.9971    2.0690   -0.0004
    1.0000    2.0690    0.0000
    1.0000    2.1724    0.0000    0.9971    2.1724    0.0004
    0.9883    2.1724    0.0014    0.9738    2.1724    0.0031
    0.9538    2.1724    0.0054    0.9284    2.1724    0.0083
    0.8980    2.1724    0.0116    0.8630    2.1724    0.0152
    0.8237    2.1724    0.0192    0.7806    2.1724    0.0232
    0.7342    2.1724    0.0274    0.6851    2.1724    0.0315
    0.6338    2.1724    0.0355    0.5809    2.1724    0.0392
    0.5271    2.1724    0.0425    0.4729    2.1724    0.0454
    0.4191    2.1724    0.0477    0.3662    2.1724    0.0492
    0.3149    2.1724    0.0500    0.2658    2.1724    0.0498
    0.2194    2.1724    0.0486    0.1763    2.1724    0.0465
    0.1370    2.1724    0.0434    0.1020    2.1724    0.0393
    0.0716    2.1724    0.0344    0.0462    2.1724    0.0286
    0.0262    2.1724    0.0222    0.0117    2.1724    0.0153
    0.0029    2.1724    0.0079    0.0000    2.1724    0.0000
    0.0029    2.1724   -0.0079    0.0117    2.1724   -0.0153
    0.0262    2.1724   -0.0222    0.0462    2.1724   -0.0286
    0.0716    2.1724   -0.0344    0.1020    2.1724   -0.0393
    0.1370    2.1724   -0.0434    0.1763    2.1724   -0.0465
    0.2194    2.1724   -0.0486    0.2658    2.1724   -0.0498
    0.3149    2.1724   -0.0500    0.3662    2.1724   -0.0492
    0.4191    2.1724   -0.0477    0.4729    2.1724   -0.0454
    0.5271    2.1724   -0.0425    0.5809    2.1724   -0.0392
    0.6338    2.1724   -0.0355    0.6851    2.1724   -0.0315
    0.7342    2.1724   -0.0274    0.7806    2.1724   -0.0232
    0.8237    2.1724   -0.0192    0.8630    2.1724   -0.0152
    0.8980    2.1724   -0.0116    0.9284    2.1724   -0.0083
    0.9538    2.1724   -0.0054    0.9738    2.1724   -0.0031
    0.9883    2.1724   -0.0014    0.9971    2.1724   -0.0004
    1.0000    2.1724    0.0000
    1.0000    2.2759    0.0000    0.9971    2.2759    0.0004
    0.9883    2.2759    0.0014    0.9738    2.2759    0.0031
    0.9538    2.2759    0.0054    0.9284    2.2759    0.0083
    0.8980    2.2759    0.0116    0.8630    2.2759    0.0152
    0.8237    2.2759    0.0192    0.7806    2.2759    0.0232
    0.7342    2.2759    0.0274    0.6851    2.2759    0.0315
    0.6338    2.2759    0.0355    0.5809    2.2759    0.0392
    0.5271    2.2759    0.0425    0.4729    2.2759    0.0454
    0.4191    2.2759    0.0477    0.3662    2.2759    0.0492
    0.3149    2.2759    0.0500    0.2658    2.2759    0.0498
    0.2194    2.2759    0.0486    0.1763    2.2759    0.0465
    0.1370    2.2759    0.0434    0.1020    2.2759    0.0393
    0.0716    2.2759    0.0344    0.0462    2.2759    0.0286
    0.0262    2.2759    0.0222    0.0117    2.2759    0.0153
    0.0029    2.2759    0.0079    0.0000    2.2759    0.0000
    0.0029    2.2759   -0.0079    0.0117    2.2759   -0.0153
    0.0262    2.2759   -0.0222    0.0462    2.2759   -0.0286
    0.0716    2.2759   -0.0344    0.1020    2.2759   -0.0393
    0.1370    2.2759   -0.0434    0.1763    2.2759   -0.0465
    0.2194    2.2759   -0.0486    0.2658    2.2759   -0.0498
    0.3149    2.2759   -0.0500    0.3662    2.2759   -0.0492
    0.4191    2.2759   -0.0477    0.4729    2.2759   -0.0454
    0.5271    2.2759   -0.0425    0.5809    2.2759   -0.0392
    0.6338    2.2759   -0.0355    0.6851    2.2759   -0.0315
    0.7342    2.2759   -0.0274    0.7806    2.2759   -0.0232
    0.8237    2.2759   -0.0192    0.8630    2.2759   -0.0152
    0.8980    2.2759   -0.0116    0.9284    2.2759   -0.0083
    0.9538    2.2759   -0.0054    0.9738    2.2759   -0.0031
    0.9883    2.2759   -0.0014    0.9971    2.2759   -0.0004
    1.0000    2.2759    0.0000
    1.0000    2.3793    0.0000    0.9971    2.3793    0.0004
    0.9883    2.3793    0.0014    0.9738    2.3793    0.0031
    0.9538    2.3793    0.0054    0.9284    2.3793    0.0083
    0.8980    2.3793    0.0116    0.8630    2.3793    0.0152
    0.8237    2.3793    0.0192    0.7806    2.3793    0.0232
    0.7342    2.3793    0.0274    0.6851    2.3793    0.0315
    0.6338    2.3793    0.0355    0.5809    2.3793    0.0392
    0.5271    2.3793    0.0425    0.4729    2.3793    0.0454
    0.4191    2.3793    0.0477    0.3662    2.3793    0.0492
    0.3149    2.3793    0.0500    0.2658    2.3793    0.0498
    0.2194    2.3793    0.0486    0.1763    2.3793    0.0465
    0.1370    2.3793    0.0434    0.1020    2.3793    0.0393
    0.0716    2.3793    0.0344    0.0462    2.3793    0.0286
    0.0262    2.3793    0.0222    0.0117    2.3793    0.0153
    0.0029    2.3793    0.0079    0.0000    2.3793    0.0000
    0.0029    2.3793   -0.0079    0.0117    2.3793   -0.0153
    0.0262    2.3793   -0.0222    0.0462    2.3793   -0.0286
    0.0716    2.3793   -0.0344    0.1020    2.3793   -0.0393
    0.1370    2.3793   -0.0434    0.1763    2.3793   -0.0465
    0.2194    2.3793   -0.0486    0.2658    2.3793   -0.0498
    0.3149    2.3793   -0.0500    0.3662    2.3793   -0.0492
    0.4191    2.3793   -0.0477    0.4729    2.3793   -0.0454
    0.5271    2.3793   -0.0425    0.5809    2.3793   -0.0392
    0.6338    2.3793   -0.0355    0.6851    2.3793   -0.0315
    0.7342    2.3793   -0.0274    0.7806    2.3793   -0.0232
    0.8237    2.3793   -0.0192    0.8630    2.3793   -0.0152
    0.8980    2.3793   -0.0116    0.9284    2.3793   -0.0083
    0.9538    2.3793   -0.0054    0.9738    2.3793   -0.0031
    0.9883    2.3793   -0.0014    0.9971    2.3793   -0.0004
    1.0000    2.3793    0.0000
    1.0000    2.4828    0.0000    0.9971    2.4828    0.0004
    0.9883    2.4828    0.0014    0.9738    2.4828    0.0031
    0.9538    2.4828    0.0054    0.9284    2.4828    0.0083
    0.8980    2.4828    0.0116    0.8630    2.4828    0.0152
    0.8237    2.4828    0.0192    0.7806    2.4828    0.0232
    0.7342    2.4828    0.0274    0.6851    2.4828    0.0315
    0.6338    2.4828    0.0355    0.5809    2.4828    0.0392
    0.5271    2.4828    0.0425    0.4729    2.4828    0.0454
    0.4191    2.4828    0.0477    0.3662    2.4828    0.0492
    0.3149    2.4828    0.0500    0.2658    2.4828    0.0498
    0.2194    2.4828    0.0486    0.1763    2.4828    0.0465
    0.1370    2.4828    0.0434    0.1020    2.4828    0.0393
    0.0716    2.4828    0.0344    0.0462    2.4828    0.0286
    0.0262    2.4828    0.0222    0.0117    2.4828    0.0153
    0.0029    2.4828    0.0079    0.0000    2.4828    0.0000
    0.0029    2.4828   -0.0079    0.0117    2.4828   -0.0153
    0.0262    2.4828   -0.0222    0.0462    2.4828   -0.0286
    0.0716    2.4828   -0.0344    0.1020    2.4828   -0.0393
    0.1370    2.4828   -0.0434    0.1763    2.4828   -0.0465
    0.2194    2.4828   -0.0486    0.2658    2.4828   -0.0498
    0.3149    2.4828   -0.0500    0.3662    2.4828   -0.0492
    0.4191    2.4828   -0.0477    0.4729    2.4828   -0.0454
    0.5271    2.4828   -0.0425    0.5809    2.4828   -0.0392
    0.6338    2.4828   -0.0355    0.6851    2.4828   -0.0315
    0.7342    2.4828   -0.0274    0.7806    2.4828   -0.0232
    0.8237    2.4828   -0.0192    0.8630    2.4828   -0.0152
    0.8980    2.4828   -0.0116    0.9284    2.4828   -0.0083
    0.9538    2.4828   -0.0054    0.9738    2.4828   -0.0031
    0.9883    2.4828   -0.0014    0.9971    2.4828   -0.0004
    1.0000    2.4828    0.0000
    1.0000    2.5862    0.0000    0.9971    2.5862    0.0004
    0.9883    2.5862    0.0014    0.9738    2.5862    0.0031
    0.9538    2.5862    0.0054    0.9284    2.5862    0.0083
    0.8980    2.5862    0.0116    0.8630    2.5862    0.0152
    0.8237    2.5862    0.0192    0.7806    2.5862    0.0232
    0.7342    2.5862    0.0274    0.6851    2.5862    0.0315
    0.6338    2.5862    0.0355    0.5809    2.5862    0.0392
    0.5271    2.5862    0.0425    0.4729    2.5862    0.0454
    0.4191    2.5862    0.0477    0.3662    2.5862    0.0492
    0.3149    2.5862    0.0500    0.2658    2.5862    0.0498
    0.2194    2.5862    0.0486    0.1763    2.5862    0.0465
    0.1370    2.5862    0.0434    0.1020    2.5862    0.0393
    0.0716    2.5862    0.0344    0.0462    2.5862    0.0286
    0.0262    2.5862    0.0222    0.0117    2.5862    0.0153
    0.0029    2.5862    0.0079    0.0000    2.5862    0.0000
    0.0029    2.5862   -0.0079    0.0117    2.5862   -0.0153
    0.0262    2.5862   -0.0222    0.0462    2.5862   -0.0286
    0.0716    2.5862   -0.0344    0.1020    2.5862   -0.0393
    0.1370    2.5862   -0.0434    0.1763    2.5862   -0.0465
    0.2194    2.5862   -0.0486    0.2658    2.5862   -0.0498
    0.3149    2.5862   -0.0500    0.3662    2.5862   -0.0492
    0.4191    2.5862   -0.0477    0.4729    2.5862   -0.0454
    0.5271    2.5862   -0.0425    0.5809    2.5862   -0.0392
    0.6338    2.5862   -0.0355    0.6851    2.5862   -0.0315
    0.7342    2.5862   -0.0274    0.7806    2.5862   -0.0232
    0.8237    2.5862   -0.0192    0.8630    2.5862   -0.0152
    0.8980    2.5862   -0.0116    0.9284    2.5862   -0.0083
    0.9538    2.5862   -0.0054    0.9738    2.5862   -0.0031
    0.9883    2.5862   -0.0014    0.9971    2.5862   -0.0004
    1.0000    2.5862    0.0000
    1.0000    2.6897    0.0000    0.9971    2.6897    0.0004
    0.9883    2.6897    0.0014    0.9738    2.6897    0.0031
    0.9538    2.6897    0.0054    0.9284    2.6897    0.0083
    0.8980    2.6897    0.0116    0.8630    2.6897    0.0152
    0.8237    2.6897    0.0192    0.7806    2.6897    0.0232
    0.7342    2.6897    0.0274    0.6851    2.6897    0.0315
    0.6338    2.6897    0.0355    0.5809    2.6897    0.0392
    0.5271    2.6897    0.0425    0.4729    2.6897    0.0454
    0.4191    2.6897    0.0477    0.3662    2.6897    0.0492
    0.3149    2.6897    0.0500    0.2658    2.6897    0.0498
    0.2194    2.6897    0.0486    0.1763    2.6897    0.0465
    0.1370    2.6897    0.0434    0.1020    2.6897    0.0393
    0.0716    2.6897    0.0344    0.0462    2.6897    0.0286
    0.0262    2.6897    0.0222    0.0117    2.6897    0.0153
    0.0029    2.6897    0.0079    0.0000    2.6897    0.0000
    0.0029    2.6897   -0.0079    0.0117    2.6897   -0.0153
    0.0262    2.6897   -0.0222    0.0462    2.6897   -0.0286
    0.0716    2.6897   -0.0344    0.1020    2.6897   -0.0393
    0.1370    2.6897   -0.0434    0.1763    2.6897   -0.0465
    0.2194    2.6897   -0.0486    0.2658    2.6897   -0.0498
    0.3149    2.6897   -0.0500    0.3662    2.6897   -0.0492
    0.4191    2.6897   -0.0477    0.4729    2.6897   -0.0454
    0.5271    2.6897   -0.0425    0.5809    2.6897   -0.0392
    0.6338    2.6897   -0.0355    0.6851    2.6897   -0.0315
    0.7342    2.6897   -0.0274    0.7806    2.6897   -0.0232
    0.8237    2.6897   -0.0192    0.8630    2.6897   -0.0152
    0.8980    2.6897   -0.0116    0.9284    2.6897   -0.0083
    0.9538    2.6897   -0.0054    0.9738    2.6897   -0.0031
    0.9883    2.6897   -0.0014    0.9971    2.6897   -0.0004
    1.0000    2.6897    0.0000
    1.0000    2.7931    0.0000    0.9971    2.7931    0.0004
    0.9883    2.7931    0.0014    0.9738    2.7931    0.0031
    0.9538    2.7931    0.0054    0.9284    2.7931    0.0083
    0.8980    2.7931    0.0116    0.8630    2.7931    0.0152
    0.8237    2.7931    0.0192    0.7806    2.7931    0.0232
    0.7342    2.7931    0.0274    0.6851    2.7931    0.0315
    0.6338    2.7931    0.0355    0.5809    2.7931    0.0392
    0.5271    2.7931    0.0425    0.4729    2.7931    0.0454
    0.4191    2.7931    0.0477    0.3662    2.7931    0.0492
    0.3149    2.7931    0.0500    0.2658    2.7931    0.0498
    0.2194    2.7931    0.0486    0.1763    2.7931    0.0465
    0.1370    2.7931    0.0434    0.1020    2.7931    0.0393
    0.0716    2.7931    0.0344    0.0462    2.7931    0.0286
    0.0262    2.7931    0.0222    0.0117    2.7931    0.0153
    0.0029    2.7931    0.0079    0.0000    2.7931    0.0000
    0.0029    2.7931   -0.0079    0.0117    2.7931   -0.0153
    0.0262    2.7931   -0.0222    0.0462    2.7931   -0.0286
    0.0716    2.7931   -0.0344    0.1020    2.7931   -0.0393
    0.1370    2.7931   -0.0434    0.1763    2.7931   -0.0465
    0.2194    2.7931   -0.0486    0.2658    2.7931   -0.0498
    0.3149    2.7931   -0.0500    0.3662    2.7931   -0.0492
    0.4191    2.7931   -0.0477    0.4729    2.7931   -0.0454
    0.5271    2.7931   -0.0425    0.5809    2.7931   -0.0392
    0.6338    2.7931   -0.0355    0.6851    2.7931   -0.0315
    0.7342    2.7931   -0.0274    0.7806    2.7931   -0.0232
    0.8237    2.7931   -0.0192    0.8630    2.7931   -0.0152
    0.8980    2.7931   -0.0116    0.9284    2.7931   -0.0083
    0.9538    2.7931   -0.0054    0.9738    2.7931   -0.0031
    0.9883    2.7931   -0.0014    0.9971    2.7931   -0.0004
    1.0000    2.7931    0.0000
    1.0000    2.8966    0.0000    0.9971    2.8966    0.0004
    0.9883    2.8966    0.0014    0.9738    2.8966    0.0031
    0.9538    2.8966    0.0054    0.9284    2.8966    0.0083
    0.8980    2.8966    0.0116    0.8630    2.8966    0.0152
    0.8237    2.8966    0.0192    0.7806    2.8966    0.0232
    0.7342    2.8966    0.0274    0.6851    2.8966    0.0315
    0.6338    2.8966    0.0355    0.5809    2.8966    0.0392
    0.5271    2.8966    0.0425    0.4729    2.8966    0.0454
    0.4191    2.8966    0.0477    0.3662    2.8966    0.0492
    0.3149    2.8966    0.0500    0.2658    2.8966    0.0498
    0.2194    2.8966    0.0486    0.1763    2.8966    0.0465
    0.1370    2.8966    0.0434    0.1020    2.8966    0.0393
    0.0716    2.8966    0.0344    0.0462    2.8966    0.0286
    0.0262    2.8966    0.0222    0.0117    2.8966    0.0153
    0.0029    2.8966    0.0079    0.0000    2.8966    0.0000
    0.0029    2.8966   -0.0079    0.0117    2.8966   -0.0153
    0.0262    2.8966   -0.0222    0.0462    2.8966   -0.0286
    0.0716    2.8966   -0.0344    0.1020    2.8966   -0.0393
    0.1370    2.8966   -0.0434    0.1763    2.8966   -0.0465
    0.2194    2.8966   -0.0486    0.2658    2.8966   -0.0498
    0.3149    2.8966   -0.0500    0.3662    2.8966   -0.0492
    0.4191    2.8966   -0.0477    0.4729    2.8966   -0.0454
    0.5271    2.8966   -0.0425    0.5809    2.8966   -0.0392
    0.6338    2.8966   -0.0355    0.6851    2.8966   -0.0315
    0.7342    2.8966   -0.0274    0.7806    2.8966   -0.0232
    0.8237    2.8966   -0.0192    0.8630    2.8966   -0.0152
    0.8980    2.8966   -0.0116    0.9284    2.8966   -0.0083
    0.9538    2.8966   -0.0054    0.9738    2.8966   -0.0031
    0.9883    2.8966   -0.0014    0.9971    2.8966   -0.0004
    1.0000    2.8966    0.0000
    1.0000    3.0000    0.0000    0.9971    3.0000    0.0004
    0.9883    3.0000    0.0014    0.9738    3.0000    0.0031
    0.9538    3.0000    0.0054    0.9284    3.0000    0.0083
    0.8980    3.0000    0.0116    0.8630    3.0000    0.0152
    0.8237    3.0000    0.0192    0.7806    3.0000    0.0232
    0.7342    3.0000    0.0274    0.6851    3.0000    0.0315
    0.6338    3.0000    0.0355    0.5809    3.0000    0.0392
    0.5271    3.0000    0.0425    0.4729    3.0000    0.0454
    0.4191    3.0000    0.0477    0.3662    3.0000    0.0492
    0.3149    3.0000    0.0500    0.2658    3.0000    0.0498
    0.2194    3.0000    0.0486    0.1763    3.0000    0.0465
    0.1370    3.0000    0.0434    0.1020    3.0000    0.0393
    0.0716    3.0000    0.0344    0.0462    3.0000    0.0286
    0.0262    3.0000    0.0222    0.0117    3.0000    0.0153
    0.0029    3.0000    0.0079    0.0000    3.0000    0.0000
    0.0029    3.0000   -0.0079    0.0117    3.0000   -0.0153
    0.0262    3.0000   -0.0222    0.0462    3.0000   -0.0286
    0.0716    3.0000   -0.0344    0.1020    3.0000   -0.0393
    0.1370    3.0000   -0.0434    0.1763    3.0000   -0.0465
    0.2194    3.0000   -0.0486    0.2658    3.0000   -0.0498
    0.3149    3.0000   -0.0500    0.3662    3.0000   -0.0492
    0.4191    3.0000   -0.0477    0.4729    3.0000   -0.0454
    0.5271    3.0000   -0.0425    0.5809    3.0000   -0.0392
    0.6338    3.0000   -0.0355    0.6851    3.0000   -0.0315
    0.7342    3.0000   -0.0274    0.7806    3.0000   -0.0232
    0.8237    3.0000   -0.0192    0.8630    3.0000   -0.0152
    0.8980    3.0000   -0.0116    0.9284    3.0000   -0.0083
    0.9538    3.0000   -0.0054    0.9738    3.0000   -0.0031
    0.9883    3.0000   -0.0014    0.9971    3.0000   -0.0004
    1.0000    3.0000    0.0000
$POINTS for network #  2   wingtip                                           
       1.0
       1.0                                     0.0       0.0
      30.0       8.0                                                  wingtip   
    1.0000    3.0000    0.0000    0.9971    3.0000    0.0004
    0.9883    3.0000    0.0014    0.9738    3.0000    0.0031
    0.9538    3.0000    0.0054    0.9284    3.0000    0.0083
    0.8980    3.0000    0.0116    0.8630    3.0000    0.0152
    0.8237    3.0000    0.0192    0.7806    3.0000    0.0232
    0.7342    3.0000    0.0274    0.6851    3.0000    0.0315
    0.6338    3.0000    0.0355    0.5809    3.0000    0.0392
    0.5271    3.0000    0.0425    0.4729    3.0000    0.0454
    0.4191    3.0000    0.0477    0.3662    3.0000    0.0492
    0.3149    3.0000    0.0500    0.2658    3.0000    0.0498
    0.2194    3.0000    0.0486    0.1763    3.0000    0.0465
    0.1370    3.0000    0.0434    0.1020    3.0000    0.0393
    0.0716    3.0000    0.0344    0.0462    3.0000    0.0286
    0.0262    3.0000    0.0222    0.0117    3.0000    0.0153
    0.0029    3.0000    0.0079    0.0000    3.0000    0.0000
    1.0000    3.0000    0.0000    0.9971    3.0002    0.0003
    0.9883    3.0006    0.0013    0.9738    3.0014    0.0028
    0.9538    3.0024    0.0049    0.9284    3.0036    0.0075
    0.8980    3.0050    0.0104    0.8630    3.0066    0.0137
    0.8237    3.0083    0.0173    0.7806    3.0101    0.0209
    0.7342    3.0119    0.0247    0.6851    3.0137    0.0284
    0.6338    3.0154    0.0320    0.5809    3.0170    0.0353
    0.5271    3.0185    0.0383    0.4729    3.0197    0.0409
    0.4191    3.0207    0.0430    0.3662    3.0214    0.0444
    0.3149    3.0217    0.0450    0.2658    3.0216    0.0449
    0.2194    3.0211    0.0438    0.1763    3.0202    0.0419
    0.1370    3.0188    0.0391    0.1020    3.0170    0.0354
    0.0716    3.0149    0.0310    0.0462    3.0124    0.0258
    0.0262    3.0097    0.0200    0.0117    3.0066    0.0138
    0.0029    3.0034    0.0071    0.0000    3.0000    0.0000
    1.0000    3.0000    0.0000    0.9971    3.0003    0.0002
    0.9883    3.0011    0.0009    0.9738    3.0024    0.0019
    0.9538    3.0042    0.0034    0.9284    3.0065    0.0052
    0.8980    3.0091    0.0072    0.8630    3.0119    0.0095
    0.8237    3.0150    0.0119    0.7806    3.0182    0.0145
    0.7342    3.0214    0.0171    0.6851    3.0246    0.0196
    0.6338    3.0277    0.0221    0.5809    3.0306    0.0244
    0.5271    3.0333    0.0265    0.4729    3.0355    0.0283
    0.4191    3.0373    0.0297    0.3662    3.0385    0.0307
    0.3149    3.0391    0.0312    0.2658    3.0389    0.0310
    0.2194    3.0380    0.0303    0.1763    3.0363    0.0290
    0.1370    3.0339    0.0270    0.1020    3.0307    0.0245
    0.0716    3.0269    0.0214    0.0462    3.0224    0.0179
    0.0262    3.0174    0.0139    0.0117    3.0120    0.0095
    0.0029    3.0061    0.0049    0.0000    3.0000    0.0000
    1.0000    3.0000    0.0000    0.9971    3.0003    0.0001
    0.9883    3.0014    0.0003    0.9738    3.0030    0.0007
    0.9538    3.0053    0.0012    0.9284    3.0081    0.0018
    0.8980    3.0113    0.0026    0.8630    3.0149    0.0034
    0.8237    3.0187    0.0043    0.7806    3.0227    0.0052
    0.7342    3.0267    0.0061    0.6851    3.0307    0.0070
    0.6338    3.0346    0.0079    0.5809    3.0382    0.0087
    0.5271    3.0415    0.0095    0.4729    3.0443    0.0101
    0.4191    3.0465    0.0106    0.3662    3.0480    0.0110
    0.3149    3.0487    0.0111    0.2658    3.0485    0.0111
    0.2194    3.0474    0.0108    0.1763    3.0453    0.0103
    0.1370    3.0423    0.0096    0.1020    3.0383    0.0087
    0.0716    3.0335    0.0076    0.0462    3.0279    0.0064
    0.0262    3.0217    0.0050    0.0117    3.0149    0.0034
    0.0029    3.0077    0.0017    0.0000    3.0000    0.0000
    1.0000    3.0000    0.0000    0.9971    3.0003   -0.0001
    0.9883    3.0014   -0.0003    0.9738    3.0030   -0.0007
    0.9538    3.0053   -0.0012    0.9284    3.0081   -0.0018
    0.8980    3.0113   -0.0026    0.8630    3.0149   -0.0034
    0.8237    3.0187   -0.0043    0.7806    3.0227   -0.0052
    0.7342    3.0267   -0.0061    0.6851    3.0307   -0.0070
    0.6338    3.0346   -0.0079    0.5809    3.0382   -0.0087
    0.5271    3.0415   -0.0095    0.4729    3.0443   -0.0101
    0.4191    3.0465   -0.0106    0.3662    3.0480   -0.0110
    0.3149    3.0487   -0.0111    0.2658    3.0485   -0.0111
    0.2194    3.0474   -0.0108    0.1763    3.0453   -0.0103
    0.1370    3.0423   -0.0096    0.1020    3.0383   -0.0087
    0.0716    3.0335   -0.0076    0.0462    3.0279   -0.0064
    0.0262    3.0217   -0.0050    0.0117    3.0149   -0.0034
    0.0029    3.0077   -0.0017    0.0000    3.0000    0.0000
    1.0000    3.0000    0.0000    0.9971    3.0003   -0.0002
    0.9883    3.0011   -0.0009    0.9738    3.0024   -0.0019
    0.9538    3.0042   -0.0034    0.9284    3.0065   -0.0052
    0.8980    3.0091   -0.0072    0.8630    3.0119   -0.0095
    0.8237    3.0150   -0.0119    0.7806    3.0182   -0.0145
    0.7342    3.0214   -0.0171    0.6851    3.0246   -0.0196
    0.6338    3.0277   -0.0221    0.5809    3.0306   -0.0244
    0.5271    3.0333   -0.0265    0.4729    3.0355   -0.0283
    0.4191    3.0373   -0.0297    0.3662    3.0385   -0.0307
    0.3149    3.0391   -0.0312    0.2658    3.0389   -0.0310
    0.2194    3.0380   -0.0303    0.1763    3.0363   -0.0290
    0.1370    3.0339   -0.0270    0.1020    3.0307   -0.0245
    0.0716    3.0269   -0.0214    0.0462    3.0224   -0.0179
    0.0262    3.0174   -0.0139    0.0117    3.0120   -0.0095
    0.0029    3.0061   -0.0049    0.0000    3.0000    0.0000
    1.0000    3.0000    0.0000    0.9971    3.0002   -0.0003
    0.9883    3.0006   -0.0013    0.9738    3.0014   -0.0028
    0.9538    3.0024   -0.0049    0.9284    3.0036   -0.0075
    0.8980    3.0050   -0.0104    0.8630    3.0066   -0.0137
    0.8237    3.0083   -0.0173    0.7806    3.0101   -0.0209
    0.7342    3.0119   -0.0247    0.6851    3.0137   -0.0284
    0.6338    3.0154   -0.0320    0.5809    3.0170   -0.0353
    0.5271    3.0185   -0.0383    0.4729    3.0197   -0.0409
    0.4191    3.0207   -0.0430    0.3662    3.0214   -0.0444
    0.3149    3.0217   -0.0450    0.2658    3.0216   -0.0449
    0.2194    3.0211   -0.0438    0.1763    3.0202   -0.0419
    0.1370    3.0188   -0.0391    0.1020    3.0170   -0.0354
    0.0716    3.0149   -0.0310    0.0462    3.0124   -0.0258
    0.0262    3.0097   -0.0200    0.0117    3.0066   -0.0138
    0.0029    3.0034   -0.0071    0.0000    3.0000    0.0000
    1.0000    3.0000    0.0000    0.9971    3.0000   -0.0004
    0.9883    3.0000   -0.0014    0.9738    3.0000   -0.0031
    0.9538    3.0000   -0.0054    0.9284    3.0000   -0.0083
    0.8980    3.0000   -0.0116    0.8630    3.0000   -0.0152
    0.8237    3.0000   -0.0192    0.7806    3.0000   -0.0232
    0.7342    3.0000   -0.0274    0.6851    3.0000   -0.0315
    0.6338    3.0000   -0.0355    0.5809    3.0000   -0.0392
    0.5271    3.0000   -0.0425    0.4729    3.0000   -0.0454
    0.4191    3.0000   -0.0477    0.3662    3.0000   -0.0492
    0.3149    3.0000   -0.0500    0.2658    3.0000   -0.0498
    0.2194    3.0000   -0.0486    0.1763    3.0000   -0.0465
    0.1370    3.0000   -0.0434    0.1020    3.0000   -0.0393
    0.0716    3.0000   -0.0344    0.0462    3.0000   -0.0286
    0.0262    3.0000   -0.0222    0.0117    3.0000   -0.0153
    0.0029    3.0000   -0.0079    0.0000    3.0000    0.0000
$POINTS for network #  3   wingwake                                          
       1.0
      18.0                                     0.0       0.0
       2.0      30.0                                                  wingwake  
    1.0000    0.0000    0.0000   50.0000    0.0000    0.0000
    1.0000    0.1034    0.0000   50.0000    0.1034    0.0000
    1.0000    0.2069    0.0000   50.0000    0.2069    0.0000
    1.0000    0.3103    0.0000   50.0000    0.3103    0.0000
    1.0000    0.4138    0.0000   50.0000    0.4138    0.0000
    1.0000    0.5172    0.0000   50.0000    0.5172    0.0000
    1.0000    0.6207    0.0000   50.0000    0.6207    0.0000
    1.0000    0.7241    0.0000   50.0000    0.7241    0.0000
    1.0000    0.8276    0.0000   50.0000    0.8276    0.0000
    1.0000    0.9310    0.0000   50.0000    0.9310    0.0000
    1.0000    1.0345    0.0000   50.0000    1.0345    0.0000
    1.0000    1.1379    0.0000   50.0000    1.1379    0.0000
    1.0000    1.2414    0.0000   50.0000    1.2414    0.0000
    1.0000    1.3448    0.0000   50.0000    1.3448    0.0000
    1.0000    1.4483    0.0000   50.0000    1.4483    0.0000
    1.0000    1.5517    0.0000   50.0000    1.5517    0.0000
    1.0000    1.6552    0.0000   50.0000    1.6552    0.0000
    1.0000    1.7586    0.0000   50.0000    1.7586    0.0000
    1.0000    1.8621    0.0000   50.0000    1.8621    0.0000
    1.0000    1.9655    0.0000   50.0000    1.9655    0.0000
    1.0000    2.0690    0.0000   50.0000    2.0690    0.0000
    1.0000    2.1724    0.0000   50.0000    2.1724    0.0000
    1.0000    2.2759    0.0000   50.0000    2.2759    0.0000
    1.0000    2.3793    0.0000   50.0000    2.3793    0.0000
    1.0000    2.4828    0.0000   50.0000    2.4828    0.0000
    1.0000    2.5862    0.0000   50.0000    2.5862    0.0000
    1.0000    2.6897    0.0000   50.0000    2.6897    0.0000
    1.0000    2.7931    0.0000   50.0000    2.7931    0.0000
    1.0000    2.8966    0.0000   50.0000    2.8966    0.0000
    1.0000    3.0000    0.0000   50.0000    3.0000    0.0000
$END OF INPUT DATA
