$TITLE    Created by panin, version 1.0 (4Jan2000) on                
INPUT FILE FOR PanAir (A502-ht2)                                                
Created by PANIN                                                                
$DATACHECK
    0.0000
$SYM
    1.0000    0.0000
$MACH NUMBER
    0.5000
$CASES
    1.0000
$ANGLES OF ATTACK
    0.0000
    7.4200
$YAW ANGLES
    0.0000
    0.0000
$REFERENCE DATA FOR 3-D FORCES AND MOMENTS
    0.2500    0.0000    0.0000    1.0000
    6.0000    6.0000    1.0000    6.0000
$PRINTOUT CONTROL
       0.0       0.0       0.0       0.0       0.0       0.0
       0.0       0.0       0.0       0.0       0.0       0.0
$EAT
  0.000000       0.0       0.0       0.0       0.0       0.0
$VELOCITY CORRECTION
    0.0000
$POINTS for network #  1   wing                                              
       1.0
       1.0                                     0.0       0.0
      59.0      30.0                                                  wing      
    1.0000    0.0000    0.0000    0.9971    0.0000    0.0004
    0.9883    0.0000    0.0014    0.9738    0.0000    0.0031
    0.9538    0.0000    0.0054    0.9284    0.0000    0.0083
    0.8980    0.0000    0.0116    0.8630    0.0000    0.0152
    0.8237    0.0000    0.0192    0.7806    0.0000    0.0232
    0.7342    0.0000    0.0274    0.6851    0.0000    0.0315
    0.6338    0.0000    0.0355    0.5809    0.0000    0.0392
    0.5271    0.0000    0.0425    0.4729    0.0000    0.0454
    0.4191    0.0000    0.0477    0.3662    0.0000    0.0492
    0.3149    0.0000    0.0500    0.2658    0.0000    0.0498
    0.2194    0.0000    0.0486    0.1763    0.0000    0.0465
    0.1370    0.0000    0.0434    0.1020    0.0000    0.0393
    0.0716    0.0000    0.0344    0.0462    0.0000    0.0286
    0.0262    0.0000    0.0222    0.0117    0.0000    0.0153
    0.0029    0.0000    0.0079    0.0000    0.0000    0.0000
    0.0029    0.0000   -0.0079    0.0117    0.0000   -0.0153
    0.0262    0.0000   -0.0222    0.0462    0.0000   -0.0286
    0.0716    0.0000   -0.0344    0.1020    0.0000   -0.0393
    0.1370    0.0000   -0.0434    0.1763    0.0000   -0.0465
    0.2194    0.0000   -0.0486    0.2658    0.0000   -0.0498
    0.3149    0.0000   -0.0500    0.3662    0.0000   -0.0492
    0.4191    0.0000   -0.0477    0.4729    0.0000   -0.0454
    0.5271    0.0000   -0.0425    0.5809    0.0000   -0.0392
    0.6338    0.0000   -0.0355    0.6851    0.0000   -0.0315
    0.7342    0.0000   -0.0274    0.7806    0.0000   -0.0232
    0.8237    0.0000   -0.0192    0.8630    0.0000   -0.0152
    0.8980    0.0000   -0.0116    0.9284    0.0000   -0.0083
    0.9538    0.0000   -0.0054    0.9738    0.0000   -0.0031
    0.9883    0.0000   -0.0014    0.9971    0.0000   -0.0004
    1.0000    0.0000    0.0000
    1.0000    0.1034    0.0000    0.9971    0.1034    0.0003
    0.9883    0.1034    0.0012    0.9738    0.1034    0.0027
    0.9537    0.1034    0.0047    0.9283    0.1034    0.0072
    0.8979    0.1034    0.0100    0.8628    0.1034    0.0132
    0.8234    0.1034    0.0165    0.7803    0.1034    0.0199
    0.7338    0.1034    0.0234    0.6846    0.1034    0.0267
    0.6333    0.1034    0.0299    0.5803    0.1034    0.0329
    0.5265    0.1034    0.0354    0.4723    0.1034    0.0374
    0.4185    0.1034    0.0389    0.3656    0.1034    0.0396
    0.3143    0.1034    0.0396    0.2651    0.1034    0.0387
    0.2188    0.1034    0.0368    0.1757    0.1034    0.0340
    0.1364    0.1034    0.0303    0.1015    0.1034    0.0257
    0.0712    0.1034    0.0203    0.0459    0.1034    0.0142
    0.0259    0.1034    0.0075    0.0116    0.1034    0.0003
    0.0029    0.1034   -0.0072    0.0001    0.1034   -0.0151
    0.0032    0.1034   -0.0229    0.0120    0.1034   -0.0302
    0.0266    0.1034   -0.0370    0.0468    0.1034   -0.0431
    0.0722    0.1034   -0.0484    0.1027    0.1034   -0.0529
    0.1378    0.1034   -0.0564    0.1771    0.1034   -0.0589
    0.2202    0.1034   -0.0604    0.2666    0.1034   -0.0609
    0.3158    0.1034   -0.0603    0.3671    0.1034   -0.0588
    0.4199    0.1034   -0.0565    0.4737    0.1034   -0.0534
    0.5278    0.1034   -0.0497    0.5815    0.1034   -0.0455
    0.6343    0.1034   -0.0410    0.6856    0.1034   -0.0363
    0.7346    0.1034   -0.0314    0.7810    0.1034   -0.0266
    0.8240    0.1034   -0.0218    0.8632    0.1034   -0.0173
    0.8982    0.1034   -0.0131    0.9286    0.1034   -0.0094
    0.9539    0.1034   -0.0061    0.9739    0.1034   -0.0035
    0.9883    0.1034   -0.0016    0.9971    0.1034   -0.0004
    1.0000    0.1034    0.0000
    1.0000    0.2069    0.0000    0.9971    0.2069    0.0003
    0.9883    0.2069    0.0012    0.9738    0.2069    0.0026
    0.9537    0.2069    0.0045    0.9283    0.2069    0.0069
    0.8978    0.2069    0.0096    0.8627    0.2069    0.0126
    0.8234    0.2069    0.0157    0.7802    0.2069    0.0190
    0.7337    0.2069    0.0222    0.6845    0.2069    0.0254
    0.6331    0.2069    0.0284    0.5802    0.2069    0.0311
    0.5263    0.2069    0.0334    0.4721    0.2069    0.0352
    0.4183    0.2069    0.0364    0.3654    0.2069    0.0369
    0.3141    0.2069    0.0367    0.2650    0.2069    0.0355
    0.2186    0.2069    0.0335    0.1756    0.2069    0.0305
    0.1363    0.2069    0.0266    0.1014    0.2069    0.0219
    0.0711    0.2069    0.0163    0.0458    0.2069    0.0101
    0.0259    0.2069    0.0034    0.0116    0.2069   -0.0039
    0.0030    0.2069   -0.0115    0.0002    0.2069   -0.0194
    0.0033    0.2069   -0.0272    0.0122    0.2069   -0.0345
    0.0268    0.2069   -0.0411    0.0469    0.2069   -0.0471
    0.0724    0.2069   -0.0524    0.1029    0.2069   -0.0567
    0.1380    0.2069   -0.0601    0.1774    0.2069   -0.0625
    0.2205    0.2069   -0.0638    0.2669    0.2069   -0.0640
    0.3160    0.2069   -0.0632    0.3673    0.2069   -0.0615
    0.4201    0.2069   -0.0589    0.4739    0.2069   -0.0556
    0.5280    0.2069   -0.0517    0.5817    0.2069   -0.0473
    0.6345    0.2069   -0.0426    0.6857    0.2069   -0.0376
    0.7348    0.2069   -0.0325    0.7811    0.2069   -0.0275
    0.8241    0.2069   -0.0226    0.8633    0.2069   -0.0179
    0.8983    0.2069   -0.0136    0.9286    0.2069   -0.0097
    0.9539    0.2069   -0.0063    0.9739    0.2069   -0.0036
    0.9883    0.2069   -0.0016    0.9971    0.2069   -0.0004
    1.0000    0.2069    0.0000
    1.0000    0.3103    0.0000    0.9971    0.3103    0.0003
    0.9883    0.3103    0.0011    0.9738    0.3103    0.0025
    0.9537    0.3103    0.0044    0.9283    0.3103    0.0067
    0.8978    0.3103    0.0093    0.8627    0.3103    0.0122
    0.8233    0.3103    0.0153    0.7801    0.3103    0.0184
    0.7337    0.3103    0.0215    0.6845    0.3103    0.0246
    0.6331    0.3103    0.0274    0.5801    0.3103    0.0300
    0.5262    0.3103    0.0321    0.4721    0.3103    0.0338
    0.4182    0.3103    0.0349    0.3653    0.3103    0.0353
    0.3140    0.3103    0.0349    0.2649    0.3103    0.0336
    0.2185    0.3103    0.0314    0.1755    0.3103    0.0284
    0.1363    0.3103    0.0244    0.1013    0.3103    0.0195
    0.0710    0.3103    0.0139    0.0458    0.3103    0.0077
    0.0259    0.3103    0.0008    0.0116    0.3103   -0.0065
    0.0030    0.3103   -0.0141    0.0002    0.3103   -0.0220
    0.0033    0.3103   -0.0298    0.0123    0.3103   -0.0370
    0.0269    0.3103   -0.0437    0.0471    0.3103   -0.0496
    0.0726    0.3103   -0.0548    0.1030    0.3103   -0.0590
    0.1382    0.3103   -0.0623    0.1775    0.3103   -0.0646
    0.2207    0.3103   -0.0658    0.2671    0.3103   -0.0659
    0.3162    0.3103   -0.0650    0.3675    0.3103   -0.0632
    0.4203    0.3103   -0.0605    0.4741    0.3103   -0.0570
    0.5281    0.3103   -0.0529    0.5819    0.3103   -0.0484
    0.6346    0.3103   -0.0435    0.6858    0.3103   -0.0384
    0.7349    0.3103   -0.0332    0.7812    0.3103   -0.0281
    0.8242    0.3103   -0.0230    0.8634    0.3103   -0.0182
    0.8983    0.3103   -0.0138    0.9286    0.3103   -0.0099
    0.9539    0.3103   -0.0064    0.9739    0.3103   -0.0037
    0.9883    0.3103   -0.0017    0.9971    0.3103   -0.0004
    1.0000    0.3103    0.0000
    1.0000    0.4138    0.0000    0.9971    0.4138    0.0003
    0.9883    0.4138    0.0011    0.9738    0.4138    0.0025
    0.9537    0.4138    0.0043    0.9283    0.4138    0.0066
    0.8978    0.4138    0.0092    0.8627    0.4138    0.0120
    0.8233    0.4138    0.0150    0.7801    0.4138    0.0180
    0.7336    0.4138    0.0211    0.6844    0.4138    0.0240
    0.6330    0.4138    0.0268    0.5801    0.4138    0.0292
    0.5262    0.4138    0.0313    0.4720    0.4138    0.0329
    0.4181    0.4138    0.0339    0.3652    0.4138    0.0342
    0.3139    0.4138    0.0337    0.2648    0.4138    0.0323
    0.2185    0.4138    0.0301    0.1754    0.4138    0.0269
    0.1362    0.4138    0.0228    0.1013    0.4138    0.0179
    0.0710    0.4138    0.0123    0.0458    0.4138    0.0060
    0.0259    0.4138   -0.0009    0.0116    0.4138   -0.0082
    0.0030    0.4138   -0.0158    0.0003    0.4138   -0.0238
    0.0034    0.4138   -0.0315    0.0123    0.4138   -0.0388
    0.0270    0.4138   -0.0454    0.0472    0.4138   -0.0513
    0.0727    0.4138   -0.0564    0.1031    0.4138   -0.0606
    0.1383    0.4138   -0.0639    0.1776    0.4138   -0.0661
    0.2208    0.4138   -0.0672    0.2672    0.4138   -0.0672
    0.3163    0.4138   -0.0662    0.3676    0.4138   -0.0643
    0.4204    0.4138   -0.0615    0.4742    0.4138   -0.0579
    0.5282    0.4138   -0.0538    0.5819    0.4138   -0.0491
    0.6347    0.4138   -0.0442    0.6859    0.4138   -0.0390
    0.7349    0.4138   -0.0337    0.7812    0.4138   -0.0284
    0.8242    0.4138   -0.0233    0.8634    0.4138   -0.0185
    0.8984    0.4138   -0.0140    0.9286    0.4138   -0.0100
    0.9539    0.4138   -0.0065    0.9739    0.4138   -0.0037
    0.9883    0.4138   -0.0017    0.9971    0.4138   -0.0004
    1.0000    0.4138    0.0000
    1.0000    0.5172    0.0000    0.9971    0.5172    0.0003
    0.9883    0.5172    0.0011    0.9738    0.5172    0.0025
    0.9537    0.5172    0.0043    0.9282    0.5172    0.0065
    0.8978    0.5172    0.0090    0.8627    0.5172    0.0118
    0.8233    0.5172    0.0147    0.7801    0.5172    0.0177
    0.7336    0.5172    0.0207    0.6844    0.5172    0.0236
    0.6330    0.5172    0.0263    0.5800    0.5172    0.0287
    0.5262    0.5172    0.0307    0.4720    0.5172    0.0322
    0.4181    0.5172    0.0331    0.3652    0.5172    0.0333
    0.3139    0.5172    0.0328    0.2648    0.5172    0.0314
    0.2184    0.5172    0.0291    0.1754    0.5172    0.0258
    0.1362    0.5172    0.0217    0.1013    0.5172    0.0168
    0.0710    0.5172    0.0111    0.0458    0.5172    0.0047
    0.0259    0.5172   -0.0021    0.0116    0.5172   -0.0095
    0.0030    0.5172   -0.0171    0.0003    0.5172   -0.0250
    0.0034    0.5172   -0.0328    0.0124    0.5172   -0.0400
    0.0270    0.5172   -0.0466    0.0472    0.5172   -0.0525
    0.0727    0.5172   -0.0576    0.1032    0.5172   -0.0618
    0.1384    0.5172   -0.0650    0.1777    0.5172   -0.0671
    0.2209    0.5172   -0.0682    0.2673    0.5172   -0.0682
    0.3164    0.5172   -0.0671    0.3677    0.5172   -0.0651
    0.4205    0.5172   -0.0622    0.4742    0.5172   -0.0586
    0.5283    0.5172   -0.0544    0.5820    0.5172   -0.0497
    0.6348    0.5172   -0.0446    0.6860    0.5172   -0.0394
    0.7350    0.5172   -0.0340    0.7812    0.5172   -0.0287
    0.8242    0.5172   -0.0236    0.8634    0.5172   -0.0187
    0.8984    0.5172   -0.0141    0.9287    0.5172   -0.0101
    0.9539    0.5172   -0.0066    0.9739    0.5172   -0.0038
    0.9883    0.5172   -0.0017    0.9971    0.5172   -0.0004
    1.0000    0.5172    0.0000
    1.0000    0.6207    0.0000    0.9971    0.6207    0.0003
    0.9883    0.6207    0.0011    0.9738    0.6207    0.0024
    0.9537    0.6207    0.0042    0.9282    0.6207    0.0064
    0.8978    0.6207    0.0089    0.8626    0.6207    0.0117
    0.8233    0.6207    0.0146    0.7801    0.6207    0.0175
    0.7336    0.6207    0.0205    0.6844    0.6207    0.0233
    0.6330    0.6207    0.0259    0.5800    0.6207    0.0283
    0.5261    0.6207    0.0302    0.4719    0.6207    0.0317
    0.4181    0.6207    0.0326    0.3652    0.6207    0.0327
    0.3139    0.6207    0.0321    0.2647    0.6207    0.0307
    0.2184    0.6207    0.0283    0.1754    0.6207    0.0251
    0.1362    0.6207    0.0209    0.1012    0.6207    0.0159
    0.0710    0.6207    0.0102    0.0458    0.6207    0.0038
    0.0259    0.6207   -0.0031    0.0116    0.6207   -0.0104
    0.0031    0.6207   -0.0181    0.0003    0.6207   -0.0260
    0.0035    0.6207   -0.0338    0.0124    0.6207   -0.0410
    0.0271    0.6207   -0.0476    0.0473    0.6207   -0.0534
    0.0728    0.6207   -0.0585    0.1033    0.6207   -0.0626
    0.1384    0.6207   -0.0658    0.1778    0.6207   -0.0679
    0.2209    0.6207   -0.0689    0.2673    0.6207   -0.0688
    0.3165    0.6207   -0.0678    0.3677    0.6207   -0.0657
    0.4205    0.6207   -0.0628    0.4743    0.6207   -0.0591
    0.5283    0.6207   -0.0548    0.5821    0.6207   -0.0501
    0.6348    0.6207   -0.0450    0.6860    0.6207   -0.0397
    0.7350    0.6207   -0.0343    0.7813    0.6207   -0.0289
    0.8243    0.6207   -0.0237    0.8634    0.6207   -0.0188
    0.8984    0.6207   -0.0142    0.9287    0.6207   -0.0101
    0.9539    0.6207   -0.0066    0.9739    0.6207   -0.0038
    0.9884    0.6207   -0.0017    0.9971    0.6207   -0.0004
    1.0000    0.6207    0.0000
    1.0000    0.7241    0.0000    0.9971    0.7241    0.0003
    0.9883    0.7241    0.0011    0.9738    0.7241    0.0024
    0.9537    0.7241    0.0042    0.9282    0.7241    0.0064
    0.8978    0.7241    0.0089    0.8626    0.7241    0.0116
    0.8232    0.7241    0.0144    0.7801    0.7241    0.0174
    0.7336    0.7241    0.0203    0.6843    0.7241    0.0231
    0.6329    0.7241    0.0257    0.5800    0.7241    0.0280
    0.5261    0.7241    0.0299    0.4719    0.7241    0.0313
    0.4180    0.7241    0.0322    0.3651    0.7241    0.0323
    0.3138    0.7241    0.0316    0.2647    0.7241    0.0301
    0.2184    0.7241    0.0278    0.1754    0.7241    0.0245
    0.1362    0.7241    0.0203    0.1012    0.7241    0.0153
    0.0710    0.7241    0.0095    0.0458    0.7241    0.0031
    0.0259    0.7241   -0.0038    0.0116    0.7241   -0.0111
    0.0031    0.7241   -0.0188    0.0004    0.7241   -0.0267
    0.0035    0.7241   -0.0345    0.0125    0.7241   -0.0417
    0.0271    0.7241   -0.0483    0.0473    0.7241   -0.0541
    0.0728    0.7241   -0.0591    0.1033    0.7241   -0.0633
    0.1385    0.7241   -0.0664    0.1778    0.7241   -0.0685
    0.2210    0.7241   -0.0695    0.2674    0.7241   -0.0694
    0.3165    0.7241   -0.0682    0.3678    0.7241   -0.0662
    0.4206    0.7241   -0.0632    0.4743    0.7241   -0.0595
    0.5284    0.7241   -0.0552    0.5821    0.7241   -0.0504
    0.6348    0.7241   -0.0452    0.6860    0.7241   -0.0399
    0.7350    0.7241   -0.0345    0.7813    0.7241   -0.0291
    0.8243    0.7241   -0.0239    0.8635    0.7241   -0.0189
    0.8984    0.7241   -0.0143    0.9287    0.7241   -0.0102
    0.9539    0.7241   -0.0067    0.9739    0.7241   -0.0038
    0.9884    0.7241   -0.0017    0.9971    0.7241   -0.0004
    1.0000    0.7241    0.0000
    1.0000    0.8276    0.0000    0.9971    0.8276    0.0003
    0.9883    0.8276    0.0011    0.9738    0.8276    0.0024
    0.9537    0.8276    0.0042    0.9282    0.8276    0.0063
    0.8978    0.8276    0.0088    0.8626    0.8276    0.0115
    0.8232    0.8276    0.0143    0.7800    0.8276    0.0172
    0.7336    0.8276    0.0201    0.6843    0.8276    0.0229
    0.6329    0.8276    0.0255    0.5800    0.8276    0.0277
    0.5261    0.8276    0.0296    0.4719    0.8276    0.0310
    0.4180    0.8276    0.0318    0.3651    0.8276    0.0319
    0.3138    0.8276    0.0313    0.2647    0.8276    0.0297
    0.2184    0.8276    0.0273    0.1753    0.8276    0.0240
    0.1361    0.8276    0.0198    0.1012    0.8276    0.0148
    0.0710    0.8276    0.0090    0.0458    0.8276    0.0026
    0.0259    0.8276   -0.0043    0.0116    0.8276   -0.0117
    0.0031    0.8276   -0.0194    0.0004    0.8276   -0.0273
    0.0035    0.8276   -0.0350    0.0125    0.8276   -0.0422
    0.0271    0.8276   -0.0488    0.0473    0.8276   -0.0546
    0.0729    0.8276   -0.0597    0.1034    0.8276   -0.0638
    0.1385    0.8276   -0.0669    0.1779    0.8276   -0.0689
    0.2210    0.8276   -0.0699    0.2674    0.8276   -0.0698
    0.3165    0.8276   -0.0686    0.3678    0.8276   -0.0665
    0.4206    0.8276   -0.0635    0.4744    0.8276   -0.0598
    0.5284    0.8276   -0.0554    0.5821    0.8276   -0.0506
    0.6349    0.8276   -0.0454    0.6860    0.8276   -0.0401
    0.7351    0.8276   -0.0346    0.7813    0.8276   -0.0292
    0.8243    0.8276   -0.0240    0.8635    0.8276   -0.0190
    0.8984    0.8276   -0.0144    0.9287    0.8276   -0.0102
    0.9540    0.8276   -0.0067    0.9739    0.8276   -0.0038
    0.9884    0.8276   -0.0017    0.9971    0.8276   -0.0004
    1.0000    0.8276    0.0000
    1.0000    0.9310    0.0000    0.9971    0.9310    0.0003
    0.9883    0.9310    0.0011    0.9738    0.9310    0.0024
    0.9537    0.9310    0.0042    0.9282    0.9310    0.0063
    0.8978    0.9310    0.0088    0.8626    0.9310    0.0114
    0.8232    0.9310    0.0143    0.7800    0.9310    0.0171
    0.7335    0.9310    0.0200    0.6843    0.9310    0.0228
    0.6329    0.9310    0.0253    0.5800    0.9310    0.0276
    0.5261    0.9310    0.0294    0.4719    0.9310    0.0308
    0.4180    0.9310    0.0316    0.3651    0.9310    0.0316
    0.3138    0.9310    0.0309    0.2647    0.9310    0.0294
    0.2184    0.9310    0.0270    0.1753    0.9310    0.0236
    0.1361    0.9310    0.0194    0.1012    0.9310    0.0144
    0.0710    0.9310    0.0086    0.0458    0.9310    0.0022
    0.0259    0.9310   -0.0048    0.0116    0.9310   -0.0121
    0.0031    0.9310   -0.0198    0.0004    0.9310   -0.0277
    0.0035    0.9310   -0.0355    0.0125    0.9310   -0.0427
    0.0272    0.9310   -0.0492    0.0474    0.9310   -0.0551
    0.0729    0.9310   -0.0601    0.1034    0.9310   -0.0642
    0.1385    0.9310   -0.0673    0.1779    0.9310   -0.0693
    0.2211    0.9310   -0.0703    0.2675    0.9310   -0.0701
    0.3166    0.9310   -0.0689    0.3678    0.9310   -0.0668
    0.4207    0.9310   -0.0638    0.4744    0.9310   -0.0600
    0.5284    0.9310   -0.0556    0.5821    0.9310   -0.0508
    0.6349    0.9310   -0.0456    0.6861    0.9310   -0.0402
    0.7351    0.9310   -0.0347    0.7813    0.9310   -0.0293
    0.8243    0.9310   -0.0240    0.8635    0.9310   -0.0190
    0.8984    0.9310   -0.0144    0.9287    0.9310   -0.0103
    0.9540    0.9310   -0.0067    0.9739    0.9310   -0.0038
    0.9884    0.9310   -0.0017    0.9971    0.9310   -0.0004
    1.0000    0.9310    0.0000
    1.0000    1.0345    0.0000    0.9971    1.0345    0.0003
    0.9883    1.0345    0.0011    0.9737    1.0345    0.0024
    0.9537    1.0345    0.0041    0.9282    1.0345    0.0063
    0.8978    1.0345    0.0087    0.8626    1.0345    0.0114
    0.8232    1.0345    0.0142    0.7800    1.0345    0.0171
    0.7335    1.0345    0.0199    0.6843    1.0345    0.0226
    0.6329    1.0345    0.0252    0.5800    1.0345    0.0274
    0.5261    1.0345    0.0292    0.4719    1.0345    0.0306
    0.4180    1.0345    0.0313    0.3651    1.0345    0.0314
    0.3138    1.0345    0.0307    0.2647    1.0345    0.0291
    0.2183    1.0345    0.0267    0.1753    1.0345    0.0233
    0.1361    1.0345    0.0191    0.1012    1.0345    0.0140
    0.0710    1.0345    0.0083    0.0458    1.0345    0.0018
    0.0259    1.0345   -0.0051    0.0117    1.0345   -0.0125
    0.0031    1.0345   -0.0202    0.0004    1.0345   -0.0281
    0.0035    1.0345   -0.0359    0.0125    1.0345   -0.0431
    0.0272    1.0345   -0.0496    0.0474    1.0345   -0.0554
    0.0729    1.0345   -0.0604    0.1034    1.0345   -0.0645
    0.1386    1.0345   -0.0676    0.1779    1.0345   -0.0696
    0.2211    1.0345   -0.0705    0.2675    1.0345   -0.0704
    0.3166    1.0345   -0.0692    0.3679    1.0345   -0.0670
    0.4207    1.0345   -0.0640    0.4744    1.0345   -0.0602
    0.5285    1.0345   -0.0558    0.5822    1.0345   -0.0510
    0.6349    1.0345   -0.0457    0.6861    1.0345   -0.0403
    0.7351    1.0345   -0.0348    0.7813    1.0345   -0.0294
    0.8243    1.0345   -0.0241    0.8635    1.0345   -0.0191
    0.8984    1.0345   -0.0144    0.9287    1.0345   -0.0103
    0.9540    1.0345   -0.0067    0.9739    1.0345   -0.0039
    0.9884    1.0345   -0.0017    0.9971    1.0345   -0.0004
    1.0000    1.0345    0.0000
    1.0000    1.1379    0.0000    0.9971    1.1379    0.0003
    0.9883    1.1379    0.0011    0.9737    1.1379    0.0024
    0.9537    1.1379    0.0041    0.9282    1.1379    0.0062
    0.8978    1.1379    0.0087    0.8626    1.1379    0.0113
    0.8232    1.1379    0.0141    0.7800    1.1379    0.0170
    0.7335    1.1379    0.0198    0.6843    1.1379    0.0225
    0.6329    1.1379    0.0251    0.5799    1.1379    0.0273
    0.5261    1.1379    0.0291    0.4719    1.1379    0.0304
    0.4180    1.1379    0.0312    0.3651    1.1379    0.0312
    0.3138    1.1379    0.0305    0.2647    1.1379    0.0289
    0.2183    1.1379    0.0264    0.1753    1.1379    0.0231
    0.1361    1.1379    0.0188    0.1012    1.1379    0.0138
    0.0710    1.1379    0.0080    0.0458    1.1379    0.0015
    0.0259    1.1379   -0.0054    0.0117    1.1379   -0.0128
    0.0031    1.1379   -0.0205    0.0004    1.1379   -0.0284
    0.0036    1.1379   -0.0362    0.0125    1.1379   -0.0434
    0.0272    1.1379   -0.0499    0.0474    1.1379   -0.0557
    0.0729    1.1379   -0.0607    0.1034    1.1379   -0.0648
    0.1386    1.1379   -0.0679    0.1780    1.1379   -0.0699
    0.2211    1.1379   -0.0708    0.2675    1.1379   -0.0706
    0.3166    1.1379   -0.0694    0.3679    1.1379   -0.0672
    0.4207    1.1379   -0.0642    0.4744    1.1379   -0.0604
    0.5285    1.1379   -0.0560    0.5822    1.1379   -0.0511
    0.6349    1.1379   -0.0459    0.6861    1.1379   -0.0404
    0.7351    1.1379   -0.0349    0.7813    1.1379   -0.0295
    0.8243    1.1379   -0.0242    0.8635    1.1379   -0.0191
    0.8984    1.1379   -0.0145    0.9287    1.1379   -0.0103
    0.9540    1.1379   -0.0067    0.9739    1.1379   -0.0039
    0.9884    1.1379   -0.0017    0.9971    1.1379   -0.0004
    1.0000    1.1379    0.0000
    1.0000    1.2414    0.0000    0.9971    1.2414    0.0003
    0.9883    1.2414    0.0011    0.9737    1.2414    0.0024
    0.9537    1.2414    0.0041    0.9282    1.2414    0.0062
    0.8978    1.2414    0.0087    0.8626    1.2414    0.0113
    0.8232    1.2414    0.0141    0.7800    1.2414    0.0169
    0.7335    1.2414    0.0198    0.6843    1.2414    0.0225
    0.6329    1.2414    0.0249    0.5799    1.2414    0.0272
    0.5260    1.2414    0.0290    0.4718    1.2414    0.0303
    0.4180    1.2414    0.0310    0.3651    1.2414    0.0310
    0.3138    1.2414    0.0303    0.2647    1.2414    0.0287
    0.2183    1.2414    0.0262    0.1753    1.2414    0.0228
    0.1361    1.2414    0.0186    0.1012    1.2414    0.0135
    0.0710    1.2414    0.0077    0.0458    1.2414    0.0013
    0.0259    1.2414   -0.0057    0.0117    1.2414   -0.0131
    0.0031    1.2414   -0.0208    0.0004    1.2414   -0.0287
    0.0036    1.2414   -0.0365    0.0125    1.2414   -0.0436
    0.0272    1.2414   -0.0502    0.0474    1.2414   -0.0560
    0.0729    1.2414   -0.0610    0.1035    1.2414   -0.0650
    0.1386    1.2414   -0.0681    0.1780    1.2414   -0.0701
    0.2211    1.2414   -0.0710    0.2675    1.2414   -0.0708
    0.3166    1.2414   -0.0696    0.3679    1.2414   -0.0674
    0.4207    1.2414   -0.0643    0.4745    1.2414   -0.0605
    0.5285    1.2414   -0.0561    0.5822    1.2414   -0.0512
    0.6349    1.2414   -0.0460    0.6861    1.2414   -0.0405
    0.7351    1.2414   -0.0350    0.7814    1.2414   -0.0295
    0.8243    1.2414   -0.0242    0.8635    1.2414   -0.0192
    0.8984    1.2414   -0.0145    0.9287    1.2414   -0.0103
    0.9540    1.2414   -0.0068    0.9739    1.2414   -0.0039
    0.9884    1.2414   -0.0017    0.9971    1.2414   -0.0004
    1.0000    1.2414    0.0000
    1.0000    1.3448    0.0000    0.9971    1.3448    0.0003
    0.9883    1.3448    0.0011    0.9737    1.3448    0.0024
    0.9536    1.3448    0.0041    0.9282    1.3448    0.0062
    0.8978    1.3448    0.0086    0.8626    1.3448    0.0113
    0.8232    1.3448    0.0140    0.7800    1.3448    0.0169
    0.7335    1.3448    0.0197    0.6843    1.3448    0.0224
    0.6329    1.3448    0.0249    0.5799    1.3448    0.0270
    0.5260    1.3448    0.0288    0.4718    1.3448    0.0301
    0.4180    1.3448    0.0308    0.3651    1.3448    0.0309
    0.3138    1.3448    0.0301    0.2647    1.3448    0.0285
    0.2183    1.3448    0.0260    0.1753    1.3448    0.0226
    0.1361    1.3448    0.0184    0.1012    1.3448    0.0133
    0.0710    1.3448    0.0075    0.0458    1.3448    0.0010
    0.0259    1.3448   -0.0060    0.0117    1.3448   -0.0133
    0.0031    1.3448   -0.0210    0.0004    1.3448   -0.0290
    0.0036    1.3448   -0.0367    0.0125    1.3448   -0.0439
    0.0272    1.3448   -0.0504    0.0474    1.3448   -0.0562
    0.0730    1.3448   -0.0612    0.1035    1.3448   -0.0653
    0.1386    1.3448   -0.0683    0.1780    1.3448   -0.0703
    0.2211    1.3448   -0.0712    0.2675    1.3448   -0.0710
    0.3167    1.3448   -0.0698    0.3679    1.3448   -0.0676
    0.4207    1.3448   -0.0645    0.4745    1.3448   -0.0607
    0.5285    1.3448   -0.0562    0.5822    1.3448   -0.0513
    0.6349    1.3448   -0.0461    0.6861    1.3448   -0.0406
    0.7351    1.3448   -0.0351    0.7814    1.3448   -0.0296
    0.8243    1.3448   -0.0243    0.8635    1.3448   -0.0192
    0.8984    1.3448   -0.0145    0.9287    1.3448   -0.0104
    0.9540    1.3448   -0.0068    0.9739    1.3448   -0.0039
    0.9884    1.3448   -0.0017    0.9971    1.3448   -0.0004
    1.0000    1.3448    0.0000
    1.0000    1.4483    0.0000    0.9971    1.4483    0.0003
    0.9883    1.4483    0.0011    0.9737    1.4483    0.0024
    0.9536    1.4483    0.0041    0.9282    1.4483    0.0062
    0.8978    1.4483    0.0086    0.8626    1.4483    0.0112
    0.8232    1.4483    0.0140    0.7800    1.4483    0.0168
    0.7335    1.4483    0.0196    0.6843    1.4483    0.0223
    0.6329    1.4483    0.0248    0.5799    1.4483    0.0269
    0.5260    1.4483    0.0287    0.4718    1.4483    0.0300
    0.4180    1.4483    0.0307    0.3651    1.4483    0.0307
    0.3138    1.4483    0.0299    0.2647    1.4483    0.0283
    0.2183    1.4483    0.0258    0.1753    1.4483    0.0224
    0.1361    1.4483    0.0181    0.1012    1.4483    0.0130
    0.0710    1.4483    0.0072    0.0458    1.4483    0.0008
    0.0259    1.4483   -0.0062    0.0117    1.4483   -0.0136
    0.0031    1.4483   -0.0213    0.0004    1.4483   -0.0292
    0.0036    1.4483   -0.0370    0.0126    1.4483   -0.0442
    0.0272    1.4483   -0.0507    0.0475    1.4483   -0.0565
    0.0730    1.4483   -0.0615    0.1035    1.4483   -0.0655
    0.1386    1.4483   -0.0686    0.1780    1.4483   -0.0705
    0.2212    1.4483   -0.0714    0.2676    1.4483   -0.0712
    0.3167    1.4483   -0.0700    0.3679    1.4483   -0.0677
    0.4207    1.4483   -0.0646    0.4745    1.4483   -0.0608
    0.5285    1.4483   -0.0563    0.5822    1.4483   -0.0514
    0.6350    1.4483   -0.0462    0.6861    1.4483   -0.0407
    0.7351    1.4483   -0.0351    0.7814    1.4483   -0.0296
    0.8243    1.4483   -0.0243    0.8635    1.4483   -0.0192
    0.8984    1.4483   -0.0146    0.9287    1.4483   -0.0104
    0.9540    1.4483   -0.0068    0.9739    1.4483   -0.0039
    0.9884    1.4483   -0.0017    0.9971    1.4483   -0.0004
    1.0000    1.4483    0.0000
    1.0000    1.5517    0.0000    0.9971    1.5517    0.0003
    0.9883    1.5517    0.0011    0.9737    1.5517    0.0023
    0.9536    1.5517    0.0041    0.9282    1.5517    0.0062
    0.8977    1.5517    0.0086    0.8626    1.5517    0.0112
    0.8232    1.5517    0.0140    0.7800    1.5517    0.0168
    0.7335    1.5517    0.0195    0.6843    1.5517    0.0222
    0.6329    1.5517    0.0247    0.5799    1.5517    0.0268
    0.5260    1.5517    0.0286    0.4718    1.5517    0.0299
    0.4180    1.5517    0.0305    0.3651    1.5517    0.0305
    0.3138    1.5517    0.0297    0.2646    1.5517    0.0281
    0.2183    1.5517    0.0256    0.1753    1.5517    0.0222
    0.1361    1.5517    0.0179    0.1012    1.5517    0.0128
    0.0710    1.5517    0.0070    0.0458    1.5517    0.0005
    0.0259    1.5517   -0.0065    0.0117    1.5517   -0.0139
    0.0031    1.5517   -0.0215    0.0004    1.5517   -0.0295
    0.0036    1.5517   -0.0372    0.0126    1.5517   -0.0444
    0.0273    1.5517   -0.0509    0.0475    1.5517   -0.0567
    0.0730    1.5517   -0.0617    0.1035    1.5517   -0.0658
    0.1387    1.5517   -0.0688    0.1780    1.5517   -0.0708
    0.2212    1.5517   -0.0716    0.2676    1.5517   -0.0714
    0.3167    1.5517   -0.0701    0.3680    1.5517   -0.0679
    0.4208    1.5517   -0.0648    0.4745    1.5517   -0.0609
    0.5285    1.5517   -0.0565    0.5822    1.5517   -0.0515
    0.6350    1.5517   -0.0463    0.6861    1.5517   -0.0408
    0.7351    1.5517   -0.0352    0.7814    1.5517   -0.0297
    0.8243    1.5517   -0.0243    0.8635    1.5517   -0.0193
    0.8984    1.5517   -0.0146    0.9287    1.5517   -0.0104
    0.9540    1.5517   -0.0068    0.9739    1.5517   -0.0039
    0.9884    1.5517   -0.0017    0.9971    1.5517   -0.0004
    1.0000    1.5517    0.0000
    1.0000    1.6552    0.0000    0.9971    1.6552    0.0003
    0.9883    1.6552    0.0011    0.9737    1.6552    0.0023
    0.9536    1.6552    0.0041    0.9282    1.6552    0.0062
    0.8977    1.6552    0.0085    0.8626    1.6552    0.0112
    0.8232    1.6552    0.0139    0.7800    1.6552    0.0167
    0.7335    1.6552    0.0195    0.6843    1.6552    0.0221
    0.6329    1.6552    0.0246    0.5799    1.6552    0.0267
    0.5260    1.6552    0.0285    0.4718    1.6552    0.0297
    0.4179    1.6552    0.0304    0.3651    1.6552    0.0304
    0.3137    1.6552    0.0295    0.2646    1.6552    0.0279
    0.2183    1.6552    0.0254    0.1753    1.6552    0.0220
    0.1361    1.6552    0.0177    0.1012    1.6552    0.0125
    0.0710    1.6552    0.0067    0.0458    1.6552    0.0002
    0.0259    1.6552   -0.0067    0.0117    1.6552   -0.0141
    0.0031    1.6552   -0.0218    0.0004    1.6552   -0.0298
    0.0036    1.6552   -0.0375    0.0126    1.6552   -0.0447
    0.0273    1.6552   -0.0512    0.0475    1.6552   -0.0570
    0.0730    1.6552   -0.0620    0.1035    1.6552   -0.0660
    0.1387    1.6552   -0.0690    0.1781    1.6552   -0.0710
    0.2212    1.6552   -0.0718    0.2676    1.6552   -0.0716
    0.3167    1.6552   -0.0703    0.3680    1.6552   -0.0681
    0.4208    1.6552   -0.0650    0.4745    1.6552   -0.0611
    0.5285    1.6552   -0.0566    0.5822    1.6552   -0.0516
    0.6350    1.6552   -0.0464    0.6861    1.6552   -0.0409
    0.7351    1.6552   -0.0353    0.7814    1.6552   -0.0298
    0.8243    1.6552   -0.0244    0.8635    1.6552   -0.0193
    0.8984    1.6552   -0.0146    0.9287    1.6552   -0.0104
    0.9540    1.6552   -0.0068    0.9739    1.6552   -0.0039
    0.9884    1.6552   -0.0018    0.9971    1.6552   -0.0004
    1.0000    1.6552    0.0000
    1.0000    1.7586    0.0000    0.9971    1.7586    0.0003
    0.9883    1.7586    0.0011    0.9737    1.7586    0.0023
    0.9536    1.7586    0.0040    0.9282    1.7586    0.0061
    0.8977    1.7586    0.0085    0.8626    1.7586    0.0111
    0.8232    1.7586    0.0138    0.7800    1.7586    0.0166
    0.7335    1.7586    0.0194    0.6843    1.7586    0.0220
    0.6329    1.7586    0.0244    0.5799    1.7586    0.0266
    0.5260    1.7586    0.0283    0.4718    1.7586    0.0295
    0.4179    1.7586    0.0302    0.3650    1.7586    0.0301
    0.3137    1.7586    0.0293    0.2646    1.7586    0.0277
    0.2183    1.7586    0.0251    0.1753    1.7586    0.0217
    0.1361    1.7586    0.0174    0.1012    1.7586    0.0123
    0.0710    1.7586    0.0064    0.0458    1.7586   -0.0001
    0.0259    1.7586   -0.0071    0.0117    1.7586   -0.0144
    0.0031    1.7586   -0.0221    0.0005    1.7586   -0.0301
    0.0036    1.7586   -0.0378    0.0126    1.7586   -0.0450
    0.0273    1.7586   -0.0515    0.0475    1.7586   -0.0573
    0.0730    1.7586   -0.0623    0.1035    1.7586   -0.0663
    0.1387    1.7586   -0.0693    0.1781    1.7586   -0.0712
    0.2212    1.7586   -0.0721    0.2676    1.7586   -0.0718
    0.3167    1.7586   -0.0705    0.3680    1.7586   -0.0683
    0.4208    1.7586   -0.0651    0.4745    1.7586   -0.0613
    0.5286    1.7586   -0.0568    0.5823    1.7586   -0.0518
    0.6350    1.7586   -0.0465    0.6862    1.7586   -0.0410
    0.7351    1.7586   -0.0354    0.7814    1.7586   -0.0298
    0.8243    1.7586   -0.0245    0.8635    1.7586   -0.0194
    0.8984    1.7586   -0.0146    0.9287    1.7586   -0.0104
    0.9540    1.7586   -0.0068    0.9739    1.7586   -0.0039
    0.9884    1.7586   -0.0018    0.9971    1.7586   -0.0004
    1.0000    1.7586    0.0000
    1.0000    1.8621    0.0000    0.9971    1.8621    0.0003
    0.9883    1.8621    0.0010    0.9737    1.8621    0.0023
    0.9536    1.8621    0.0040    0.9282    1.8621    0.0061
    0.8977    1.8621    0.0085    0.8626    1.8621    0.0111
    0.8232    1.8621    0.0138    0.7800    1.8621    0.0166
    0.7335    1.8621    0.0193    0.6843    1.8621    0.0219
    0.6329    1.8621    0.0243    0.5799    1.8621    0.0264
    0.5260    1.8621    0.0281    0.4718    1.8621    0.0294
    0.4179    1.8621    0.0300    0.3650    1.8621    0.0299
    0.3137    1.8621    0.0291    0.2646    1.8621    0.0274
    0.2183    1.8621    0.0248    0.1753    1.8621    0.0214
    0.1361    1.8621    0.0171    0.1012    1.8621    0.0119
    0.0710    1.8621    0.0061    0.0458    1.8621   -0.0004
    0.0259    1.8621   -0.0074    0.0117    1.8621   -0.0148
    0.0032    1.8621   -0.0225    0.0005    1.8621   -0.0304
    0.0036    1.8621   -0.0382    0.0126    1.8621   -0.0454
    0.0273    1.8621   -0.0519    0.0475    1.8621   -0.0577
    0.0730    1.8621   -0.0626    0.1036    1.8621   -0.0666
    0.1387    1.8621   -0.0696    0.1781    1.8621   -0.0715
    0.2212    1.8621   -0.0724    0.2677    1.8621   -0.0721
    0.3168    1.8621   -0.0708    0.3680    1.8621   -0.0685
    0.4208    1.8621   -0.0653    0.4746    1.8621   -0.0614
    0.5286    1.8621   -0.0569    0.5823    1.8621   -0.0519
    0.6350    1.8621   -0.0466    0.6862    1.8621   -0.0411
    0.7352    1.8621   -0.0355    0.7814    1.8621   -0.0299
    0.8244    1.8621   -0.0245    0.8635    1.8621   -0.0194
    0.8984    1.8621   -0.0147    0.9287    1.8621   -0.0105
    0.9540    1.8621   -0.0068    0.9739    1.8621   -0.0039
    0.9884    1.8621   -0.0018    0.9971    1.8621   -0.0004
    1.0000    1.8621    0.0000
    1.0000    1.9655    0.0000    0.9971    1.9655    0.0003
    0.9883    1.9655    0.0010    0.9737    1.9655    0.0023
    0.9536    1.9655    0.0040    0.9282    1.9655    0.0061
    0.8977    1.9655    0.0084    0.8626    1.9655    0.0110
    0.8232    1.9655    0.0137    0.7800    1.9655    0.0165
    0.7335    1.9655    0.0192    0.6842    1.9655    0.0218
    0.6328    1.9655    0.0242    0.5799    1.9655    0.0262
    0.5260    1.9655    0.0279    0.4718    1.9655    0.0291
    0.4179    1.9655    0.0298    0.3650    1.9655    0.0297
    0.3137    1.9655    0.0288    0.2646    1.9655    0.0271
    0.2183    1.9655    0.0245    0.1753    1.9655    0.0211
    0.1361    1.9655    0.0167    0.1012    1.9655    0.0116
    0.0710    1.9655    0.0057    0.0458    1.9655   -0.0008
    0.0260    1.9655   -0.0078    0.0117    1.9655   -0.0152
    0.0032    1.9655   -0.0229    0.0005    1.9655   -0.0308
    0.0036    1.9655   -0.0386    0.0126    1.9655   -0.0458
    0.0273    1.9655   -0.0523    0.0475    1.9655   -0.0580
    0.0731    1.9655   -0.0630    0.1036    1.9655   -0.0670
    0.1387    1.9655   -0.0700    0.1781    1.9655   -0.0719
    0.2213    1.9655   -0.0727    0.2677    1.9655   -0.0724
    0.3168    1.9655   -0.0711    0.3681    1.9655   -0.0688
    0.4209    1.9655   -0.0656    0.4746    1.9655   -0.0617
    0.5286    1.9655   -0.0571    0.5823    1.9655   -0.0521
    0.6350    1.9655   -0.0467    0.6862    1.9655   -0.0412
    0.7352    1.9655   -0.0356    0.7814    1.9655   -0.0300
    0.8244    1.9655   -0.0246    0.8635    1.9655   -0.0195
    0.8985    1.9655   -0.0147    0.9287    1.9655   -0.0105
    0.9540    1.9655   -0.0069    0.9739    1.9655   -0.0039
    0.9884    1.9655   -0.0018    0.9971    1.9655   -0.0004
    1.0000    1.9655    0.0000
    1.0000    2.0690    0.0000    0.9971    2.0690    0.0003
    0.9883    2.0690    0.0010    0.9737    2.0690    0.0023
    0.9536    2.0690    0.0040    0.9282    2.0690    0.0060
    0.8977    2.0690    0.0084    0.8626    2.0690    0.0109
    0.8232    2.0690    0.0136    0.7800    2.0690    0.0164
    0.7335    2.0690    0.0191    0.6842    2.0690    0.0216
    0.6328    2.0690    0.0240    0.5799    2.0690    0.0261
    0.5260    2.0690    0.0277    0.4718    2.0690    0.0289
    0.4179    2.0690    0.0295    0.3650    2.0690    0.0294
    0.3137    2.0690    0.0285    0.2646    2.0690    0.0268
    0.2183    2.0690    0.0242    0.1753    2.0690    0.0207
    0.1361    2.0690    0.0163    0.1012    2.0690    0.0112
    0.0710    2.0690    0.0053    0.0458    2.0690   -0.0012
    0.0260    2.0690   -0.0082    0.0117    2.0690   -0.0156
    0.0032    2.0690   -0.0234    0.0005    2.0690   -0.0313
    0.0037    2.0690   -0.0390    0.0127    2.0690   -0.0462
    0.0273    2.0690   -0.0527    0.0476    2.0690   -0.0585
    0.0731    2.0690   -0.0634    0.1036    2.0690   -0.0674
    0.1388    2.0690   -0.0703    0.1782    2.0690   -0.0722
    0.2213    2.0690   -0.0730    0.2677    2.0690   -0.0727
    0.3168    2.0690   -0.0714    0.3681    2.0690   -0.0690
    0.4209    2.0690   -0.0658    0.4746    2.0690   -0.0619
    0.5286    2.0690   -0.0573    0.5823    2.0690   -0.0523
    0.6351    2.0690   -0.0469    0.6862    2.0690   -0.0413
    0.7352    2.0690   -0.0357    0.7814    2.0690   -0.0301
    0.8244    2.0690   -0.0247    0.8635    2.0690   -0.0195
    0.8985    2.0690   -0.0148    0.9287    2.0690   -0.0105
    0.9540    2.0690   -0.0069    0.9739    2.0690   -0.0039
    0.9884    2.0690   -0.0018    0.9971    2.0690   -0.0004
    1.0000    2.0690    0.0000
    1.0000    2.1724    0.0000    0.9971    2.1724    0.0003
    0.9883    2.1724    0.0010    0.9737    2.1724    0.0023
    0.9536    2.1724    0.0040    0.9282    2.1724    0.0060
    0.8977    2.1724    0.0083    0.8626    2.1724    0.0109
    0.8232    2.1724    0.0135    0.7800    2.1724    0.0162
    0.7335    2.1724    0.0189    0.6842    2.1724    0.0215
    0.6328    2.1724    0.0238    0.5799    2.1724    0.0258
    0.5260    2.1724    0.0275    0.4718    2.1724    0.0286
    0.4179    2.1724    0.0292    0.3650    2.1724    0.0291
    0.3137    2.1724    0.0281    0.2646    2.1724    0.0264
    0.2183    2.1724    0.0238    0.1752    2.1724    0.0203
    0.1361    2.1724    0.0159    0.1012    2.1724    0.0107
    0.0709    2.1724    0.0048    0.0458    2.1724   -0.0017
    0.0260    2.1724   -0.0087    0.0117    2.1724   -0.0162
    0.0032    2.1724   -0.0239    0.0005    2.1724   -0.0318
    0.0037    2.1724   -0.0396    0.0127    2.1724   -0.0467
    0.0274    2.1724   -0.0532    0.0476    2.1724   -0.0590
    0.0731    2.1724   -0.0639    0.1037    2.1724   -0.0678
    0.1388    2.1724   -0.0708    0.1782    2.1724   -0.0727
    0.2213    2.1724   -0.0734    0.2678    2.1724   -0.0731
    0.3169    2.1724   -0.0717    0.3681    2.1724   -0.0694
    0.4209    2.1724   -0.0661    0.4746    2.1724   -0.0622
    0.5287    2.1724   -0.0576    0.5823    2.1724   -0.0525
    0.6351    2.1724   -0.0471    0.6862    2.1724   -0.0415
    0.7352    2.1724   -0.0358    0.7814    2.1724   -0.0302
    0.8244    2.1724   -0.0248    0.8636    2.1724   -0.0196
    0.8985    2.1724   -0.0148    0.9287    2.1724   -0.0106
    0.9540    2.1724   -0.0069    0.9739    2.1724   -0.0039
    0.9884    2.1724   -0.0018    0.9971    2.1724   -0.0004
    1.0000    2.1724    0.0000
    1.0000    2.2759    0.0000    0.9971    2.2759    0.0003
    0.9883    2.2759    0.0010    0.9737    2.2759    0.0023
    0.9536    2.2759    0.0039    0.9282    2.2759    0.0060
    0.8977    2.2759    0.0083    0.8626    2.2759    0.0108
    0.8232    2.2759    0.0134    0.7800    2.2759    0.0161
    0.7335    2.2759    0.0188    0.6842    2.2759    0.0213
    0.6328    2.2759    0.0236    0.5798    2.2759    0.0256
    0.5259    2.2759    0.0272    0.4717    2.2759    0.0283
    0.4179    2.2759    0.0288    0.3650    2.2759    0.0287
    0.3137    2.2759    0.0277    0.2646    2.2759    0.0260
    0.2182    2.2759    0.0233    0.1752    2.2759    0.0198
    0.1361    2.2759    0.0154    0.1012    2.2759    0.0102
    0.0709    2.2759    0.0043    0.0458    2.2759   -0.0023
    0.0260    2.2759   -0.0093    0.0117    2.2759   -0.0167
    0.0032    2.2759   -0.0245    0.0005    2.2759   -0.0324
    0.0037    2.2759   -0.0401    0.0127    2.2759   -0.0473
    0.0274    2.2759   -0.0538    0.0476    2.2759   -0.0595
    0.0732    2.2759   -0.0644    0.1037    2.2759   -0.0684
    0.1389    2.2759   -0.0713    0.1782    2.2759   -0.0731
    0.2214    2.2759   -0.0739    0.2678    2.2759   -0.0735
    0.3169    2.2759   -0.0721    0.3682    2.2759   -0.0697
    0.4210    2.2759   -0.0665    0.4747    2.2759   -0.0625
    0.5287    2.2759   -0.0578    0.5824    2.2759   -0.0527
    0.6351    2.2759   -0.0473    0.6863    2.2759   -0.0417
    0.7352    2.2759   -0.0360    0.7815    2.2759   -0.0303
    0.8244    2.2759   -0.0249    0.8636    2.2759   -0.0197
    0.8985    2.2759   -0.0149    0.9287    2.2759   -0.0106
    0.9540    2.2759   -0.0069    0.9739    2.2759   -0.0040
    0.9884    2.2759   -0.0018    0.9971    2.2759   -0.0004
    1.0000    2.2759    0.0000
    1.0000    2.3793    0.0000    0.9971    2.3793    0.0003
    0.9883    2.3793    0.0010    0.9737    2.3793    0.0023
    0.9536    2.3793    0.0039    0.9282    2.3793    0.0059
    0.8977    2.3793    0.0082    0.8626    2.3793    0.0107
    0.8232    2.3793    0.0133    0.7799    2.3793    0.0160
    0.7334    2.3793    0.0186    0.6842    2.3793    0.0211
    0.6328    2.3793    0.0233    0.5798    2.3793    0.0253
    0.5259    2.3793    0.0269    0.4717    2.3793    0.0280
    0.4179    2.3793    0.0285    0.3650    2.3793    0.0283
    0.3137    2.3793    0.0273    0.2646    2.3793    0.0255
    0.2182    2.3793    0.0228    0.1752    2.3793    0.0192
    0.1360    2.3793    0.0148    0.1011    2.3793    0.0096
    0.0709    2.3793    0.0037    0.0458    2.3793   -0.0029
    0.0260    2.3793   -0.0099    0.0117    2.3793   -0.0174
    0.0032    2.3793   -0.0251    0.0005    2.3793   -0.0331
    0.0037    2.3793   -0.0408    0.0127    2.3793   -0.0479
    0.0274    2.3793   -0.0544    0.0477    2.3793   -0.0601
    0.0732    2.3793   -0.0650    0.1037    2.3793   -0.0690
    0.1389    2.3793   -0.0719    0.1783    2.3793   -0.0737
    0.2214    2.3793   -0.0744    0.2678    2.3793   -0.0740
    0.3170    2.3793   -0.0726    0.3682    2.3793   -0.0702
    0.4210    2.3793   -0.0669    0.4747    2.3793   -0.0628
    0.5287    2.3793   -0.0582    0.5824    2.3793   -0.0530
    0.6351    2.3793   -0.0476    0.6863    2.3793   -0.0419
    0.7353    2.3793   -0.0362    0.7815    2.3793   -0.0305
    0.8244    2.3793   -0.0250    0.8636    2.3793   -0.0198
    0.8985    2.3793   -0.0149    0.9287    2.3793   -0.0106
    0.9540    2.3793   -0.0070    0.9739    2.3793   -0.0040
    0.9884    2.3793   -0.0018    0.9971    2.3793   -0.0005
    1.0000    2.3793    0.0000
    1.0000    2.4828    0.0000    0.9971    2.4828    0.0003
    0.9883    2.4828    0.0010    0.9737    2.4828    0.0022
    0.9536    2.4828    0.0039    0.9282    2.4828    0.0059
    0.8977    2.4828    0.0081    0.8626    2.4828    0.0106
    0.8231    2.4828    0.0132    0.7799    2.4828    0.0158
    0.7334    2.4828    0.0184    0.6842    2.4828    0.0208
    0.6328    2.4828    0.0231    0.5798    2.4828    0.0250
    0.5259    2.4828    0.0265    0.4717    2.4828    0.0276
    0.4178    2.4828    0.0280    0.3649    2.4828    0.0278
    0.3136    2.4828    0.0268    0.2645    2.4828    0.0249
    0.2182    2.4828    0.0222    0.1752    2.4828    0.0186
    0.1360    2.4828    0.0142    0.1011    2.4828    0.0089
    0.0709    2.4828    0.0030    0.0458    2.4828   -0.0036
    0.0260    2.4828   -0.0107    0.0117    2.4828   -0.0181
    0.0032    2.4828   -0.0258    0.0006    2.4828   -0.0338
    0.0038    2.4828   -0.0415    0.0128    2.4828   -0.0487
    0.0275    2.4828   -0.0551    0.0477    2.4828   -0.0609
    0.0733    2.4828   -0.0657    0.1038    2.4828   -0.0696
    0.1390    2.4828   -0.0725    0.1783    2.4828   -0.0743
    0.2215    2.4828   -0.0750    0.2679    2.4828   -0.0746
    0.3170    2.4828   -0.0731    0.3683    2.4828   -0.0706
    0.4211    2.4828   -0.0673    0.4748    2.4828   -0.0632
    0.5288    2.4828   -0.0585    0.5825    2.4828   -0.0533
    0.6352    2.4828   -0.0478    0.6863    2.4828   -0.0421
    0.7353    2.4828   -0.0364    0.7815    2.4828   -0.0306
    0.8244    2.4828   -0.0251    0.8636    2.4828   -0.0199
    0.8985    2.4828   -0.0150    0.9287    2.4828   -0.0107
    0.9540    2.4828   -0.0070    0.9739    2.4828   -0.0040
    0.9884    2.4828   -0.0018    0.9971    2.4828   -0.0005
    1.0000    2.4828    0.0000
    1.0000    2.5862    0.0000    0.9971    2.5862    0.0003
    0.9883    2.5862    0.0010    0.9737    2.5862    0.0022
    0.9536    2.5862    0.0038    0.9282    2.5862    0.0058
    0.8977    2.5862    0.0080    0.8626    2.5862    0.0105
    0.8231    2.5862    0.0130    0.7799    2.5862    0.0156
    0.7334    2.5862    0.0182    0.6842    2.5862    0.0206
    0.6328    2.5862    0.0228    0.5798    2.5862    0.0247
    0.5259    2.5862    0.0261    0.4717    2.5862    0.0271
    0.4178    2.5862    0.0275    0.3649    2.5862    0.0273
    0.3136    2.5862    0.0262    0.2645    2.5862    0.0243
    0.2182    2.5862    0.0216    0.1752    2.5862    0.0179
    0.1360    2.5862    0.0135    0.1011    2.5862    0.0082
    0.0709    2.5862    0.0022    0.0458    2.5862   -0.0044
    0.0260    2.5862   -0.0115    0.0118    2.5862   -0.0189
    0.0033    2.5862   -0.0267    0.0006    2.5862   -0.0346
    0.0038    2.5862   -0.0424    0.0128    2.5862   -0.0495
    0.0275    2.5862   -0.0560    0.0478    2.5862   -0.0617
    0.0733    2.5862   -0.0665    0.1039    2.5862   -0.0704
    0.1390    2.5862   -0.0732    0.1784    2.5862   -0.0750
    0.2216    2.5862   -0.0756    0.2680    2.5862   -0.0752
    0.3171    2.5862   -0.0737    0.3683    2.5862   -0.0712
    0.4211    2.5862   -0.0678    0.4748    2.5862   -0.0636
    0.5288    2.5862   -0.0589    0.5825    2.5862   -0.0537
    0.6352    2.5862   -0.0481    0.6863    2.5862   -0.0424
    0.7353    2.5862   -0.0366    0.7815    2.5862   -0.0308
    0.8245    2.5862   -0.0253    0.8636    2.5862   -0.0200
    0.8985    2.5862   -0.0151    0.9288    2.5862   -0.0108
    0.9540    2.5862   -0.0070    0.9740    2.5862   -0.0040
    0.9884    2.5862   -0.0018    0.9971    2.5862   -0.0005
    1.0000    2.5862    0.0000
    1.0000    2.6897    0.0000    0.9971    2.6897    0.0002
    0.9883    2.6897    0.0010    0.9737    2.6897    0.0022
    0.9536    2.6897    0.0038    0.9282    2.6897    0.0057
    0.8977    2.6897    0.0080    0.8625    2.6897    0.0104
    0.8231    2.6897    0.0129    0.7799    2.6897    0.0154
    0.7334    2.6897    0.0179    0.6841    2.6897    0.0203
    0.6327    2.6897    0.0224    0.5798    2.6897    0.0243
    0.5259    2.6897    0.0257    0.4716    2.6897    0.0266
    0.4178    2.6897    0.0270    0.3649    2.6897    0.0267
    0.3136    2.6897    0.0256    0.2645    2.6897    0.0236
    0.2182    2.6897    0.0208    0.1752    2.6897    0.0172
    0.1360    2.6897    0.0126    0.1011    2.6897    0.0073
    0.0709    2.6897    0.0013    0.0458    2.6897   -0.0053
    0.0260    2.6897   -0.0124    0.0118    2.6897   -0.0199
    0.0033    2.6897   -0.0276    0.0006    2.6897   -0.0356
    0.0038    2.6897   -0.0433    0.0129    2.6897   -0.0504
    0.0276    2.6897   -0.0569    0.0478    2.6897   -0.0625
    0.0734    2.6897   -0.0673    0.1039    2.6897   -0.0712
    0.1391    2.6897   -0.0740    0.1785    2.6897   -0.0757
    0.2216    2.6897   -0.0764    0.2680    2.6897   -0.0759
    0.3171    2.6897   -0.0743    0.3684    2.6897   -0.0717
    0.4212    2.6897   -0.0683    0.4749    2.6897   -0.0641
    0.5289    2.6897   -0.0593    0.5825    2.6897   -0.0541
    0.6353    2.6897   -0.0485    0.6864    2.6897   -0.0427
    0.7353    2.6897   -0.0368    0.7816    2.6897   -0.0310
    0.8245    2.6897   -0.0254    0.8636    2.6897   -0.0201
    0.8985    2.6897   -0.0152    0.9288    2.6897   -0.0108
    0.9540    2.6897   -0.0071    0.9740    2.6897   -0.0040
    0.9884    2.6897   -0.0018    0.9971    2.6897   -0.0005
    1.0000    2.6897    0.0000
    1.0000    2.7931    0.0000    0.9971    2.7931    0.0002
    0.9883    2.7931    0.0010    0.9737    2.7931    0.0022
    0.9536    2.7931    0.0037    0.9282    2.7931    0.0057
    0.8977    2.7931    0.0078    0.8625    2.7931    0.0102
    0.8231    2.7931    0.0127    0.7799    2.7931    0.0152
    0.7334    2.7931    0.0176    0.6841    2.7931    0.0200
    0.6327    2.7931    0.0220    0.5797    2.7931    0.0238
    0.5258    2.7931    0.0252    0.4716    2.7931    0.0261
    0.4178    2.7931    0.0264    0.3649    2.7931    0.0260
    0.3136    2.7931    0.0249    0.2645    2.7931    0.0229
    0.2181    2.7931    0.0200    0.1752    2.7931    0.0163
    0.1360    2.7931    0.0118    0.1011    2.7931    0.0064
    0.0709    2.7931    0.0004    0.0458    2.7931   -0.0063
    0.0260    2.7931   -0.0134    0.0118    2.7931   -0.0209
    0.0033    2.7931   -0.0286    0.0007    2.7931   -0.0366
    0.0039    2.7931   -0.0443    0.0129    2.7931   -0.0514
    0.0276    2.7931   -0.0579    0.0479    2.7931   -0.0635
    0.0735    2.7931   -0.0683    0.1040    2.7931   -0.0721
    0.1392    2.7931   -0.0749    0.1786    2.7931   -0.0766
    0.2217    2.7931   -0.0772    0.2681    2.7931   -0.0766
    0.3172    2.7931   -0.0750    0.3685    2.7931   -0.0724
    0.4212    2.7931   -0.0689    0.4749    2.7931   -0.0647
    0.5289    2.7931   -0.0598    0.5826    2.7931   -0.0545
    0.6353    2.7931   -0.0488    0.6864    2.7931   -0.0430
    0.7354    2.7931   -0.0371    0.7816    2.7931   -0.0313
    0.8245    2.7931   -0.0256    0.8636    2.7931   -0.0202
    0.8985    2.7931   -0.0153    0.9288    2.7931   -0.0109
    0.9540    2.7931   -0.0071    0.9740    2.7931   -0.0041
    0.9884    2.7931   -0.0018    0.9971    2.7931   -0.0005
    1.0000    2.7931    0.0000
    1.0000    2.8966    0.0000    0.9971    2.8966    0.0002
    0.9883    2.8966    0.0010    0.9737    2.8966    0.0021
    0.9536    2.8966    0.0037    0.9282    2.8966    0.0056
    0.8977    2.8966    0.0077    0.8625    2.8966    0.0101
    0.8231    2.8966    0.0125    0.7799    2.8966    0.0149
    0.7334    2.8966    0.0173    0.6841    2.8966    0.0196
    0.6327    2.8966    0.0216    0.5797    2.8966    0.0233
    0.5258    2.8966    0.0247    0.4716    2.8966    0.0255
    0.4177    2.8966    0.0257    0.3648    2.8966    0.0253
    0.3135    2.8966    0.0241    0.2644    2.8966    0.0220
    0.2181    2.8966    0.0191    0.1751    2.8966    0.0154
    0.1360    2.8966    0.0108    0.1011    2.8966    0.0054
    0.0709    2.8966   -0.0007    0.0458    2.8966   -0.0074
    0.0260    2.8966   -0.0145    0.0118    2.8966   -0.0220
    0.0033    2.8966   -0.0298    0.0007    2.8966   -0.0377
    0.0039    2.8966   -0.0455    0.0130    2.8966   -0.0526
    0.0277    2.8966   -0.0590    0.0480    2.8966   -0.0646
    0.0735    2.8966   -0.0694    0.1041    2.8966   -0.0732
    0.1393    2.8966   -0.0759    0.1786    2.8966   -0.0775
    0.2218    2.8966   -0.0781    0.2682    2.8966   -0.0775
    0.3173    2.8966   -0.0758    0.3685    2.8966   -0.0731
    0.4213    2.8966   -0.0696    0.4750    2.8966   -0.0653
    0.5290    2.8966   -0.0604    0.5827    2.8966   -0.0550
    0.6354    2.8966   -0.0493    0.6865    2.8966   -0.0434
    0.7354    2.8966   -0.0374    0.7816    2.8966   -0.0315
    0.8245    2.8966   -0.0258    0.8637    2.8966   -0.0204
    0.8986    2.8966   -0.0154    0.9288    2.8966   -0.0110
    0.9540    2.8966   -0.0072    0.9740    2.8966   -0.0041
    0.9884    2.8966   -0.0018    0.9971    2.8966   -0.0005
    1.0000    2.8966    0.0000
    1.0000    3.0000    0.0000    0.9971    3.0000    0.0002
    0.9883    3.0000    0.0009    0.9737    3.0000    0.0021
    0.9536    3.0000    0.0036    0.9282    3.0000    0.0055
    0.8977    3.0000    0.0076    0.8625    3.0000    0.0099
    0.8231    3.0000    0.0123    0.7799    3.0000    0.0147
    0.7333    3.0000    0.0170    0.6841    3.0000    0.0192
    0.6327    3.0000    0.0212    0.5797    3.0000    0.0228
    0.5258    3.0000    0.0241    0.4716    3.0000    0.0248
    0.4177    3.0000    0.0250    0.3648    3.0000    0.0245
    0.3135    3.0000    0.0232    0.2644    3.0000    0.0211
    0.2181    3.0000    0.0181    0.1751    3.0000    0.0143
    0.1360    3.0000    0.0097    0.1011    3.0000    0.0042
    0.0709    3.0000   -0.0019    0.0458    3.0000   -0.0086
    0.0260    3.0000   -0.0158    0.0118    3.0000   -0.0233
    0.0034    3.0000   -0.0311    0.0008    3.0000   -0.0390
    0.0040    3.0000   -0.0467    0.0130    3.0000   -0.0538
    0.0278    3.0000   -0.0602    0.0481    3.0000   -0.0658
    0.0736    3.0000   -0.0705    0.1042    3.0000   -0.0743
    0.1394    3.0000   -0.0770    0.1787    3.0000   -0.0786
    0.2219    3.0000   -0.0790    0.2683    3.0000   -0.0784
    0.3174    3.0000   -0.0766    0.3686    3.0000   -0.0739
    0.4214    3.0000   -0.0703    0.4751    3.0000   -0.0659
    0.5291    3.0000   -0.0610    0.5827    3.0000   -0.0555
    0.6354    3.0000   -0.0497    0.6865    3.0000   -0.0438
    0.7355    3.0000   -0.0377    0.7817    3.0000   -0.0318
    0.8246    3.0000   -0.0260    0.8637    3.0000   -0.0206
    0.8986    3.0000   -0.0156    0.9288    3.0000   -0.0111
    0.9540    3.0000   -0.0072    0.9740    3.0000   -0.0041
    0.9884    3.0000   -0.0019    0.9971    3.0000   -0.0005
    1.0000    3.0000    0.0000
$POINTS for network #  2   wingtip                                           
       1.0
       1.0                                     0.0       0.0
      30.0       8.0                                                  wingtip   
    1.0000    3.0000    0.0000    0.9971    3.0000    0.0002
    0.9883    3.0000    0.0009    0.9737    3.0000    0.0021
    0.9536    3.0000    0.0036    0.9282    3.0000    0.0055
    0.8977    3.0000    0.0076    0.8625    3.0000    0.0099
    0.8231    3.0000    0.0123    0.7799    3.0000    0.0147
    0.7333    3.0000    0.0170    0.6841    3.0000    0.0192
    0.6327    3.0000    0.0212    0.5797    3.0000    0.0228
    0.5258    3.0000    0.0241    0.4716    3.0000    0.0248
    0.4177    3.0000    0.0250    0.3648    3.0000    0.0245
    0.3135    3.0000    0.0232    0.2644    3.0000    0.0211
    0.2181    3.0000    0.0181    0.1751    3.0000    0.0143
    0.1360    3.0000    0.0097    0.1011    3.0000    0.0042
    0.0709    3.0000   -0.0019    0.0458    3.0000   -0.0086
    0.0260    3.0000   -0.0158    0.0118    3.0000   -0.0233
    0.0034    3.0000   -0.0311    0.0008    3.0000   -0.0390
    1.0000    3.0000    0.0000    0.9971    3.0002    0.0002
    0.9883    3.0006    0.0008    0.9737    3.0014    0.0018
    0.9536    3.0024    0.0031    0.9282    3.0036    0.0047
    0.8977    3.0050    0.0065    0.8626    3.0066    0.0084
    0.8232    3.0083    0.0104    0.7799    3.0101    0.0124
    0.7334    3.0119    0.0143    0.6842    3.0137    0.0161
    0.6328    3.0154    0.0176    0.5798    3.0170    0.0189
    0.5259    3.0185    0.0199    0.4717    3.0197    0.0203
    0.4179    3.0207    0.0203    0.3650    3.0214    0.0196
    0.3137    3.0217    0.0183    0.2646    3.0216    0.0162
    0.2183    3.0211    0.0133    0.1753    3.0202    0.0097
    0.1361    3.0188    0.0054    0.1013    3.0170    0.0003
    0.0711    3.0149   -0.0053    0.0459    3.0124   -0.0114
    0.0261    3.0097   -0.0180    0.0119    3.0066   -0.0248
    0.0034    3.0034   -0.0318    0.0008    3.0000   -0.0390
    1.0000    3.0000    0.0000    0.9971    3.0003    0.0001
    0.9883    3.0011    0.0004    0.9738    3.0024    0.0009
    0.9537    3.0042    0.0016    0.9283    3.0065    0.0024
    0.8978    3.0091    0.0032    0.8627    3.0119    0.0042
    0.8234    3.0150    0.0051    0.7802    3.0182    0.0059
    0.7337    3.0214    0.0067    0.6845    3.0246    0.0073
    0.6332    3.0277    0.0078    0.5803    3.0306    0.0081
    0.5264    3.0333    0.0081    0.4722    3.0355    0.0077
    0.4184    3.0373    0.0070    0.3655    3.0385    0.0060
    0.3142    3.0391    0.0044    0.2651    3.0389    0.0024
    0.2188    3.0380   -0.0002    0.1758    3.0363   -0.0032
    0.1366    3.0339   -0.0067    0.1017    3.0307   -0.0106
    0.0714    3.0269   -0.0148    0.0462    3.0224   -0.0194
    0.0264    3.0174   -0.0241    0.0121    3.0120   -0.0290
    0.0035    3.0061   -0.0340    0.0008    3.0000   -0.0390
    1.0000    3.0000    0.0000    0.9971    3.0003   -0.0000
    0.9883    3.0014   -0.0001    0.9738    3.0030   -0.0003
    0.9538    3.0053   -0.0006    0.9284    3.0081   -0.0009
    0.8980    3.0113   -0.0014    0.8630    3.0149   -0.0020
    0.8237    3.0187   -0.0026    0.7806    3.0227   -0.0034
    0.7342    3.0267   -0.0043    0.6850    3.0307   -0.0053
    0.6337    3.0346   -0.0064    0.5809    3.0382   -0.0076
    0.5271    3.0415   -0.0090    0.4729    3.0443   -0.0105
    0.4191    3.0465   -0.0121    0.3663    3.0480   -0.0138
    0.3150    3.0487   -0.0156    0.2659    3.0485   -0.0176
    0.2196    3.0474   -0.0196    0.1765    3.0453   -0.0218
    0.1373    3.0423   -0.0240    0.1023    3.0383   -0.0263
    0.0720    3.0335   -0.0286    0.0467    3.0279   -0.0308
    0.0267    3.0217   -0.0330    0.0123    3.0149   -0.0352
    0.0036    3.0077   -0.0372    0.0008    3.0000   -0.0390
    1.0000    3.0000    0.0000    0.9971    3.0003   -0.0002
    0.9883    3.0014   -0.0008    0.9739    3.0030   -0.0017
    0.9539    3.0053   -0.0030    0.9286    3.0081   -0.0046
    0.8982    3.0113   -0.0066    0.8632    3.0149   -0.0087
    0.8240    3.0187   -0.0111    0.7810    3.0227   -0.0137
    0.7346    3.0267   -0.0165    0.6856    3.0307   -0.0193
    0.6344    3.0346   -0.0222    0.5816    3.0382   -0.0251
    0.5278    3.0415   -0.0279    0.4737    3.0443   -0.0307
    0.4200    3.0465   -0.0333    0.3671    3.0480   -0.0357
    0.3159    3.0487   -0.0378    0.2668    3.0485   -0.0397
    0.2204    3.0474   -0.0413    0.1773    3.0453   -0.0425
    0.1380    3.0423   -0.0433    0.1030    3.0383   -0.0438
    0.0726    3.0335   -0.0439    0.0472    3.0279   -0.0436
    0.0271    3.0217   -0.0429    0.0126    3.0149   -0.0420
    0.0038    3.0077   -0.0406    0.0008    3.0000   -0.0390
    1.0000    3.0000    0.0000    0.9971    3.0003   -0.0003
    0.9884    3.0011   -0.0013    0.9739    3.0024   -0.0030
    0.9540    3.0042   -0.0052    0.9287    3.0065   -0.0080
    0.8984    3.0091   -0.0112    0.8635    3.0119   -0.0148
    0.8243    3.0150   -0.0188    0.7813    3.0182   -0.0230
    0.7351    3.0214   -0.0274    0.6861    3.0246   -0.0319
    0.6349    3.0277   -0.0364    0.5822    3.0306   -0.0408
    0.5285    3.0333   -0.0450    0.4744    3.0355   -0.0489
    0.4207    3.0373   -0.0524    0.3679    3.0385   -0.0554
    0.3167    3.0391   -0.0579    0.2676    3.0389   -0.0597
    0.2212    3.0380   -0.0608    0.1781    3.0363   -0.0611
    0.1387    3.0339   -0.0607    0.1036    3.0307   -0.0595
    0.0731    3.0269   -0.0576    0.0476    3.0224   -0.0551
    0.0275    3.0174   -0.0519    0.0128    3.0120   -0.0481
    0.0039    3.0061   -0.0438    0.0008    3.0000   -0.0390
    1.0000    3.0000    0.0000    0.9971    3.0002   -0.0004
    0.9884    3.0006   -0.0017    0.9740    3.0014   -0.0038
    0.9540    3.0024   -0.0067    0.9288    3.0036   -0.0103
    0.8985    3.0050   -0.0144    0.8636    3.0066   -0.0191
    0.8245    3.0083   -0.0241    0.7816    3.0101   -0.0295
    0.7354    3.0119   -0.0350    0.6864    3.0137   -0.0406
    0.6353    3.0154   -0.0462    0.5826    3.0170   -0.0516
    0.5289    3.0185   -0.0568    0.4749    3.0197   -0.0615
    0.4212    3.0207   -0.0656    0.3684    3.0214   -0.0691
    0.3172    3.0217   -0.0717    0.2681    3.0216   -0.0735
    0.2217    3.0211   -0.0742    0.1786    3.0202   -0.0740
    0.1392    3.0188   -0.0727    0.1040    3.0170   -0.0704
    0.0735    3.0149   -0.0671    0.0479    3.0124   -0.0630
    0.0277    3.0097   -0.0580    0.0130    3.0066   -0.0523
    0.0040    3.0034   -0.0460    0.0008    3.0000   -0.0390
    1.0000    3.0000    0.0000    0.9971    3.0000   -0.0005
    0.9884    3.0000   -0.0019    0.9740    3.0000   -0.0041
    0.9540    3.0000   -0.0072    0.9288    3.0000   -0.0111
    0.8986    3.0000   -0.0156    0.8637    3.0000   -0.0206
    0.8246    3.0000   -0.0260    0.7817    3.0000   -0.0318
    0.7355    3.0000   -0.0377    0.6865    3.0000   -0.0438
    0.6354    3.0000   -0.0497    0.5827    3.0000   -0.0555
    0.5291    3.0000   -0.0610    0.4751    3.0000   -0.0659
    0.4214    3.0000   -0.0703    0.3686    3.0000   -0.0739
    0.3174    3.0000   -0.0766    0.2683    3.0000   -0.0784
    0.2219    3.0000   -0.0790    0.1787    3.0000   -0.0786
    0.1394    3.0000   -0.0770    0.1042    3.0000   -0.0743
    0.0736    3.0000   -0.0705    0.0481    3.0000   -0.0658
    0.0278    3.0000   -0.0602    0.0130    3.0000   -0.0538
    0.0040    3.0000   -0.0467    0.0008    3.0000   -0.0390
$POINTS for network #  3   wingwake                                          
       1.0
      18.0                                     0.0       0.0
       2.0      30.0                                                  wingwake  
    1.0000    0.0000    0.0000   50.0000    0.0000    0.0000
    1.0000    0.1034    0.0000   50.0000    0.1034    0.0000
    1.0000    0.2069    0.0000   50.0000    0.2069    0.0000
    1.0000    0.3103    0.0000   50.0000    0.3103    0.0000
    1.0000    0.4138    0.0000   50.0000    0.4138    0.0000
    1.0000    0.5172    0.0000   50.0000    0.5172    0.0000
    1.0000    0.6207    0.0000   50.0000    0.6207    0.0000
    1.0000    0.7241    0.0000   50.0000    0.7241    0.0000
    1.0000    0.8276    0.0000   50.0000    0.8276    0.0000
    1.0000    0.9310    0.0000   50.0000    0.9310    0.0000
    1.0000    1.0345    0.0000   50.0000    1.0345    0.0000
    1.0000    1.1379    0.0000   50.0000    1.1379    0.0000
    1.0000    1.2414    0.0000   50.0000    1.2414    0.0000
    1.0000    1.3448    0.0000   50.0000    1.3448    0.0000
    1.0000    1.4483    0.0000   50.0000    1.4483    0.0000
    1.0000    1.5517    0.0000   50.0000    1.5517    0.0000
    1.0000    1.6552    0.0000   50.0000    1.6552    0.0000
    1.0000    1.7586    0.0000   50.0000    1.7586    0.0000
    1.0000    1.8621    0.0000   50.0000    1.8621    0.0000
    1.0000    1.9655    0.0000   50.0000    1.9655    0.0000
    1.0000    2.0690    0.0000   50.0000    2.0690    0.0000
    1.0000    2.1724    0.0000   50.0000    2.1724    0.0000
    1.0000    2.2759    0.0000   50.0000    2.2759    0.0000
    1.0000    2.3793    0.0000   50.0000    2.3793    0.0000
    1.0000    2.4828    0.0000   50.0000    2.4828    0.0000
    1.0000    2.5862    0.0000   50.0000    2.5862    0.0000
    1.0000    2.6897    0.0000   50.0000    2.6897    0.0000
    1.0000    2.7931    0.0000   50.0000    2.7931    0.0000
    1.0000    2.8966    0.0000   50.0000    2.8966    0.0000
    1.0000    3.0000    0.0000   50.0000    3.0000    0.0000
$END OF INPUT DATA
