(f5.0,4f13.4)
$title INPUT FILE FOR PanAir (A502-ht2)                                        
$title Created by PANIN                                                        
$      second order pressures at grid points
*dupt
*dup
n01c001
 irow            x            y            z          cp1
    1  1.00000E+02  0.00000E+00  0.00000E+00  4.03796E-01
    2  9.95722E+01  0.00000E+00  6.20000E-02  3.17007E-01
    3  9.82963E+01  0.00000E+00  2.44900E-01  1.96475E-01
    4  9.61940E+01  0.00000E+00  5.39900E-01  1.21155E-01
    5  9.33013E+01  0.00000E+00  9.33200E-01  5.69671E-02
    6  8.96677E+01  0.00000E+00  1.40760E+00 -1.36292E-03
    7  8.53553E+01  0.00000E+00  1.94380E+00 -5.61454E-02
    8  8.04381E+01  0.00000E+00  2.52170E+00 -1.09182E-01
    9  7.50000E+01  0.00000E+00  3.12040E+00 -1.62030E-01
   10  6.91342E+01  0.00000E+00  3.71880E+00 -2.16249E-01
   11  6.29410E+01  0.00000E+00  4.29490E+00 -2.73382E-01
   12  5.65263E+01  0.00000E+00  4.82550E+00 -3.34772E-01
   13  5.00000E+01  0.00000E+00  5.28610E+00 -4.01592E-01
   14  4.34737E+01  0.00000E+00  5.65140E+00 -4.74827E-01
   15  3.70590E+01  0.00000E+00  5.89650E+00 -5.55147E-01
   16  3.08658E+01  0.00000E+00  5.99880E+00 -6.43118E-01
   17  2.50000E+01  0.00000E+00  5.94080E+00 -7.39776E-01
   18  1.95619E+01  0.00000E+00  5.71140E+00 -8.46984E-01
   19  1.46447E+01  0.00000E+00  5.30830E+00 -9.68517E-01
   20  1.03323E+01  0.00000E+00  4.73790E+00 -1.11220E+00
   21  6.69870E+00  0.00000E+00  4.01450E+00 -1.29521E+00
   22  3.80600E+00  0.00000E+00  3.15800E+00 -1.57139E+00
   23  1.70370E+00  0.00000E+00  2.19040E+00 -2.07194E+00
   24  4.27800E-01  0.00000E+00  1.13240E+00 -2.09303E+00
   25  0.00000E+00  0.00000E+00  0.00000E+00 -1.49112E-01
   26  4.27800E-01  0.00000E+00 -1.13240E+00  1.33097E+00
   27  1.70370E+00  0.00000E+00 -2.19040E+00  9.22876E-01
   28  3.80600E+00  0.00000E+00 -3.15800E+00  5.01197E-01
   29  6.69870E+00  0.00000E+00 -4.01450E+00  2.88562E-01
   30  1.03323E+01  0.00000E+00 -4.73790E+00  1.56870E-01
   31  1.46447E+01  0.00000E+00 -5.30830E+00  7.01603E-02
   32  1.95619E+01  0.00000E+00 -5.71140E+00  1.40387E-02
   33  2.50000E+01  0.00000E+00 -5.94080E+00 -2.00484E-02
   34  3.08658E+01  0.00000E+00 -5.99880E+00 -3.81000E-02
   35  3.70590E+01  0.00000E+00 -5.89650E+00 -4.46533E-02
   36  4.34737E+01  0.00000E+00 -5.65140E+00 -4.31319E-02
   37  5.00000E+01  0.00000E+00 -5.28610E+00 -3.61687E-02
   38  5.65263E+01  0.00000E+00 -4.82550E+00 -2.56280E-02
   39  6.29410E+01  0.00000E+00 -4.29490E+00 -1.25710E-02
   40  6.91342E+01  0.00000E+00 -3.71880E+00  2.60465E-03
   41  7.50000E+01  0.00000E+00 -3.12040E+00  1.99827E-02
   42  8.04381E+01  0.00000E+00 -2.52170E+00  4.00847E-02
   43  8.53553E+01  0.00000E+00 -1.94380E+00  6.37680E-02
   44  8.96677E+01  0.00000E+00 -1.40760E+00  9.20703E-02
   45  9.33013E+01  0.00000E+00 -9.33200E-01  1.26429E-01
   46  9.61940E+01  0.00000E+00 -5.39900E-01  1.69044E-01
   47  9.82963E+01  0.00000E+00 -2.44900E-01  2.25011E-01
   48  9.95722E+01  0.00000E+00 -6.20000E-02  3.27451E-01
   49  1.00000E+02  0.00000E+00  0.00000E+00  4.04598E-01
*eof
n01c002
    1  1.00000E+02  1.57895E+01  0.00000E+00  4.03762E-01
    2  9.95722E+01  1.57895E+01  6.20000E-02  3.27565E-01
    3  9.82963E+01  1.57895E+01  2.44900E-01  2.13975E-01
    4  9.61940E+01  1.57895E+01  5.39900E-01  1.30727E-01
    5  9.33013E+01  1.57895E+01  9.33200E-01  6.26765E-02
    6  8.96677E+01  1.57895E+01  1.40760E+00  2.34546E-03
    7  8.53553E+01  1.57895E+01  1.94380E+00 -5.36743E-02
    8  8.04381E+01  1.57895E+01  2.52170E+00 -1.07594E-01
    9  7.50000E+01  1.57895E+01  3.12040E+00 -1.61164E-01
   10  6.91342E+01  1.57895E+01  3.71880E+00 -2.16018E-01
   11  6.29410E+01  1.57895E+01  4.29490E+00 -2.73718E-01
   12  5.65263E+01  1.57895E+01  4.82550E+00 -3.35639E-01
   13  5.00000E+01  1.57895E+01  5.28610E+00 -4.02976E-01
   14  4.34737E+01  1.57895E+01  5.65140E+00 -4.76739E-01
   15  3.70590E+01  1.57895E+01  5.89650E+00 -5.57688E-01
   16  3.08658E+01  1.57895E+01  5.99880E+00 -6.46564E-01
   17  2.50000E+01  1.57895E+01  5.94080E+00 -7.44620E-01
   18  1.95619E+01  1.57895E+01  5.71140E+00 -8.54130E-01
   19  1.46447E+01  1.57895E+01  5.30830E+00 -9.79576E-01
   20  1.03323E+01  1.57895E+01  4.73790E+00 -1.12993E+00
   21  6.69870E+00  1.57895E+01  4.01450E+00 -1.32262E+00
   22  3.80600E+00  1.57895E+01  3.15800E+00 -1.59014E+00
   23  1.70370E+00  1.57895E+01  2.19040E+00 -1.93057E+00
   24  4.27800E-01  1.57895E+01  1.13240E+00 -1.76962E+00
   25  0.00000E+00  1.57895E+01  0.00000E+00 -1.98145E-01
   26  4.27800E-01  1.57895E+01 -1.13240E+00  1.02314E+00
   27  1.70370E+00  1.57895E+01 -2.19040E+00  8.67183E-01
   28  3.80600E+00  1.57895E+01 -3.15800E+00  5.35825E-01
   29  6.69870E+00  1.57895E+01 -4.01450E+00  3.15811E-01
   30  1.03323E+01  1.57895E+01 -4.73790E+00  1.73352E-01
   31  1.46447E+01  1.57895E+01 -5.30830E+00  8.02065E-02
   32  1.95619E+01  1.57895E+01 -5.71140E+00  2.03935E-02
   33  2.50000E+01  1.57895E+01 -5.94080E+00 -1.59264E-02
   34  3.08658E+01  1.57895E+01 -5.99880E+00 -3.54221E-02
   35  3.70590E+01  1.57895E+01 -5.89650E+00 -4.29414E-02
   36  4.34737E+01  1.57895E+01 -5.65140E+00 -4.20745E-02
   37  5.00000E+01  1.57895E+01 -5.28610E+00 -3.55184E-02
   38  5.65263E+01  1.57895E+01 -4.82550E+00 -2.51628E-02
   39  6.29410E+01  1.57895E+01 -4.29490E+00 -1.21058E-02
   40  6.91342E+01  1.57895E+01 -3.71880E+00  3.22248E-03
   41  7.50000E+01  1.57895E+01 -3.12040E+00  2.09025E-02
   42  8.04381E+01  1.57895E+01 -2.52170E+00  4.14618E-02
   43  8.53553E+01  1.57895E+01 -1.94380E+00  6.57973E-02
   44  8.96677E+01  1.57895E+01 -1.40760E+00  9.51139E-02
   45  9.33013E+01  1.57895E+01 -9.33200E-01  1.31238E-01
   46  9.61940E+01  1.57895E+01 -5.39900E-01  1.77396E-01
   47  9.82963E+01  1.57895E+01 -2.44900E-01  2.40912E-01
   48  9.95722E+01  1.57895E+01 -6.20000E-02  3.37183E-01
   49  1.00000E+02  1.57895E+01  0.00000E+00  4.04575E-01
*eof
n01c003
    1  1.00000E+02  3.15789E+01  0.00000E+00  4.03754E-01
    2  9.95722E+01  3.15789E+01  6.20000E-02  3.23314E-01
    3  9.82963E+01  3.15789E+01  2.44900E-01  2.08704E-01
    4  9.61940E+01  3.15789E+01  5.39900E-01  1.27814E-01
    5  9.33013E+01  3.15789E+01  9.33200E-01  6.10028E-02
    6  8.96677E+01  3.15789E+01  1.40760E+00  1.35154E-03
    7  8.53553E+01  3.15789E+01  1.94380E+00 -5.42238E-02
    8  8.04381E+01  3.15789E+01  2.52170E+00 -1.07809E-01
    9  7.50000E+01  3.15789E+01  3.12040E+00 -1.61092E-01
   10  6.91342E+01  3.15789E+01  3.71880E+00 -2.15684E-01
   11  6.29410E+01  3.15789E+01  4.29490E+00 -2.73142E-01
   12  5.65263E+01  3.15789E+01  4.82550E+00 -3.34829E-01
   13  5.00000E+01  3.15789E+01  5.28610E+00 -4.01935E-01
   14  4.34737E+01  3.15789E+01  5.65140E+00 -4.75461E-01
   15  3.70590E+01  3.15789E+01  5.89650E+00 -5.56144E-01
   16  3.08658E+01  3.15789E+01  5.99880E+00 -6.44668E-01
   17  2.50000E+01  3.15789E+01  5.94080E+00 -7.42219E-01
   18  1.95619E+01  3.15789E+01  5.71140E+00 -8.50925E-01
   19  1.46447E+01  3.15789E+01  5.30830E+00 -9.74985E-01
   20  1.03323E+01  3.15789E+01  4.73790E+00 -1.12291E+00
   21  6.69870E+00  3.15789E+01  4.01450E+00 -1.31186E+00
   22  3.80600E+00  3.15789E+01  3.15800E+00 -1.58010E+00
   23  1.70370E+00  3.15789E+01  2.19040E+00 -1.96573E+00
   24  4.27800E-01  3.15789E+01  1.13240E+00 -1.87106E+00
   25  0.00000E+00  3.15789E+01  0.00000E+00 -1.73858E-01
   26  4.27800E-01  3.15789E+01 -1.13240E+00  1.12518E+00
   27  1.70370E+00  3.15789E+01 -2.19040E+00  8.81722E-01
   28  3.80600E+00  3.15789E+01 -3.15800E+00  5.23495E-01
   29  6.69870E+00  3.15789E+01 -4.01450E+00  3.05794E-01
   30  1.03323E+01  3.15789E+01 -4.73790E+00  1.66768E-01
   31  1.46447E+01  3.15789E+01 -5.30830E+00  7.57780E-02
   32  1.95619E+01  3.15789E+01 -5.71140E+00  1.72855E-02
   33  2.50000E+01  3.15789E+01 -5.94080E+00 -1.81739E-02
   34  3.08658E+01  3.15789E+01 -5.99880E+00 -3.70777E-02
   35  3.70590E+01  3.15789E+01 -5.89650E+00 -4.41793E-02
   36  4.34737E+01  3.15789E+01 -5.65140E+00 -4.30137E-02
   37  5.00000E+01  3.15789E+01 -5.28610E+00 -3.62529E-02
   38  5.65263E+01  3.15789E+01 -4.82550E+00 -2.57723E-02
   39  6.29410E+01  3.15789E+01 -4.29490E+00 -1.26570E-02
   40  6.91342E+01  3.15789E+01 -3.71880E+00  2.67526E-03
   41  7.50000E+01  3.15789E+01 -3.12040E+00  2.03081E-02
   42  8.04381E+01  3.15789E+01 -2.52170E+00  4.07662E-02
   43  8.53553E+01  3.15789E+01 -1.94380E+00  6.49341E-02
   44  8.96677E+01  3.15789E+01 -1.40760E+00  9.39656E-02
   45  9.33013E+01  3.15789E+01 -9.33200E-01  1.29565E-01
   46  9.61940E+01  3.15789E+01 -5.39900E-01  1.74655E-01
   47  9.82963E+01  3.15789E+01 -2.44900E-01  2.35984E-01
   48  9.95722E+01  3.15789E+01 -6.20000E-02  3.33208E-01
   49  1.00000E+02  3.15789E+01  0.00000E+00  4.04576E-01
*eof
n01c004
    1  1.00000E+02  4.73684E+01  0.00000E+00  4.03790E-01
    2  9.95722E+01  4.73684E+01  6.20000E-02  3.23376E-01
    3  9.82963E+01  4.73684E+01  2.44900E-01  2.08822E-01
    4  9.61940E+01  4.73684E+01  5.39900E-01  1.27995E-01
    5  9.33013E+01  4.73684E+01  9.33200E-01  6.12525E-02
    6  8.96677E+01  4.73684E+01  1.40760E+00  1.67712E-03
    7  8.53553E+01  4.73684E+01  1.94380E+00 -5.38163E-02
    8  8.04381E+01  4.73684E+01  2.52170E+00 -1.07314E-01
    9  7.50000E+01  4.73684E+01  3.12040E+00 -1.60505E-01
   10  6.91342E+01  4.73684E+01  3.71880E+00 -2.15000E-01
   11  6.29410E+01  4.73684E+01  4.29490E+00 -2.72355E-01
   12  5.65263E+01  4.73684E+01  4.82550E+00 -3.33930E-01
   13  5.00000E+01  4.73684E+01  5.28610E+00 -4.00912E-01
   14  4.34737E+01  4.73684E+01  5.65140E+00 -4.74298E-01
   15  3.70590E+01  4.73684E+01  5.89650E+00 -5.54812E-01
   16  3.08658E+01  4.73684E+01  5.99880E+00 -6.43125E-01
   17  2.50000E+01  4.73684E+01  5.94080E+00 -7.40407E-01
   18  1.95619E+01  4.73684E+01  5.71140E+00 -8.48776E-01
   19  1.46447E+01  4.73684E+01  5.30830E+00 -9.72444E-01
   20  1.03323E+01  4.73684E+01  4.73790E+00 -1.11997E+00
   21  6.69870E+00  4.73684E+01  4.01450E+00 -1.30851E+00
   22  3.80600E+00  4.73684E+01  3.15800E+00 -1.57612E+00
   23  1.70370E+00  4.73684E+01  2.19040E+00 -1.96002E+00
   24  4.27800E-01  4.73684E+01  1.13240E+00 -1.86273E+00
   25  0.00000E+00  4.73684E+01  0.00000E+00 -1.67544E-01
   26  4.27800E-01  4.73684E+01 -1.13240E+00  1.12548E+00
   27  1.70370E+00  4.73684E+01 -2.19040E+00  8.79636E-01
   28  3.80600E+00  4.73684E+01 -3.15800E+00  5.21392E-01
   29  6.69870E+00  4.73684E+01 -4.01450E+00  3.04036E-01
   30  1.03323E+01  4.73684E+01 -4.73790E+00  1.65366E-01
   31  1.46447E+01  4.73684E+01 -5.30830E+00  7.46046E-02
   32  1.95619E+01  4.73684E+01 -5.71140E+00  1.62391E-02
   33  2.50000E+01  4.73684E+01 -5.94080E+00 -1.91394E-02
   34  3.08658E+01  4.73684E+01 -5.99880E+00 -3.79737E-02
   35  3.70590E+01  4.73684E+01 -5.89650E+00 -4.50043E-02
   36  4.34737E+01  4.73684E+01 -5.65140E+00 -4.37649E-02
   37  5.00000E+01  4.73684E+01 -5.28610E+00 -3.69298E-02
   38  5.65263E+01  4.73684E+01 -4.82550E+00 -2.63767E-02
   39  6.29410E+01  4.73684E+01 -4.29490E+00 -1.31917E-02
   40  6.91342E+01  4.73684E+01 -3.71880E+00  2.20749E-03
   41  7.50000E+01  4.73684E+01 -3.12040E+00  1.99050E-02
   42  8.04381E+01  4.73684E+01 -2.52170E+00  4.04255E-02
   43  8.53553E+01  4.73684E+01 -1.94380E+00  6.46545E-02
   44  8.96677E+01  4.73684E+01 -1.40760E+00  9.37459E-02
   45  9.33013E+01  4.73684E+01 -9.33200E-01  1.29405E-01
   46  9.61940E+01  4.73684E+01 -5.39900E-01  1.74552E-01
   47  9.82963E+01  4.73684E+01 -2.44900E-01  2.35933E-01
   48  9.95722E+01  4.73684E+01 -6.20000E-02  3.33203E-01
   49  1.00000E+02  4.73684E+01  0.00000E+00  4.04595E-01
*eof
n01c005
    1  1.00000E+02  6.31579E+01  0.00000E+00  4.03835E-01
    2  9.95722E+01  6.31579E+01  6.20000E-02  3.23463E-01
    3  9.82963E+01  6.31579E+01  2.44900E-01  2.08991E-01
    4  9.61940E+01  6.31579E+01  5.39900E-01  1.28256E-01
    5  9.33013E+01  6.31579E+01  9.33200E-01  6.16136E-02
    6  8.96677E+01  6.31579E+01  1.40760E+00  2.14534E-03
    7  8.53553E+01  6.31579E+01  1.94380E+00 -5.32343E-02
    8  8.04381E+01  6.31579E+01  2.52170E+00 -1.06612E-01
    9  7.50000E+01  6.31579E+01  3.12040E+00 -1.59676E-01
   10  6.91342E+01  6.31579E+01  3.71880E+00 -2.14037E-01
   11  6.29410E+01  6.31579E+01  4.29490E+00 -2.71249E-01
   12  5.65263E+01  6.31579E+01  4.82550E+00 -3.32671E-01
   13  5.00000E+01  6.31579E+01  5.28610E+00 -3.99486E-01
   14  4.34737E+01  6.31579E+01  5.65140E+00 -4.72687E-01
   15  3.70590E+01  6.31579E+01  5.89650E+00 -5.52995E-01
   16  3.08658E+01  6.31579E+01  5.99880E+00 -6.41073E-01
   17  2.50000E+01  6.31579E+01  5.94080E+00 -7.38077E-01
   18  1.95619E+01  6.31579E+01  5.71140E+00 -8.46103E-01
   19  1.46447E+01  6.31579E+01  5.30830E+00 -9.69321E-01
   20  1.03323E+01  6.31579E+01  4.73790E+00 -1.11621E+00
   21  6.69870E+00  6.31579E+01  4.01450E+00 -1.30380E+00
   22  3.80600E+00  6.31579E+01  3.15800E+00 -1.56982E+00
   23  1.70370E+00  6.31579E+01  2.19040E+00 -1.95072E+00
   24  4.27800E-01  6.31579E+01  1.13240E+00 -1.84965E+00
   25  0.00000E+00  6.31579E+01  0.00000E+00 -1.57836E-01
   26  4.27800E-01  6.31579E+01 -1.13240E+00  1.12618E+00
   27  1.70370E+00  6.31579E+01 -2.19040E+00  8.76908E-01
   28  3.80600E+00  6.31579E+01 -3.15800E+00  5.18582E-01
   29  6.69870E+00  6.31579E+01 -4.01450E+00  3.01523E-01
   30  1.03323E+01  6.31579E+01 -4.73790E+00  1.63138E-01
   31  1.46447E+01  6.31579E+01 -5.30830E+00  7.26260E-02
   32  1.95619E+01  6.31579E+01 -5.71140E+00  1.44778E-02
   33  2.50000E+01  6.31579E+01 -5.94080E+00 -2.07106E-02
   34  3.08658E+01  6.31579E+01 -5.99880E+00 -3.93789E-02
   35  3.70590E+01  6.31579E+01 -5.89650E+00 -4.62632E-02
   36  4.34737E+01  6.31579E+01 -5.65140E+00 -4.48924E-02
   37  5.00000E+01  6.31579E+01 -5.28610E+00 -3.79373E-02
   38  5.65263E+01  6.31579E+01 -4.82550E+00 -2.72724E-02
   39  6.29410E+01  6.31579E+01 -4.29490E+00 -1.39817E-02
   40  6.91342E+01  6.31579E+01 -3.71880E+00  1.51867E-03
   41  7.50000E+01  6.31579E+01 -3.12040E+00  1.93138E-02
   42  8.04381E+01  6.31579E+01 -2.52170E+00  3.99293E-02
   43  8.53553E+01  6.31579E+01 -1.94380E+00  6.42506E-02
   44  8.96677E+01  6.31579E+01 -1.40760E+00  9.34313E-02
   45  9.33013E+01  6.31579E+01 -9.33200E-01  1.29176E-01
   46  9.61940E+01  6.31579E+01 -5.39900E-01  1.74405E-01
   47  9.82963E+01  6.31579E+01 -2.44900E-01  2.35860E-01
   48  9.95722E+01  6.31579E+01 -6.20000E-02  3.33192E-01
   49  1.00000E+02  6.31579E+01  0.00000E+00  4.04614E-01
*eof
n01c006
    1  1.00000E+02  7.89474E+01  0.00000E+00  4.03894E-01
    2  9.95722E+01  7.89474E+01  6.20000E-02  3.23578E-01
    3  9.82963E+01  7.89474E+01  2.44900E-01  2.09216E-01
    4  9.61940E+01  7.89474E+01  5.39900E-01  1.28604E-01
    5  9.33013E+01  7.89474E+01  9.33200E-01  6.20946E-02
    6  8.96677E+01  7.89474E+01  1.40760E+00  2.76959E-03
    7  8.53553E+01  7.89474E+01  1.94380E+00 -5.24579E-02
    8  8.04381E+01  7.89474E+01  2.52170E+00 -1.05675E-01
    9  7.50000E+01  7.89474E+01  3.12040E+00 -1.58569E-01
   10  6.91342E+01  7.89474E+01  3.71880E+00 -2.12752E-01
   11  6.29410E+01  7.89474E+01  4.29490E+00 -2.69774E-01
   12  5.65263E+01  7.89474E+01  4.82550E+00 -3.30992E-01
   13  5.00000E+01  7.89474E+01  5.28610E+00 -3.97586E-01
   14  4.34737E+01  7.89474E+01  5.65140E+00 -4.70545E-01
   15  3.70590E+01  7.89474E+01  5.89650E+00 -5.50580E-01
   16  3.08658E+01  7.89474E+01  5.99880E+00 -6.38343E-01
   17  2.50000E+01  7.89474E+01  5.94080E+00 -7.34973E-01
   18  1.95619E+01  7.89474E+01  5.71140E+00 -8.42537E-01
   19  1.46447E+01  7.89474E+01  5.30830E+00 -9.65154E-01
   20  1.03323E+01  7.89474E+01  4.73790E+00 -1.11121E+00
   21  6.69870E+00  7.89474E+01  4.01450E+00 -1.29757E+00
   22  3.80600E+00  7.89474E+01  3.15800E+00 -1.56153E+00
   23  1.70370E+00  7.89474E+01  2.19040E+00 -1.93853E+00
   24  4.27800E-01  7.89474E+01  1.13240E+00 -1.83252E+00
   25  0.00000E+00  7.89474E+01  0.00000E+00 -1.45166E-01
   26  4.27800E-01  7.89474E+01 -1.13240E+00  1.12703E+00
   27  1.70370E+00  7.89474E+01 -2.19040E+00  8.73288E-01
   28  3.80600E+00  7.89474E+01 -3.15800E+00  5.14869E-01
   29  6.69870E+00  7.89474E+01 -4.01450E+00  2.98211E-01
   30  1.03323E+01  7.89474E+01 -4.73790E+00  1.60211E-01
   31  1.46447E+01  7.89474E+01 -5.30830E+00  7.00296E-02
   32  1.95619E+01  7.89474E+01 -5.71140E+00  1.21629E-02
   33  2.50000E+01  7.89474E+01 -5.94080E+00 -2.27828E-02
   34  3.08658E+01  7.89474E+01 -5.99880E+00 -4.12381E-02
   35  3.70590E+01  7.89474E+01 -5.89650E+00 -4.79323E-02
   36  4.34737E+01  7.89474E+01 -5.65140E+00 -4.63890E-02
   37  5.00000E+01  7.89474E+01 -5.28610E+00 -3.92750E-02
   38  5.65263E+01  7.89474E+01 -4.82550E+00 -2.84617E-02
   39  6.29410E+01  7.89474E+01 -4.29490E+00 -1.50307E-02
   40  6.91342E+01  7.89474E+01 -3.71880E+00  6.04032E-04
   41  7.50000E+01  7.89474E+01 -3.12040E+00  1.85288E-02
   42  8.04381E+01  7.89474E+01 -2.52170E+00  3.92700E-02
   43  8.53553E+01  7.89474E+01 -1.94380E+00  6.37134E-02
   44  8.96677E+01  7.89474E+01 -1.40760E+00  9.30126E-02
   45  9.33013E+01  7.89474E+01 -9.33200E-01  1.28871E-01
   46  9.61940E+01  7.89474E+01 -5.39900E-01  1.74207E-01
   47  9.82963E+01  7.89474E+01 -2.44900E-01  2.35761E-01
   48  9.95722E+01  7.89474E+01 -6.20000E-02  3.33177E-01
   49  1.00000E+02  7.89474E+01  0.00000E+00  4.04638E-01
*eof
n01c007
    1  1.00000E+02  9.47368E+01  0.00000E+00  4.03967E-01
    2  9.95722E+01  9.47368E+01  6.20000E-02  3.23723E-01
    3  9.82963E+01  9.47368E+01  2.44900E-01  2.09502E-01
    4  9.61940E+01  9.47368E+01  5.39900E-01  1.29047E-01
    5  9.33013E+01  9.47368E+01  9.33200E-01  6.27093E-02
    6  8.96677E+01  9.47368E+01  1.40760E+00  3.56823E-03
    7  8.53553E+01  9.47368E+01  1.94380E+00 -5.14639E-02
    8  8.04381E+01  9.47368E+01  2.52170E+00 -1.04474E-01
    9  7.50000E+01  9.47368E+01  3.12040E+00 -1.57152E-01
   10  6.91342E+01  9.47368E+01  3.71880E+00 -2.11105E-01
   11  6.29410E+01  9.47368E+01  4.29490E+00 -2.67884E-01
   12  5.65263E+01  9.47368E+01  4.82550E+00 -3.28843E-01
   13  5.00000E+01  9.47368E+01  5.28610E+00 -3.95157E-01
   14  4.34737E+01  9.47368E+01  5.65140E+00 -4.67807E-01
   15  3.70590E+01  9.47368E+01  5.89650E+00 -5.47497E-01
   16  3.08658E+01  9.47368E+01  5.99880E+00 -6.34863E-01
   17  2.50000E+01  9.47368E+01  5.94080E+00 -7.31022E-01
   18  1.95619E+01  9.47368E+01  5.71140E+00 -8.38004E-01
   19  1.46447E+01  9.47368E+01  5.30830E+00 -9.59866E-01
   20  1.03323E+01  9.47368E+01  4.73790E+00 -1.10488E+00
   21  6.69870E+00  9.47368E+01  4.01450E+00 -1.28969E+00
   22  3.80600E+00  9.47368E+01  3.15800E+00 -1.55106E+00
   23  1.70370E+00  9.47368E+01  2.19040E+00 -1.92315E+00
   24  4.27800E-01  9.47368E+01  1.13240E+00 -1.81095E+00
   25  0.00000E+00  9.47368E+01  0.00000E+00 -1.29266E-01
   26  4.27800E-01  9.47368E+01 -1.13240E+00  1.12803E+00
   27  1.70370E+00  9.47368E+01 -2.19040E+00  8.68686E-01
   28  3.80600E+00  9.47368E+01 -3.15800E+00  5.10166E-01
   29  6.69870E+00  9.47368E+01 -4.01450E+00  2.94021E-01
   30  1.03323E+01  9.47368E+01 -4.73790E+00  1.56506E-01
   31  1.46447E+01  9.47368E+01 -5.30830E+00  6.67417E-02
   32  1.95619E+01  9.47368E+01 -5.71140E+00  9.22972E-03
   33  2.50000E+01  9.47368E+01 -5.94080E+00 -2.54103E-02
   34  3.08658E+01  9.47368E+01 -5.99880E+00 -4.35974E-02
   35  3.70590E+01  9.47368E+01 -5.89650E+00 -5.00518E-02
   36  4.34737E+01  9.47368E+01 -5.65140E+00 -4.82907E-02
   37  5.00000E+01  9.47368E+01 -5.28610E+00 -4.09759E-02
   38  5.65263E+01  9.47368E+01 -4.82550E+00 -2.99749E-02
   39  6.29410E+01  9.47368E+01 -4.29490E+00 -1.63660E-02
   40  6.91342E+01  9.47368E+01 -3.71880E+00 -5.61163E-04
   41  7.50000E+01  9.47368E+01 -3.12040E+00  1.75279E-02
   42  8.04381E+01  9.47368E+01 -2.52170E+00  3.84287E-02
   43  8.53553E+01  9.47368E+01 -1.94380E+00  6.30275E-02
   44  8.96677E+01  9.47368E+01 -1.40760E+00  9.24774E-02
   45  9.33013E+01  9.47368E+01 -9.33200E-01  1.28481E-01
   46  9.61940E+01  9.47368E+01 -5.39900E-01  1.73954E-01
   47  9.82963E+01  9.47368E+01 -2.44900E-01  2.35634E-01
   48  9.95722E+01  9.47368E+01 -6.20000E-02  3.33157E-01
   49  1.00000E+02  9.47368E+01  0.00000E+00  4.04668E-01
*eof
n01c008
    1  1.00000E+02  1.10526E+02  0.00000E+00  4.04054E-01
    2  9.95722E+01  1.10526E+02  6.20000E-02  3.23901E-01
    3  9.82963E+01  1.10526E+02  2.44900E-01  2.09857E-01
    4  9.61940E+01  1.10526E+02  5.39900E-01  1.29599E-01
    5  9.33013E+01  1.10526E+02  9.33200E-01  6.34759E-02
    6  8.96677E+01  1.10526E+02  1.40760E+00  4.56577E-03
    7  8.53553E+01  1.10526E+02  1.94380E+00 -5.02209E-02
    8  8.04381E+01  1.10526E+02  2.52170E+00 -1.02972E-01
    9  7.50000E+01  1.10526E+02  3.12040E+00 -1.55377E-01
   10  6.91342E+01  1.10526E+02  3.71880E+00 -2.09043E-01
   11  6.29410E+01  1.10526E+02  4.29490E+00 -2.65518E-01
   12  5.65263E+01  1.10526E+02  4.82550E+00 -3.26153E-01
   13  5.00000E+01  1.10526E+02  5.28610E+00 -3.92119E-01
   14  4.34737E+01  1.10526E+02  5.65140E+00 -4.64388E-01
   15  3.70590E+01  1.10526E+02  5.89650E+00 -5.43651E-01
   16  3.08658E+01  1.10526E+02  5.99880E+00 -6.30530E-01
   17  2.50000E+01  1.10526E+02  5.94080E+00 -7.26112E-01
   18  1.95619E+01  1.10526E+02  5.71140E+00 -8.32381E-01
   19  1.46447E+01  1.10526E+02  5.30830E+00 -9.53318E-01
   20  1.03323E+01  1.10526E+02  4.73790E+00 -1.09706E+00
   21  6.69870E+00  1.10526E+02  4.01450E+00 -1.27997E+00
   22  3.80600E+00  1.10526E+02  3.15800E+00 -1.53817E+00
   23  1.70370E+00  1.10526E+02  2.19040E+00 -1.90425E+00
   24  4.27800E-01  1.10526E+02  1.13240E+00 -1.78450E+00
   25  0.00000E+00  1.10526E+02  0.00000E+00 -1.09863E-01
   26  4.27800E-01  1.10526E+02 -1.13240E+00  1.12916E+00
   27  1.70370E+00  1.10526E+02 -2.19040E+00  8.62980E-01
   28  3.80600E+00  1.10526E+02 -3.15800E+00  5.04360E-01
   29  6.69870E+00  1.10526E+02 -4.01450E+00  2.88852E-01
   30  1.03323E+01  1.10526E+02 -4.73790E+00  1.51938E-01
   31  1.46447E+01  1.10526E+02 -5.30830E+00  6.26865E-02
   32  1.95619E+01  1.10526E+02 -5.71140E+00  5.60999E-03
   33  2.50000E+01  1.10526E+02 -5.94080E+00 -2.86550E-02
   34  3.08658E+01  1.10526E+02 -5.99880E+00 -4.65131E-02
   35  3.70590E+01  1.10526E+02 -5.89650E+00 -5.26734E-02
   36  4.34737E+01  1.10526E+02 -5.65140E+00 -5.06449E-02
   37  5.00000E+01  1.10526E+02 -5.28610E+00 -4.30832E-02
   38  5.65263E+01  1.10526E+02 -4.82550E+00 -3.18514E-02
   39  6.29410E+01  1.10526E+02 -4.29490E+00 -1.80236E-02
   40  6.91342E+01  1.10526E+02 -3.71880E+00 -2.00891E-03
   41  7.50000E+01  1.10526E+02 -3.12040E+00  1.62830E-02
   42  8.04381E+01  1.10526E+02 -2.52170E+00  3.73811E-02
   43  8.53553E+01  1.10526E+02 -1.94380E+00  6.21722E-02
   44  8.96677E+01  1.10526E+02 -1.40760E+00  9.18088E-02
   45  9.33013E+01  1.10526E+02 -9.33200E-01  1.27992E-01
   46  9.61940E+01  1.10526E+02 -5.39900E-01  1.73637E-01
   47  9.82963E+01  1.10526E+02 -2.44900E-01  2.35473E-01
   48  9.95722E+01  1.10526E+02 -6.20000E-02  3.33128E-01
   49  1.00000E+02  1.10526E+02  0.00000E+00  4.04702E-01
*eof
n01c009
    1  1.00000E+02  1.26316E+02  0.00000E+00  4.04154E-01
    2  9.95722E+01  1.26316E+02  6.20000E-02  3.24113E-01
    3  9.82963E+01  1.26316E+02  2.44900E-01  2.10287E-01
    4  9.61940E+01  1.26316E+02  5.39900E-01  1.30273E-01
    5  9.33013E+01  1.26316E+02  9.33200E-01  6.44176E-02
    6  8.96677E+01  1.26316E+02  1.40760E+00  5.79413E-03
    7  8.53553E+01  1.26316E+02  1.94380E+00 -4.86878E-02
    8  8.04381E+01  1.26316E+02  2.52170E+00 -1.01117E-01
    9  7.50000E+01  1.26316E+02  3.12040E+00 -1.53183E-01
   10  6.91342E+01  1.26316E+02  3.71880E+00 -2.06494E-01
   11  6.29410E+01  1.26316E+02  4.29490E+00 -2.62594E-01
   12  5.65263E+01  1.26316E+02  4.82550E+00 -3.22830E-01
   13  5.00000E+01  1.26316E+02  5.28610E+00 -3.88368E-01
   14  4.34737E+01  1.26316E+02  5.65140E+00 -4.60171E-01
   15  3.70590E+01  1.26316E+02  5.89650E+00 -5.38918E-01
   16  3.08658E+01  1.26316E+02  5.99880E+00 -6.25206E-01
   17  2.50000E+01  1.26316E+02  5.94080E+00 -7.20092E-01
   18  1.95619E+01  1.26316E+02  5.71140E+00 -8.25504E-01
   19  1.46447E+01  1.26316E+02  5.30830E+00 -9.45331E-01
   20  1.03323E+01  1.26316E+02  4.73790E+00 -1.08754E+00
   21  6.69870E+00  1.26316E+02  4.01450E+00 -1.26817E+00
   22  3.80600E+00  1.26316E+02  3.15800E+00 -1.52256E+00
   23  1.70370E+00  1.26316E+02  2.19040E+00 -1.88143E+00
   24  4.27800E-01  1.26316E+02  1.13240E+00 -1.75265E+00
   25  0.00000E+00  1.26316E+02  0.00000E+00 -8.66135E-02
   26  4.27800E-01  1.26316E+02 -1.13240E+00  1.13035E+00
   27  1.70370E+00  1.26316E+02 -2.19040E+00  8.56010E-01
   28  3.80600E+00  1.26316E+02 -3.15800E+00  4.97306E-01
   29  6.69870E+00  1.26316E+02 -4.01450E+00  2.82580E-01
   30  1.03323E+01  1.26316E+02 -4.73790E+00  1.46395E-01
   31  1.46447E+01  1.26316E+02 -5.30830E+00  5.77643E-02
   32  1.95619E+01  1.26316E+02 -5.71140E+00  1.21408E-03
   33  2.50000E+01  1.26316E+02 -5.94080E+00 -3.25981E-02
   34  3.08658E+01  1.26316E+02 -5.99880E+00 -5.00591E-02
   35  3.70590E+01  1.26316E+02 -5.89650E+00 -5.58646E-02
   36  4.34737E+01  1.26316E+02 -5.65140E+00 -5.35132E-02
   37  5.00000E+01  1.26316E+02 -5.28610E+00 -4.56535E-02
   38  5.65263E+01  1.26316E+02 -4.82550E+00 -3.41426E-02
   39  6.29410E+01  1.26316E+02 -4.29490E+00 -2.00500E-02
   40  6.91342E+01  1.26316E+02 -3.71880E+00 -3.78130E-03
   41  7.50000E+01  1.26316E+02 -3.12040E+00  1.47566E-02
   42  8.04381E+01  1.26316E+02 -2.52170E+00  3.60945E-02
   43  8.53553E+01  1.26316E+02 -1.94380E+00  6.11197E-02
   44  8.96677E+01  1.26316E+02 -1.40760E+00  9.09843E-02
   45  9.33013E+01  1.26316E+02 -9.33200E-01  1.27388E-01
   46  9.61940E+01  1.26316E+02 -5.39900E-01  1.73241E-01
   47  9.82963E+01  1.26316E+02 -2.44900E-01  2.35270E-01
   48  9.95722E+01  1.26316E+02 -6.20000E-02  3.33089E-01
   49  1.00000E+02  1.26316E+02  0.00000E+00  4.04740E-01
*eof
n01c010
    1  1.00000E+02  1.42105E+02  0.00000E+00  4.04264E-01
    2  9.95722E+01  1.42105E+02  6.20000E-02  3.24359E-01
    3  9.82963E+01  1.42105E+02  2.44900E-01  2.10803E-01
    4  9.61940E+01  1.42105E+02  5.39900E-01  1.31090E-01
    5  9.33013E+01  1.42105E+02  9.33200E-01  6.55635E-02
    6  8.96677E+01  1.42105E+02  1.40760E+00  7.29425E-03
    7  8.53553E+01  1.42105E+02  1.94380E+00 -4.68108E-02
    8  8.04381E+01  1.42105E+02  2.52170E+00 -9.88422E-02
    9  7.50000E+01  1.42105E+02  3.12040E+00 -1.50490E-01
   10  6.91342E+01  1.42105E+02  3.71880E+00 -2.03361E-01
   11  6.29410E+01  1.42105E+02  4.29490E+00 -2.58999E-01
   12  5.65263E+01  1.42105E+02  4.82550E+00 -3.18747E-01
   13  5.00000E+01  1.42105E+02  5.28610E+00 -3.83763E-01
   14  4.34737E+01  1.42105E+02  5.65140E+00 -4.55002E-01
   15  3.70590E+01  1.42105E+02  5.89650E+00 -5.33125E-01
   16  3.08658E+01  1.42105E+02  5.99880E+00 -6.18706E-01
   17  2.50000E+01  1.42105E+02  5.94080E+00 -7.12762E-01
   18  1.95619E+01  1.42105E+02  5.71140E+00 -8.17156E-01
   19  1.46447E+01  1.42105E+02  5.30830E+00 -9.35664E-01
   20  1.03323E+01  1.42105E+02  4.73790E+00 -1.07606E+00
   21  6.69870E+00  1.42105E+02  4.01450E+00 -1.25397E+00
   22  3.80600E+00  1.42105E+02  3.15800E+00 -1.50384E+00
   23  1.70370E+00  1.42105E+02  2.19040E+00 -1.85413E+00
   24  4.27800E-01  1.42105E+02  1.13240E+00 -1.71468E+00
   25  0.00000E+00  1.42105E+02  0.00000E+00 -5.90841E-02
   26  4.27800E-01  1.42105E+02 -1.13240E+00  1.13156E+00
   27  1.70370E+00  1.42105E+02 -2.19040E+00  8.47564E-01
   28  3.80600E+00  1.42105E+02 -3.15800E+00  4.88810E-01
   29  6.69870E+00  1.42105E+02 -4.01450E+00  2.75037E-01
   30  1.03323E+01  1.42105E+02 -4.73790E+00  1.39732E-01
   31  1.46447E+01  1.42105E+02 -5.30830E+00  5.18467E-02
   32  1.95619E+01  1.42105E+02 -5.71140E+00 -4.07340E-03
   33  2.50000E+01  1.42105E+02 -5.94080E+00 -3.73441E-02
   34  3.08658E+01  1.42105E+02 -5.99880E+00 -5.43306E-02
   35  3.70590E+01  1.42105E+02 -5.89650E+00 -5.97120E-02
   36  4.34737E+01  1.42105E+02 -5.65140E+00 -5.69750E-02
   37  5.00000E+01  1.42105E+02 -5.28610E+00 -4.87593E-02
   38  5.65263E+01  1.42105E+02 -4.82550E+00 -3.69151E-02
   39  6.29410E+01  1.42105E+02 -4.29490E+00 -2.25061E-02
   40  6.91342E+01  1.42105E+02 -3.71880E+00 -5.93337E-03
   41  7.50000E+01  1.42105E+02 -3.12040E+00  1.28994E-02
   42  8.04381E+01  1.42105E+02 -2.52170E+00  3.45254E-02
   43  8.53553E+01  1.42105E+02 -1.94380E+00  5.98326E-02
   44  8.96677E+01  1.42105E+02 -1.40760E+00  8.99725E-02
   45  9.33013E+01  1.42105E+02 -9.33200E-01  1.26643E-01
   46  9.61940E+01  1.42105E+02 -5.39900E-01  1.72750E-01
   47  9.82963E+01  1.42105E+02 -2.44900E-01  2.35014E-01
   48  9.95722E+01  1.42105E+02 -6.20000E-02  3.33032E-01
   49  1.00000E+02  1.42105E+02  0.00000E+00  4.04779E-01
*eof
n01c011
    1  1.00000E+02  1.57895E+02  0.00000E+00  4.04376E-01
    2  9.95722E+01  1.57895E+02  6.20000E-02  3.24637E-01
    3  9.82963E+01  1.57895E+02  2.44900E-01  2.11412E-01
    4  9.61940E+01  1.57895E+02  5.39900E-01  1.32070E-01
    5  9.33013E+01  1.57895E+02  9.33200E-01  6.69491E-02
    6  8.96677E+01  1.57895E+02  1.40760E+00  9.11779E-03
    7  8.53553E+01  1.57895E+02  1.94380E+00 -4.45207E-02
    8  8.04381E+01  1.57895E+02  2.52170E+00 -9.60587E-02
    9  7.50000E+01  1.57895E+02  3.12040E+00 -1.47188E-01
   10  6.91342E+01  1.57895E+02  3.71880E+00 -1.99515E-01
   11  6.29410E+01  1.57895E+02  4.29490E+00 -2.54583E-01
   12  5.65263E+01  1.57895E+02  4.82550E+00 -3.13732E-01
   13  5.00000E+01  1.57895E+02  5.28610E+00 -3.78112E-01
   14  4.34737E+01  1.57895E+02  5.65140E+00 -4.48667E-01
   15  3.70590E+01  1.57895E+02  5.89650E+00 -5.26041E-01
   16  3.08658E+01  1.57895E+02  5.99880E+00 -6.10780E-01
   17  2.50000E+01  1.57895E+02  5.94080E+00 -7.03852E-01
   18  1.95619E+01  1.57895E+02  5.71140E+00 -8.07043E-01
   19  1.46447E+01  1.57895E+02  5.30830E+00 -9.23998E-01
   20  1.03323E+01  1.57895E+02  4.73790E+00 -1.06225E+00
   21  6.69870E+00  1.57895E+02  4.01450E+00 -1.23697E+00
   22  3.80600E+00  1.57895E+02  3.15800E+00 -1.48150E+00
   23  1.70370E+00  1.57895E+02  2.19040E+00 -1.82166E+00
   24  4.27800E-01  1.57895E+02  1.13240E+00 -1.66971E+00
   25  0.00000E+00  1.57895E+02  0.00000E+00 -2.67351E-02
   26  4.27800E-01  1.57895E+02 -1.13240E+00  1.13267E+00
   27  1.70370E+00  1.57895E+02 -2.19040E+00  8.37361E-01
   28  3.80600E+00  1.57895E+02 -3.15800E+00  4.78624E-01
   29  6.69870E+00  1.57895E+02 -4.01450E+00  2.66011E-01
   30  1.03323E+01  1.57895E+02 -4.73790E+00  1.31763E-01
   31  1.46447E+01  1.57895E+02 -5.30830E+00  4.47679E-02
   32  1.95619E+01  1.57895E+02 -5.71140E+00 -1.04007E-02
   33  2.50000E+01  1.57895E+02 -5.94080E+00 -4.30265E-02
   34  3.08658E+01  1.57895E+02 -5.99880E+00 -5.94483E-02
   35  3.70590E+01  1.57895E+02 -5.89650E+00 -6.43257E-02
   36  4.34737E+01  1.57895E+02 -5.65140E+00 -6.11308E-02
   37  5.00000E+01  1.57895E+02 -5.28610E+00 -5.24929E-02
   38  5.65263E+01  1.57895E+02 -4.82550E+00 -4.02540E-02
   39  6.29410E+01  1.57895E+02 -4.29490E+00 -2.54701E-02
   40  6.91342E+01  1.57895E+02 -3.71880E+00 -8.53711E-03
   41  7.50000E+01  1.57895E+02 -3.12040E+00  1.06459E-02
   42  8.04381E+01  1.57895E+02 -2.52170E+00  3.26150E-02
   43  8.53553E+01  1.57895E+02 -1.94380E+00  5.82594E-02
   44  8.96677E+01  1.57895E+02 -1.40760E+00  8.87298E-02
   45  9.33013E+01  1.57895E+02 -9.33200E-01  1.25721E-01
   46  9.61940E+01  1.57895E+02 -5.39900E-01  1.72137E-01
   47  9.82963E+01  1.57895E+02 -2.44900E-01  2.34685E-01
   48  9.95722E+01  1.57895E+02 -6.20000E-02  3.32946E-01
   49  1.00000E+02  1.57895E+02  0.00000E+00  4.04811E-01
*eof
n01c012
    1  1.00000E+02  1.73684E+02  0.00000E+00  4.04472E-01
    2  9.95722E+01  1.73684E+02  6.20000E-02  3.24935E-01
    3  9.82963E+01  1.73684E+02  2.44900E-01  2.12116E-01
    4  9.61940E+01  1.73684E+02  5.39900E-01  1.33233E-01
    5  9.33013E+01  1.73684E+02  9.33200E-01  6.86155E-02
    6  8.96677E+01  1.73684E+02  1.40760E+00  1.13284E-02
    7  8.53553E+01  1.73684E+02  1.94380E+00 -4.17286E-02
    8  8.04381E+01  1.73684E+02  2.52170E+00 -9.26511E-02
    9  7.50000E+01  1.73684E+02  3.12040E+00 -1.43133E-01
   10  6.91342E+01  1.73684E+02  3.71880E+00 -1.94783E-01
   11  6.29410E+01  1.73684E+02  4.29490E+00 -2.49142E-01
   12  5.65263E+01  1.73684E+02  4.82550E+00 -3.07549E-01
   13  5.00000E+01  1.73684E+02  5.28610E+00 -3.71149E-01
   14  4.34737E+01  1.73684E+02  5.65140E+00 -4.40873E-01
   15  3.70590E+01  1.73684E+02  5.89650E+00 -5.17345E-01
   16  3.08658E+01  1.73684E+02  5.99880E+00 -6.01079E-01
   17  2.50000E+01  1.73684E+02  5.94080E+00 -6.92988E-01
   18  1.95619E+01  1.73684E+02  5.71140E+00 -7.94765E-01
   19  1.46447E+01  1.73684E+02  5.30830E+00 -9.09899E-01
   20  1.03323E+01  1.73684E+02  4.73790E+00 -1.04564E+00
   21  6.69870E+00  1.73684E+02  4.01450E+00 -1.21661E+00
   22  3.80600E+00  1.73684E+02  3.15800E+00 -1.45486E+00
   23  1.70370E+00  1.73684E+02  2.19040E+00 -1.78311E+00
   24  4.27800E-01  1.73684E+02  1.13240E+00 -1.61659E+00
   25  0.00000E+00  1.73684E+02  0.00000E+00  1.11124E-02
   26  4.27800E-01  1.73684E+02 -1.13240E+00  1.13353E+00
   27  1.70370E+00  1.73684E+02 -2.19040E+00  8.25027E-01
   28  3.80600E+00  1.73684E+02 -3.15800E+00  4.66416E-01
   29  6.69870E+00  1.73684E+02 -4.01450E+00  2.55220E-01
   30  1.03323E+01  1.73684E+02 -4.73790E+00  1.22242E-01
   31  1.46447E+01  1.73684E+02 -5.30830E+00  3.63128E-02
   32  1.95619E+01  1.73684E+02 -5.71140E+00 -1.79588E-02
   33  2.50000E+01  1.73684E+02 -5.94080E+00 -4.98159E-02
   34  3.08658E+01  1.73684E+02 -5.99880E+00 -6.55657E-02
   35  3.70590E+01  1.73684E+02 -5.89650E+00 -6.98444E-02
   36  4.34737E+01  1.73684E+02 -5.65140E+00 -6.61072E-02
   37  5.00000E+01  1.73684E+02 -5.28610E+00 -5.69712E-02
   38  5.65263E+01  1.73684E+02 -4.82550E+00 -4.42676E-02
   39  6.29410E+01  1.73684E+02 -4.29490E+00 -2.90436E-02
   40  6.91342E+01  1.73684E+02 -3.71880E+00 -1.16874E-02
   41  7.50000E+01  1.73684E+02 -3.12040E+00  7.90777E-03
   42  8.04381E+01  1.73684E+02 -2.52170E+00  3.02824E-02
   43  8.53553E+01  1.73684E+02 -1.94380E+00  5.63274E-02
   44  8.96677E+01  1.73684E+02 -1.40760E+00  8.71929E-02
   45  9.33013E+01  1.73684E+02 -9.33200E-01  1.24571E-01
   46  9.61940E+01  1.73684E+02 -5.39900E-01  1.71358E-01
   47  9.82963E+01  1.73684E+02 -2.44900E-01  2.34254E-01
   48  9.95722E+01  1.73684E+02 -6.20000E-02  3.32813E-01
   49  1.00000E+02  1.73684E+02  0.00000E+00  4.04824E-01
*eof
n01c013
    1  1.00000E+02  1.89474E+02  0.00000E+00  4.04515E-01
    2  9.95722E+01  1.89474E+02  6.20000E-02  3.25223E-01
    3  9.82963E+01  1.89474E+02  2.44900E-01  2.12907E-01
    4  9.61940E+01  1.89474E+02  5.39900E-01  1.34592E-01
    5  9.33013E+01  1.89474E+02  9.33200E-01  7.06046E-02
    6  8.96677E+01  1.89474E+02  1.40760E+00  1.40008E-02
    7  8.53553E+01  1.89474E+02  1.94380E+00 -3.83239E-02
    8  8.04381E+01  1.89474E+02  2.52170E+00 -8.84686E-02
    9  7.50000E+01  1.89474E+02  3.12040E+00 -1.38131E-01
   10  6.91342E+01  1.89474E+02  3.71880E+00 -1.88924E-01
   11  6.29410E+01  1.89474E+02  4.29490E+00 -2.42390E-01
   12  5.65263E+01  1.89474E+02  4.82550E+00 -2.99867E-01
   13  5.00000E+01  1.89474E+02  5.28610E+00 -3.62497E-01
   14  4.34737E+01  1.89474E+02  5.65140E+00 -4.31200E-01
   15  3.70590E+01  1.89474E+02  5.89650E+00 -5.06579E-01
   16  3.08658E+01  1.89474E+02  5.99880E+00 -5.89112E-01
   17  2.50000E+01  1.89474E+02  5.94080E+00 -6.79644E-01
   18  1.95619E+01  1.89474E+02  5.71140E+00 -7.79762E-01
   19  1.46447E+01  1.89474E+02  5.30830E+00 -8.92765E-01
   20  1.03323E+01  1.89474E+02  4.73790E+00 -1.02557E+00
   21  6.69870E+00  1.89474E+02  4.01450E+00 -1.19214E+00
   22  3.80600E+00  1.89474E+02  3.15800E+00 -1.42301E+00
   23  1.70370E+00  1.89474E+02  2.19040E+00 -1.73727E+00
   24  4.27800E-01  1.89474E+02  1.13240E+00 -1.55380E+00
   25  0.00000E+00  1.89474E+02  0.00000E+00  5.53207E-02
   26  4.27800E-01  1.89474E+02 -1.13240E+00  1.13390E+00
   27  1.70370E+00  1.89474E+02 -2.19040E+00  8.10048E-01
   28  3.80600E+00  1.89474E+02 -3.15800E+00  4.51742E-01
   29  6.69870E+00  1.89474E+02 -4.01450E+00  2.42285E-01
   30  1.03323E+01  1.89474E+02 -4.73790E+00  1.10845E-01
   31  1.46447E+01  1.89474E+02 -5.30830E+00  2.61986E-02
   32  1.95619E+01  1.89474E+02 -5.71140E+00 -2.69955E-02
   33  2.50000E+01  1.89474E+02 -5.94080E+00 -5.79303E-02
   34  3.08658E+01  1.89474E+02 -5.99880E+00 -7.28754E-02
   35  3.70590E+01  1.89474E+02 -5.89650E+00 -7.64403E-02
   36  4.34737E+01  1.89474E+02 -5.65140E+00 -7.20605E-02
   37  5.00000E+01  1.89474E+02 -5.28610E+00 -6.23386E-02
   38  5.65263E+01  1.89474E+02 -4.82550E+00 -4.90928E-02
   39  6.29410E+01  1.89474E+02 -4.29490E+00 -3.33576E-02
   40  6.91342E+01  1.89474E+02 -3.71880E+00 -1.55106E-02
   41  7.50000E+01  1.89474E+02 -3.12040E+00  4.56371E-03
   42  8.04381E+01  1.89474E+02 -2.52170E+00  2.74127E-02
   43  8.53553E+01  1.89474E+02 -1.94380E+00  5.39302E-02
   44  8.96677E+01  1.89474E+02 -1.40760E+00  8.52659E-02
   45  9.33013E+01  1.89474E+02 -9.33200E-01  1.23109E-01
   46  9.61940E+01  1.89474E+02 -5.39900E-01  1.70347E-01
   47  9.82963E+01  1.89474E+02 -2.44900E-01  2.33667E-01
   48  9.95722E+01  1.89474E+02 -6.20000E-02  3.32595E-01
   49  1.00000E+02  1.89474E+02  0.00000E+00  4.04791E-01
*eof
n01c014
    1  1.00000E+02  2.05263E+02  0.00000E+00  4.04430E-01
    2  9.95722E+01  2.05263E+02  6.20000E-02  3.25428E-01
    3  9.82963E+01  2.05263E+02  2.44900E-01  2.13737E-01
    4  9.61940E+01  2.05263E+02  5.39900E-01  1.36138E-01
    5  9.33013E+01  2.05263E+02  9.33200E-01  7.29471E-02
    6  8.96677E+01  2.05263E+02  1.40760E+00  1.72130E-02
    7  8.53553E+01  2.05263E+02  1.94380E+00 -3.41741E-02
    8  8.04381E+01  2.05263E+02  2.52170E+00 -8.33186E-02
    9  7.50000E+01  2.05263E+02  3.12040E+00 -1.31925E-01
   10  6.91342E+01  2.05263E+02  3.71880E+00 -1.81611E-01
   11  6.29410E+01  2.05263E+02  4.29490E+00 -2.33927E-01
   12  5.65263E+01  2.05263E+02  4.82550E+00 -2.90212E-01
   13  5.00000E+01  2.05263E+02  5.28610E+00 -3.51613E-01
   14  4.34737E+01  2.05263E+02  5.65140E+00 -4.19039E-01
   15  3.70590E+01  2.05263E+02  5.89650E+00 -4.93074E-01
   16  3.08658E+01  2.05263E+02  5.99880E+00 -5.74155E-01
   17  2.50000E+01  2.05263E+02  5.94080E+00 -6.63052E-01
   18  1.95619E+01  2.05263E+02  5.71140E+00 -7.61219E-01
   19  1.46447E+01  2.05263E+02  5.30830E+00 -8.71730E-01
   20  1.03323E+01  2.05263E+02  4.73790E+00 -1.00110E+00
   21  6.69870E+00  2.05263E+02  4.01450E+00 -1.16251E+00
   22  3.80600E+00  2.05263E+02  3.15800E+00 -1.38472E+00
   23  1.70370E+00  2.05263E+02  2.19040E+00 -1.68249E+00
   24  4.27800E-01  2.05263E+02  1.13240E+00 -1.47930E+00
   25  0.00000E+00  2.05263E+02  0.00000E+00  1.07009E-01
   26  4.27800E-01  2.05263E+02 -1.13240E+00  1.13339E+00
   27  1.70370E+00  2.05263E+02 -2.19040E+00  7.91696E-01
   28  3.80600E+00  2.05263E+02 -3.15800E+00  4.33981E-01
   29  6.69870E+00  2.05263E+02 -4.01450E+00  2.26690E-01
   30  1.03323E+01  2.05263E+02 -4.73790E+00  9.71305E-02
   31  1.46447E+01  2.05263E+02 -5.30830E+00  1.40469E-02
   32  1.95619E+01  2.05263E+02 -5.71140E+00 -3.78347E-02
   33  2.50000E+01  2.05263E+02 -5.94080E+00 -6.76463E-02
   34  3.08658E+01  2.05263E+02 -5.99880E+00 -8.16147E-02
   35  3.70590E+01  2.05263E+02 -5.89650E+00 -8.43199E-02
   36  4.34737E+01  2.05263E+02 -5.65140E+00 -7.91761E-02
   37  5.00000E+01  2.05263E+02 -5.28610E+00 -6.87687E-02
   38  5.65263E+01  2.05263E+02 -4.82550E+00 -5.48985E-02
   39  6.29410E+01  2.05263E+02 -4.29490E+00 -3.85817E-02
   40  6.91342E+01  2.05263E+02 -3.71880E+00 -2.01791E-02
   41  7.50000E+01  2.05263E+02 -3.12040E+00  4.39925E-04
   42  8.04381E+01  2.05263E+02 -2.52170E+00  2.38338E-02
   43  8.53553E+01  2.05263E+02 -1.94380E+00  5.09021E-02
   44  8.96677E+01  2.05263E+02 -1.40760E+00  8.27947E-02
   45  9.33013E+01  2.05263E+02 -9.33200E-01  1.21196E-01
   46  9.61940E+01  2.05263E+02 -5.39900E-01  1.68983E-01
   47  9.82963E+01  2.05263E+02 -2.44900E-01  2.32827E-01
   48  9.95722E+01  2.05263E+02 -6.20000E-02  3.32220E-01
   49  1.00000E+02  2.05263E+02  0.00000E+00  4.04658E-01
*eof
n01c015
    1  1.00000E+02  2.21053E+02  0.00000E+00  4.04056E-01
    2  9.95722E+01  2.21053E+02  6.20000E-02  3.25386E-01
    3  9.82963E+01  2.21053E+02  2.44900E-01  2.14477E-01
    4  9.61940E+01  2.21053E+02  5.39900E-01  1.37790E-01
    5  9.33013E+01  2.21053E+02  9.33200E-01  7.56234E-02
    6  8.96677E+01  2.21053E+02  1.40760E+00  2.10183E-02
    7  8.53553E+01  2.21053E+02  1.94380E+00 -2.91411E-02
    8  8.04381E+01  2.21053E+02  2.52170E+00 -7.69664E-02
    9  7.50000E+01  2.21053E+02  3.12040E+00 -1.24172E-01
   10  6.91342E+01  2.21053E+02  3.71880E+00 -1.72389E-01
   11  6.29410E+01  2.21053E+02  4.29490E+00 -2.23177E-01
   12  5.65263E+01  2.21053E+02  4.82550E+00 -2.77891E-01
   13  5.00000E+01  2.21053E+02  5.28610E+00 -3.37683E-01
   14  4.34737E+01  2.21053E+02  5.65140E+00 -4.03466E-01
   15  3.70590E+01  2.21053E+02  5.89650E+00 -4.75809E-01
   16  3.08658E+01  2.21053E+02  5.99880E+00 -5.55104E-01
   17  2.50000E+01  2.21053E+02  5.94080E+00 -6.42037E-01
   18  1.95619E+01  2.21053E+02  5.71140E+00 -7.37902E-01
   19  1.46447E+01  2.21053E+02  5.30830E+00 -8.45499E-01
   20  1.03323E+01  2.21053E+02  4.73790E+00 -9.70852E-01
   21  6.69870E+00  2.21053E+02  4.01450E+00 -1.12621E+00
   22  3.80600E+00  2.21053E+02  3.15800E+00 -1.33818E+00
   23  1.70370E+00  2.21053E+02  2.19040E+00 -1.61642E+00
   24  4.27800E-01  2.21053E+02  1.13240E+00 -1.39024E+00
   25  0.00000E+00  2.21053E+02  0.00000E+00  1.67685E-01
   26  4.27800E-01  2.21053E+02 -1.13240E+00  1.13140E+00
   27  1.70370E+00  2.21053E+02 -2.19040E+00  7.68896E-01
   28  3.80600E+00  2.21053E+02 -3.15800E+00  4.12232E-01
   29  6.69870E+00  2.21053E+02 -4.01450E+00  2.07686E-01
   30  1.03323E+01  2.21053E+02 -4.73790E+00  8.04731E-02
   31  1.46447E+01  2.21053E+02 -5.30830E+00 -6.62895E-04
   32  1.95619E+01  2.21053E+02 -5.71140E+00 -5.09033E-02
   33  2.50000E+01  2.21053E+02 -5.94080E+00 -7.93083E-02
   34  3.08658E+01  2.21053E+02 -5.99880E+00 -9.20600E-02
   35  3.70590E+01  2.21053E+02 -5.89650E+00 -9.37101E-02
   36  4.34737E+01  2.21053E+02 -5.65140E+00 -8.76522E-02
   37  5.00000E+01  2.21053E+02 -5.28610E+00 -7.64516E-02
   38  5.65263E+01  2.21053E+02 -4.82550E+00 -6.18840E-02
   39  6.29410E+01  2.21053E+02 -4.29490E+00 -4.49354E-02
   40  6.91342E+01  2.21053E+02 -3.71880E+00 -2.59358E-02
   41  7.50000E+01  2.21053E+02 -3.12040E+00 -4.72686E-03
   42  8.04381E+01  2.21053E+02 -2.52170E+00  1.92706E-02
   43  8.53553E+01  2.21053E+02 -1.94380E+00  4.69670E-02
   44  8.96677E+01  2.21053E+02 -1.40760E+00  7.95130E-02
   45  9.33013E+01  2.21053E+02 -9.33200E-01  1.18585E-01
   46  9.61940E+01  2.21053E+02 -5.39900E-01  1.67049E-01
   47  9.82963E+01  2.21053E+02 -2.44900E-01  2.31551E-01
   48  9.95722E+01  2.21053E+02 -6.20000E-02  3.31541E-01
   49  1.00000E+02  2.21053E+02  0.00000E+00  4.04316E-01
*eof
n01c016
    1  1.00000E+02  2.36842E+02  0.00000E+00  4.03086E-01
    2  9.95722E+01  2.36842E+02  6.20000E-02  3.24730E-01
    3  9.82963E+01  2.36842E+02  2.44900E-01  2.14799E-01
    4  9.61940E+01  2.36842E+02  5.39900E-01  1.39284E-01
    5  9.33013E+01  2.36842E+02  9.33200E-01  7.84578E-02
    6  8.96677E+01  2.36842E+02  1.40760E+00  2.53566E-02
    7  8.53553E+01  2.36842E+02  1.94380E+00 -2.31422E-02
    8  8.04381E+01  2.36842E+02  2.52170E+00 -6.91639E-02
    9  7.50000E+01  2.36842E+02  3.12040E+00 -1.14443E-01
   10  6.91342E+01  2.36842E+02  3.71880E+00 -1.60630E-01
   11  6.29410E+01  2.36842E+02  4.29490E+00 -2.09311E-01
   12  5.65263E+01  2.36842E+02  4.82550E+00 -2.61862E-01
   13  5.00000E+01  2.36842E+02  5.28610E+00 -3.19461E-01
   14  4.34737E+01  2.36842E+02  5.65140E+00 -3.83034E-01
   15  3.70590E+01  2.36842E+02  5.89650E+00 -4.53154E-01
   16  3.08658E+01  2.36842E+02  5.99880E+00 -5.30180E-01
   17  2.50000E+01  2.36842E+02  5.94080E+00 -6.14702E-01
   18  1.95619E+01  2.36842E+02  5.71140E+00 -7.07828E-01
   19  1.46447E+01  2.36842E+02  5.30830E+00 -8.12014E-01
   20  1.03323E+01  2.36842E+02  4.73790E+00 -9.32670E-01
   21  6.69870E+00  2.36842E+02  4.01450E+00 -1.08091E+00
   22  3.80600E+00  2.36842E+02  3.15800E+00 -1.28071E+00
   23  1.70370E+00  2.36842E+02  2.19040E+00 -1.53559E+00
   24  4.27800E-01  2.36842E+02  1.13240E+00 -1.28238E+00
   25  0.00000E+00  2.36842E+02  0.00000E+00  2.39505E-01
   26  4.27800E-01  2.36842E+02 -1.13240E+00  1.12686E+00
   27  1.70370E+00  2.36842E+02 -2.19040E+00  7.39942E-01
   28  3.80600E+00  2.36842E+02 -3.15800E+00  3.85092E-01
   29  6.69870E+00  2.36842E+02 -4.01450E+00  1.84126E-01
   30  1.03323E+01  2.36842E+02 -4.73790E+00  5.99301E-02
   31  1.46447E+01  2.36842E+02 -5.30830E+00 -1.86856E-02
   32  1.95619E+01  2.36842E+02 -5.71140E+00 -6.67758E-02
   33  2.50000E+01  2.36842E+02 -5.94080E+00 -9.33266E-02
   34  3.08658E+01  2.36842E+02 -5.99880E+00 -1.04488E-01
   35  3.70590E+01  2.36842E+02 -5.89650E+00 -1.04797E-01
   36  4.34737E+01  2.36842E+02 -5.65140E+00 -9.76348E-02
   37  5.00000E+01  2.36842E+02 -5.28610E+00 -8.55420E-02
   38  5.65263E+01  2.36842E+02 -4.82550E+00 -7.02523E-02
   39  6.29410E+01  2.36842E+02 -4.29490E+00 -5.26950E-02
   40  6.91342E+01  2.36842E+02 -3.71880E+00 -3.31365E-02
   41  7.50000E+01  2.36842E+02 -3.12040E+00 -1.13595E-02
   42  8.04381E+01  2.36842E+02 -2.52170E+00  1.32578E-02
   43  8.53553E+01  2.36842E+02 -1.94380E+00  4.16475E-02
   44  8.96677E+01  2.36842E+02 -1.40760E+00  7.49575E-02
   45  9.33013E+01  2.36842E+02 -9.33200E-01  1.14845E-01
   46  9.61940E+01  2.36842E+02 -5.39900E-01  1.64150E-01
   47  9.82963E+01  2.36842E+02 -2.44900E-01  2.29493E-01
   48  9.95722E+01  2.36842E+02 -6.20000E-02  3.30280E-01
   49  1.00000E+02  2.36842E+02  0.00000E+00  4.03560E-01
*eof
n01c017
    1  1.00000E+02  2.52632E+02  0.00000E+00  4.01538E-01
    2  9.95722E+01  2.52632E+02  6.20000E-02  3.22924E-01
    3  9.82963E+01  2.52632E+02  2.44900E-01  2.14185E-01
    4  9.61940E+01  2.52632E+02  5.39900E-01  1.40175E-01
    5  9.33013E+01  2.52632E+02  9.33200E-01  8.11537E-02
    6  8.96677E+01  2.52632E+02  1.40760E+00  3.01627E-02
    7  8.53553E+01  2.52632E+02  1.94380E+00 -1.59515E-02
    8  8.04381E+01  2.52632E+02  2.52170E+00 -5.93725E-02
    9  7.50000E+01  2.52632E+02  3.12040E+00 -1.01884E-01
   10  6.91342E+01  2.52632E+02  3.71880E+00 -1.45168E-01
   11  6.29410E+01  2.52632E+02  4.29490E+00 -1.90841E-01
   12  5.65263E+01  2.52632E+02  4.82550E+00 -2.40306E-01
   13  5.00000E+01  2.52632E+02  5.28610E+00 -2.94766E-01
   14  4.34737E+01  2.52632E+02  5.65140E+00 -3.55200E-01
   15  3.70590E+01  2.52632E+02  5.89650E+00 -4.22220E-01
   16  3.08658E+01  2.52632E+02  5.99880E+00 -4.96195E-01
   17  2.50000E+01  2.52632E+02  5.94080E+00 -5.77641E-01
   18  1.95619E+01  2.52632E+02  5.71140E+00 -6.67467E-01
   19  1.46447E+01  2.52632E+02  5.30830E+00 -7.67689E-01
   20  1.03323E+01  2.52632E+02  4.73790E+00 -8.82930E-01
   21  6.69870E+00  2.52632E+02  4.01450E+00 -1.02287E+00
   22  3.80600E+00  2.52632E+02  3.15800E+00 -1.20824E+00
   23  1.70370E+00  2.52632E+02  2.19040E+00 -1.43474E+00
   24  4.27800E-01  2.52632E+02  1.13240E+00 -1.14920E+00
   25  0.00000E+00  2.52632E+02  0.00000E+00  3.25662E-01
   26  4.27800E-01  2.52632E+02 -1.13240E+00  1.11780E+00
   27  1.70370E+00  2.52632E+02 -2.19040E+00  7.01950E-01
   28  3.80600E+00  2.52632E+02 -3.15800E+00  3.50301E-01
   29  6.69870E+00  2.52632E+02 -4.01450E+00  1.54253E-01
   30  1.03323E+01  2.52632E+02 -4.73790E+00  3.41677E-02
   31  1.46447E+01  2.52632E+02 -5.30830E+00 -4.09667E-02
   32  1.95619E+01  2.52632E+02 -5.71140E+00 -8.60157E-02
   33  2.50000E+01  2.52632E+02 -5.94080E+00 -1.09917E-01
   34  3.08658E+01  2.52632E+02 -5.99880E+00 -1.18847E-01
   35  3.70590E+01  2.52632E+02 -5.89650E+00 -1.17367E-01
   36  4.34737E+01  2.52632E+02 -5.65140E+00 -1.08867E-01
   37  5.00000E+01  2.52632E+02 -5.28610E+00 -9.58515E-02
   38  5.65263E+01  2.52632E+02 -4.82550E+00 -7.99782E-02
   39  6.29410E+01  2.52632E+02 -4.29490E+00 -6.20662E-02
   40  6.91342E+01  2.52632E+02 -3.71880E+00 -4.22384E-02
   41  7.50000E+01  2.52632E+02 -3.12040E+00 -2.01321E-02
   42  8.04381E+01  2.52632E+02 -2.52170E+00  4.97950E-03
   43  8.53553E+01  2.52632E+02 -1.94380E+00  3.40944E-02
   44  8.96677E+01  2.52632E+02 -1.40760E+00  6.83565E-02
   45  9.33013E+01  2.52632E+02 -9.33200E-01  1.09343E-01
   46  9.61940E+01  2.52632E+02 -5.39900E-01  1.59791E-01
   47  9.82963E+01  2.52632E+02 -2.44900E-01  2.26278E-01
   48  9.95722E+01  2.52632E+02 -6.20000E-02  3.28193E-01
   49  1.00000E+02  2.52632E+02  0.00000E+00  4.02424E-01
*eof
n01c018
    1  1.00000E+02  2.68421E+02  0.00000E+00  4.08084E-01
    2  9.95722E+01  2.68421E+02  6.20000E-02  3.23181E-01
    3  9.82963E+01  2.68421E+02  2.44900E-01  2.16683E-01
    4  9.61940E+01  2.68421E+02  5.39900E-01  1.44538E-01
    5  9.33013E+01  2.68421E+02  9.33200E-01  8.82899E-02
    6  8.96677E+01  2.68421E+02  1.40760E+00  4.06194E-02
    7  8.53553E+01  2.68421E+02  1.94380E+00 -1.99594E-03
    8  8.04381E+01  2.68421E+02  2.52170E+00 -4.18668E-02
    9  7.50000E+01  2.68421E+02  3.12040E+00 -8.07514E-02
   10  6.91342E+01  2.68421E+02  3.71880E+00 -1.20275E-01
   11  6.29410E+01  2.68421E+02  4.29490E+00 -1.62032E-01
   12  5.65263E+01  2.68421E+02  4.82550E+00 -2.07392E-01
   13  5.00000E+01  2.68421E+02  5.28610E+00 -2.57564E-01
   14  4.34737E+01  2.68421E+02  5.65140E+00 -3.13637E-01
   15  3.70590E+01  2.68421E+02  5.89650E+00 -3.76382E-01
   16  3.08658E+01  2.68421E+02  5.99880E+00 -4.46314E-01
   17  2.50000E+01  2.68421E+02  5.94080E+00 -5.24001E-01
   18  1.95619E+01  2.68421E+02  5.71140E+00 -6.10188E-01
   19  1.46447E+01  2.68421E+02  5.30830E+00 -7.06329E-01
   20  1.03323E+01  2.68421E+02  4.73790E+00 -8.15906E-01
   21  6.69870E+00  2.68421E+02  4.01450E+00 -9.46608E-01
   22  3.80600E+00  2.68421E+02  3.15800E+00 -1.11460E+00
   23  1.70370E+00  2.68421E+02  2.19040E+00 -1.30443E+00
   24  4.27800E-01  2.68421E+02  1.13240E+00 -9.77124E-01
   25  0.00000E+00  2.68421E+02  0.00000E+00  4.34631E-01
   26  4.27800E-01  2.68421E+02 -1.13240E+00  1.10330E+00
   27  1.70370E+00  2.68421E+02 -2.19040E+00  6.52810E-01
   28  3.80600E+00  2.68421E+02 -3.15800E+00  3.07000E-01
   29  6.69870E+00  2.68421E+02 -4.01450E+00  1.17440E-01
   30  1.03323E+01  2.68421E+02 -4.73790E+00  2.73569E-03
   31  1.46447E+01  2.68421E+02 -5.30830E+00 -6.74966E-02
   32  1.95619E+01  2.68421E+02 -5.71140E+00 -1.07905E-01
   33  2.50000E+01  2.68421E+02 -5.94080E+00 -1.27620E-01
   34  3.08658E+01  2.68421E+02 -5.99880E+00 -1.33125E-01
   35  3.70590E+01  2.68421E+02 -5.89650E+00 -1.29169E-01
   36  4.34737E+01  2.68421E+02 -5.65140E+00 -1.19158E-01
   37  5.00000E+01  2.68421E+02 -5.28610E+00 -1.05488E-01
   38  5.65263E+01  2.68421E+02 -4.82550E+00 -8.96732E-02
   39  6.29410E+01  2.68421E+02 -4.29490E+00 -7.23482E-02
   40  6.91342E+01  2.68421E+02 -3.71880E+00 -5.33435E-02
   41  7.50000E+01  2.68421E+02 -3.12040E+00 -3.19414E-02
   42  8.04381E+01  2.68421E+02 -2.52170E+00 -7.08895E-03
   43  8.53553E+01  2.68421E+02 -1.94380E+00  2.25648E-02
   44  8.96677E+01  2.68421E+02 -1.40760E+00  5.84326E-02
   45  9.33013E+01  2.68421E+02 -9.33200E-01  1.02051E-01
   46  9.61940E+01  2.68421E+02 -5.39900E-01  1.55603E-01
   47  9.82963E+01  2.68421E+02 -2.44900E-01  2.25045E-01
   48  9.95722E+01  2.68421E+02 -6.20000E-02  3.30298E-01
   49  1.00000E+02  2.68421E+02  0.00000E+00  4.10460E-01
*eof
n01c019
    1  1.00000E+02  2.84211E+02  0.00000E+00  3.07931E-01
    2  9.95722E+01  2.84211E+02  6.20000E-02  2.40175E-01
    3  9.82963E+01  2.84211E+02  2.44900E-01  1.52984E-01
    4  9.61940E+01  2.84211E+02  5.39900E-01  9.26848E-02
    5  9.33013E+01  2.84211E+02  9.33200E-01  4.47133E-02
    6  8.96677E+01  2.84211E+02  1.40760E+00  3.62647E-03
    7  8.53553E+01  2.84211E+02  1.94380E+00 -3.27283E-02
    8  8.04381E+01  2.84211E+02  2.52170E+00 -6.57823E-02
    9  7.50000E+01  2.84211E+02  3.12040E+00 -9.67776E-02
   10  6.91342E+01  2.84211E+02  3.71880E+00 -1.27078E-01
   11  6.29410E+01  2.84211E+02  4.29490E+00 -1.58155E-01
   12  5.65263E+01  2.84211E+02  4.82550E+00 -1.91314E-01
   13  5.00000E+01  2.84211E+02  5.28610E+00 -2.27773E-01
   14  4.34737E+01  2.84211E+02  5.65140E+00 -2.68752E-01
   15  3.70590E+01  2.84211E+02  5.89650E+00 -3.15324E-01
   16  3.08658E+01  2.84211E+02  5.99880E+00 -3.68493E-01
   17  2.50000E+01  2.84211E+02  5.94080E+00 -4.29462E-01
   18  1.95619E+01  2.84211E+02  5.71140E+00 -4.99759E-01
   19  1.46447E+01  2.84211E+02  5.30830E+00 -5.81539E-01
   20  1.03323E+01  2.84211E+02  4.73790E+00 -6.78213E-01
   21  6.69870E+00  2.84211E+02  4.01450E+00 -7.94576E-01
   22  3.80600E+00  2.84211E+02  3.15800E+00 -9.33726E-01
   23  1.70370E+00  2.84211E+02  2.19040E+00 -1.04419E+00
   24  4.27800E-01  2.84211E+02  1.13240E+00 -6.65141E-01
   25  0.00000E+00  2.84211E+02  0.00000E+00  5.25076E-01
   26  4.27800E-01  2.84211E+02 -1.13240E+00  9.90458E-01
   27  1.70370E+00  2.84211E+02 -2.19040E+00  5.44962E-01
   28  3.80600E+00  2.84211E+02 -3.15800E+00  2.10371E-01
   29  6.69870E+00  2.84211E+02 -4.01450E+00  3.40168E-02
   30  1.03323E+01  2.84211E+02 -4.73790E+00 -6.31493E-02
   31  1.46447E+01  2.84211E+02 -5.30830E+00 -1.16588E-01
   32  1.95619E+01  2.84211E+02 -5.71140E+00 -1.43466E-01
   33  2.50000E+01  2.84211E+02 -5.94080E+00 -1.53529E-01
   34  3.08658E+01  2.84211E+02 -5.99880E+00 -1.52986E-01
   35  3.70590E+01  2.84211E+02 -5.89650E+00 -1.46012E-01
   36  4.34737E+01  2.84211E+02 -5.65140E+00 -1.35401E-01
   37  5.00000E+01  2.84211E+02 -5.28610E+00 -1.23034E-01
   38  5.65263E+01  2.84211E+02 -4.82550E+00 -1.10097E-01
   39  6.29410E+01  2.84211E+02 -4.29490E+00 -9.70809E-02
   40  6.91342E+01  2.84211E+02 -3.71880E+00 -8.37673E-02
   41  7.50000E+01  2.84211E+02 -3.12040E+00 -6.94423E-02
   42  8.04381E+01  2.84211E+02 -2.52170E+00 -5.30238E-02
   43  8.53553E+01  2.84211E+02 -1.94380E+00 -3.27987E-02
   44  8.96677E+01  2.84211E+02 -1.40760E+00 -6.35657E-03
   45  9.33013E+01  2.84211E+02 -9.33200E-01  2.96627E-02
   46  9.61940E+01  2.84211E+02 -5.39900E-01  8.04249E-02
   47  9.82963E+01  2.84211E+02 -2.44900E-01  1.56395E-01
   48  9.95722E+01  2.84211E+02 -6.20000E-02  2.73374E-01
   49  1.00000E+02  2.84211E+02  0.00000E+00  3.58978E-01
*eof
n01c020
    1  1.00000E+02  3.00000E+02  0.00000E+00  1.18693E-01
    2  9.95722E+01  3.00000E+02  6.20000E-02  7.04945E-02
    3  9.82963E+01  3.00000E+02  2.44900E-01  1.04859E-02
    4  9.61940E+01  3.00000E+02  5.39900E-01 -1.97283E-02
    5  9.33013E+01  3.00000E+02  9.33200E-01 -5.13628E-02
    6  8.96677E+01  3.00000E+02  1.40760E+00 -8.18618E-02
    7  8.53553E+01  3.00000E+02  1.94380E+00 -1.08928E-01
    8  8.04381E+01  3.00000E+02  2.52170E+00 -1.31840E-01
    9  7.50000E+01  3.00000E+02  3.12040E+00 -1.50805E-01
   10  6.91342E+01  3.00000E+02  3.71880E+00 -1.66796E-01
   11  6.29410E+01  3.00000E+02  4.29490E+00 -1.81163E-01
   12  5.65263E+01  3.00000E+02  4.82550E+00 -1.95107E-01
   13  5.00000E+01  3.00000E+02  5.28610E+00 -2.09821E-01
   14  4.34737E+01  3.00000E+02  5.65140E+00 -2.26638E-01
   15  3.70590E+01  3.00000E+02  5.89650E+00 -2.46897E-01
   16  3.08658E+01  3.00000E+02  5.99880E+00 -2.72128E-01
   17  2.50000E+01  3.00000E+02  5.94080E+00 -3.04426E-01
   18  1.95619E+01  3.00000E+02  5.71140E+00 -3.46601E-01
   19  1.46447E+01  3.00000E+02  5.30830E+00 -4.02290E-01
   20  1.03323E+01  3.00000E+02  4.73790E+00 -4.76062E-01
   21  6.69870E+00  3.00000E+02  4.01450E+00 -5.73165E-01
   22  3.80600E+00  3.00000E+02  3.15800E+00 -7.08207E-01
   23  1.70370E+00  3.00000E+02  2.19040E+00 -9.01441E-01
   24  4.27800E-01  3.00000E+02  1.13240E+00 -5.56994E-01
   25  0.00000E+00  3.00000E+02  0.00000E+00  7.82790E-01
   26  4.27800E-01  3.00000E+02 -1.13240E+00  1.09994E+00
   27  1.70370E+00  3.00000E+02 -2.19040E+00  3.41103E-01
   28  3.80600E+00  3.00000E+02 -3.15800E+00 -7.65517E-03
   29  6.69870E+00  3.00000E+02 -4.01450E+00 -1.28856E-01
   30  1.03323E+01  3.00000E+02 -4.73790E+00 -1.78145E-01
   31  1.46447E+01  3.00000E+02 -5.30830E+00 -1.95377E-01
   32  1.95619E+01  3.00000E+02 -5.71140E+00 -1.96884E-01
   33  2.50000E+01  3.00000E+02 -5.94080E+00 -1.90621E-01
   34  3.08658E+01  3.00000E+02 -5.99880E+00 -1.80706E-01
   35  3.70590E+01  3.00000E+02 -5.89650E+00 -1.69501E-01
   36  4.34737E+01  3.00000E+02 -5.65140E+00 -1.58401E-01
   37  5.00000E+01  3.00000E+02 -5.28610E+00 -1.48346E-01
   38  5.65263E+01  3.00000E+02 -4.82550E+00 -1.40050E-01
   39  6.29410E+01  3.00000E+02 -4.29490E+00 -1.33921E-01
   40  6.91342E+01  3.00000E+02 -3.71880E+00 -1.29915E-01
   41  7.50000E+01  3.00000E+02 -3.12040E+00 -1.27755E-01
   42  8.04381E+01  3.00000E+02 -2.52170E+00 -1.26891E-01
   43  8.53553E+01  3.00000E+02 -1.94380E+00 -1.25661E-01
   44  8.96677E+01  3.00000E+02 -1.40760E+00 -1.20671E-01
   45  9.33013E+01  3.00000E+02 -9.33200E-01 -1.06113E-01
   46  9.61940E+01  3.00000E+02 -5.39900E-01 -7.28457E-02
   47  9.82963E+01  3.00000E+02 -2.44900E-01 -3.02610E-03
   48  9.95722E+01  3.00000E+02 -6.20000E-02  1.41934E-01
   49  1.00000E+02  3.00000E+02  0.00000E+00  2.50801E-01
*eof
n02c001
    1  1.00000E+02  3.00000E+02  0.00000E+00 -8.57263E+00
    2  9.95722E+01  3.00000E+02  6.20000E-02 -6.06364E+00
    3  9.82963E+01  3.00000E+02  2.44900E-01 -2.92769E+00
    4  9.61940E+01  3.00000E+02  5.39900E-01 -2.18941E+00
    5  9.33013E+01  3.00000E+02  9.33200E-01 -1.70657E+00
    6  8.96677E+01  3.00000E+02  1.40760E+00 -1.37359E+00
    7  8.53553E+01  3.00000E+02  1.94380E+00 -1.13679E+00
    8  8.04381E+01  3.00000E+02  2.52170E+00 -9.61340E-01
    9  7.50000E+01  3.00000E+02  3.12040E+00 -8.26245E-01
   10  6.91342E+01  3.00000E+02  3.71880E+00 -7.18939E-01
   11  6.29410E+01  3.00000E+02  4.29490E+00 -6.31245E-01
   12  5.65263E+01  3.00000E+02  4.82550E+00 -5.57605E-01
   13  5.00000E+01  3.00000E+02  5.28610E+00 -4.94375E-01
   14  4.34737E+01  3.00000E+02  5.65140E+00 -4.39104E-01
   15  3.70590E+01  3.00000E+02  5.89650E+00 -3.90334E-01
   16  3.08658E+01  3.00000E+02  5.99880E+00 -3.47430E-01
   17  2.50000E+01  3.00000E+02  5.94080E+00 -3.10597E-01
   18  1.95619E+01  3.00000E+02  5.71140E+00 -2.80845E-01
   19  1.46447E+01  3.00000E+02  5.30830E+00 -2.60526E-01
   20  1.03323E+01  3.00000E+02  4.73790E+00 -2.54238E-01
   21  6.69870E+00  3.00000E+02  4.01450E+00 -2.69530E-01
   22  3.80600E+00  3.00000E+02  3.15800E+00 -3.46327E-01
   23  1.70370E+00  3.00000E+02  2.19040E+00  5.53129E-01
   24  4.27800E-01  3.00000E+02  1.13240E+00 -3.21298E+00
   25  0.00000E+00  3.00000E+02  0.00000E+00 -6.64656E+00
*eof
n02c002
    1  1.00000E+02  3.00000E+02  0.00000E+00 -7.93526E+00
    2  9.95722E+01  3.00000E+02  3.10000E-02 -5.39941E+00
    3  9.82963E+01  3.00000E+02  1.22500E-01 -2.66856E+00
    4  9.61940E+01  3.00000E+02  2.69900E-01 -1.71209E+00
    5  9.33013E+01  3.00000E+02  4.66600E-01 -1.21712E+00
    6  8.96677E+01  3.00000E+02  7.03800E-01 -9.23101E-01
    7  8.53553E+01  3.00000E+02  9.71900E-01 -7.33774E-01
    8  8.04381E+01  3.00000E+02  1.26090E+00 -6.04434E-01
    9  7.50000E+01  3.00000E+02  1.56020E+00 -5.11927E-01
   10  6.91342E+01  3.00000E+02  1.85940E+00 -4.43447E-01
   11  6.29410E+01  3.00000E+02  2.14750E+00 -3.91251E-01
   12  5.65263E+01  3.00000E+02  2.41280E+00 -3.50406E-01
   13  5.00000E+01  3.00000E+02  2.64310E+00 -3.17734E-01
   14  4.34737E+01  3.00000E+02  2.82570E+00 -2.91139E-01
   15  3.70590E+01  3.00000E+02  2.94820E+00 -2.69268E-01
   16  3.08658E+01  3.00000E+02  2.99940E+00 -2.51406E-01
   17  2.50000E+01  3.00000E+02  2.97040E+00 -2.37490E-01
   18  1.95619E+01  3.00000E+02  2.85570E+00 -2.28173E-01
   19  1.46447E+01  3.00000E+02  2.65410E+00 -2.25399E-01
   20  1.03323E+01  3.00000E+02  2.36890E+00 -2.33661E-01
   21  6.69870E+00  3.00000E+02  2.00730E+00 -2.62291E-01
   22  3.80600E+00  3.00000E+02  1.57900E+00 -3.38589E-01
   23  1.70370E+00  3.00000E+02  1.09520E+00 -3.07974E-01
   24  4.27800E-01  3.00000E+02  5.66200E-01 -2.77147E+00
   25  0.00000E+00  3.00000E+02  0.00000E+00 -5.68169E+00
*eof
n02c003
    1  1.00000E+02  3.00000E+02  0.00000E+00 -7.18497E+00
    2  9.95722E+01  3.00000E+02  0.00000E+00 -4.71460E+00
    3  9.82963E+01  3.00000E+02  0.00000E+00 -2.08034E+00
    4  9.61940E+01  3.00000E+02  0.00000E+00 -1.25340E+00
    5  9.33013E+01  3.00000E+02  0.00000E+00 -8.41895E-01
    6  8.96677E+01  3.00000E+02  0.00000E+00 -6.07235E-01
    7  8.53553E+01  3.00000E+02  0.00000E+00 -4.63680E-01
    8  8.04381E+01  3.00000E+02  0.00000E+00 -3.71508E-01
    9  7.50000E+01  3.00000E+02  0.00000E+00 -3.10325E-01
   10  6.91342E+01  3.00000E+02  0.00000E+00 -2.68853E-01
   11  6.29410E+01  3.00000E+02  0.00000E+00 -2.40413E-01
   12  5.65263E+01  3.00000E+02  0.00000E+00 -2.20880E-01
   13  5.00000E+01  3.00000E+02  0.00000E+00 -2.07654E-01
   14  4.34737E+01  3.00000E+02  0.00000E+00 -1.99005E-01
   15  3.70590E+01  3.00000E+02  0.00000E+00 -1.93750E-01
   16  3.08658E+01  3.00000E+02  0.00000E+00 -1.91252E-01
   17  2.50000E+01  3.00000E+02  0.00000E+00 -1.91378E-01
   18  1.95619E+01  3.00000E+02  0.00000E+00 -1.94523E-01
   19  1.46447E+01  3.00000E+02  0.00000E+00 -2.02165E-01
   20  1.03323E+01  3.00000E+02  0.00000E+00 -2.18106E-01
   21  6.69870E+00  3.00000E+02  0.00000E+00 -2.50318E-01
   22  3.80600E+00  3.00000E+02  0.00000E+00 -3.26013E-01
   23  1.70370E+00  3.00000E+02  0.00000E+00 -1.99046E-01
   24  4.27800E-01  3.00000E+02  0.00000E+00 -2.14380E+00
   25  0.00000E+00  3.00000E+02  0.00000E+00 -4.79684E+00
*eof
n02c004
    1  1.00000E+02  3.00000E+02  0.00000E+00 -7.38894E+00
    2  9.95722E+01  3.00000E+02 -3.10000E-02 -4.92258E+00
    3  9.82963E+01  3.00000E+02 -1.22500E-01 -2.25202E+00
    4  9.61940E+01  3.00000E+02 -2.69900E-01 -1.33385E+00
    5  9.33013E+01  3.00000E+02 -4.66600E-01 -8.76650E-01
    6  8.96677E+01  3.00000E+02 -7.03800E-01 -6.20959E-01
    7  8.53553E+01  3.00000E+02 -9.71900E-01 -4.68374E-01
    8  8.04381E+01  3.00000E+02 -1.26090E+00 -3.73089E-01
    9  7.50000E+01  3.00000E+02 -1.56020E+00 -3.11810E-01
   10  6.91342E+01  3.00000E+02 -1.85940E+00 -2.71820E-01
   11  6.29410E+01  3.00000E+02 -2.14750E+00 -2.45833E-01
   12  5.65263E+01  3.00000E+02 -2.41280E+00 -2.29600E-01
   13  5.00000E+01  3.00000E+02 -2.64310E+00 -2.20549E-01
   14  4.34737E+01  3.00000E+02 -2.82570E+00 -2.17084E-01
   15  3.70590E+01  3.00000E+02 -2.94820E+00 -2.18300E-01
   16  3.08658E+01  3.00000E+02 -2.99940E+00 -2.23920E-01
   17  2.50000E+01  3.00000E+02 -2.97040E+00 -2.34207E-01
   18  1.95619E+01  3.00000E+02 -2.85570E+00 -2.50103E-01
   19  1.46447E+01  3.00000E+02 -2.65410E+00 -2.73743E-01
   20  1.03323E+01  3.00000E+02 -2.36890E+00 -3.09696E-01
   21  6.69870E+00  3.00000E+02 -2.00730E+00 -3.67190E-01
   22  3.80600E+00  3.00000E+02 -1.57900E+00 -4.72546E-01
   23  1.70370E+00  3.00000E+02 -1.09520E+00 -4.59251E-01
   24  4.27800E-01  3.00000E+02 -5.66200E-01 -3.17340E+00
   25  0.00000E+00  3.00000E+02  0.00000E+00 -6.23444E+00
*eof
n02c005
    1  1.00000E+02  3.00000E+02  0.00000E+00 -7.70583E+00
    2  9.95722E+01  3.00000E+02 -6.20000E-02 -5.18284E+00
    3  9.82963E+01  3.00000E+02 -2.44900E-01 -2.01579E+00
    4  9.61940E+01  3.00000E+02 -5.39900E-01 -1.31505E+00
    5  9.33013E+01  3.00000E+02 -9.33200E-01 -9.05005E-01
    6  8.96677E+01  3.00000E+02 -1.40760E+00 -6.55391E-01
    7  8.53553E+01  3.00000E+02 -1.94380E+00 -5.01331E-01
    8  8.04381E+01  3.00000E+02 -2.52170E+00 -4.04067E-01
    9  7.50000E+01  3.00000E+02 -3.12040E+00 -3.41819E-01
   10  6.91342E+01  3.00000E+02 -3.71880E+00 -3.02028E-01
   11  6.29410E+01  3.00000E+02 -4.29490E+00 -2.77469E-01
   12  5.65263E+01  3.00000E+02 -4.82550E+00 -2.64165E-01
   13  5.00000E+01  3.00000E+02 -5.28610E+00 -2.59702E-01
   14  4.34737E+01  3.00000E+02 -5.65140E+00 -2.62731E-01
   15  3.70590E+01  3.00000E+02 -5.89650E+00 -2.72774E-01
   16  3.08658E+01  3.00000E+02 -5.99880E+00 -2.89983E-01
   17  2.50000E+01  3.00000E+02 -5.94080E+00 -3.15002E-01
   18  1.95619E+01  3.00000E+02 -5.71140E+00 -3.49272E-01
   19  1.46447E+01  3.00000E+02 -5.30830E+00 -3.95139E-01
   20  1.03323E+01  3.00000E+02 -4.73790E+00 -4.56603E-01
   21  6.69870E+00  3.00000E+02 -4.01450E+00 -5.39814E-01
   22  3.80600E+00  3.00000E+02 -3.15800E+00 -6.80324E-01
   23  1.70370E+00  3.00000E+02 -2.19040E+00  2.76163E-01
   24  4.27800E-01  3.00000E+02 -1.13240E+00 -4.02105E+00
   25  0.00000E+00  3.00000E+02  0.00000E+00 -7.59203E+00
*eof
n03c001
    1  1.00000E+02  0.00000E+00  0.00000E+00  0.00000E+00
    2  5.00000E+03  0.00000E+00  0.00000E+00  0.00000E+00
*eof
n03c002
    1  1.00000E+02  1.57895E+01  0.00000E+00  0.00000E+00
    2  5.00000E+03  1.57895E+01  0.00000E+00  0.00000E+00
*eof
n03c003
    1  1.00000E+02  3.15789E+01  0.00000E+00  0.00000E+00
    2  5.00000E+03  3.15789E+01  0.00000E+00  0.00000E+00
*eof
n03c004
    1  1.00000E+02  4.73684E+01  0.00000E+00  0.00000E+00
    2  5.00000E+03  4.73684E+01  0.00000E+00  0.00000E+00
*eof
n03c005
    1  1.00000E+02  6.31579E+01  0.00000E+00  0.00000E+00
    2  5.00000E+03  6.31579E+01  0.00000E+00  0.00000E+00
*eof
n03c006
    1  1.00000E+02  7.89474E+01  0.00000E+00  0.00000E+00
    2  5.00000E+03  7.89474E+01  0.00000E+00  0.00000E+00
*eof
n03c007
    1  1.00000E+02  9.47368E+01  0.00000E+00  0.00000E+00
    2  5.00000E+03  9.47368E+01  0.00000E+00  0.00000E+00
*eof
n03c008
    1  1.00000E+02  1.10526E+02  0.00000E+00  0.00000E+00
    2  5.00000E+03  1.10526E+02  0.00000E+00  0.00000E+00
*eof
n03c009
    1  1.00000E+02  1.26316E+02  0.00000E+00  0.00000E+00
    2  5.00000E+03  1.26316E+02  0.00000E+00  0.00000E+00
*eof
n03c010
    1  1.00000E+02  1.42105E+02  0.00000E+00  0.00000E+00
    2  5.00000E+03  1.42105E+02  0.00000E+00  0.00000E+00
*eof
n03c011
    1  1.00000E+02  1.57895E+02  0.00000E+00  0.00000E+00
    2  5.00000E+03  1.57895E+02  0.00000E+00  0.00000E+00
*eof
n03c012
    1  1.00000E+02  1.73684E+02  0.00000E+00  0.00000E+00
    2  5.00000E+03  1.73684E+02  0.00000E+00  0.00000E+00
*eof
n03c013
    1  1.00000E+02  1.89474E+02  0.00000E+00  0.00000E+00
    2  5.00000E+03  1.89474E+02  0.00000E+00  0.00000E+00
*eof
n03c014
    1  1.00000E+02  2.05263E+02  0.00000E+00  0.00000E+00
    2  5.00000E+03  2.05263E+02  0.00000E+00  0.00000E+00
*eof
n03c015
    1  1.00000E+02  2.21053E+02  0.00000E+00  0.00000E+00
    2  5.00000E+03  2.21053E+02  0.00000E+00  0.00000E+00
*eof
n03c016
    1  1.00000E+02  2.36842E+02  0.00000E+00  0.00000E+00
    2  5.00000E+03  2.36842E+02  0.00000E+00  0.00000E+00
*eof
n03c017
    1  1.00000E+02  2.52632E+02  0.00000E+00  0.00000E+00
    2  5.00000E+03  2.52632E+02  0.00000E+00  0.00000E+00
*eof
n03c018
    1  1.00000E+02  2.68421E+02  0.00000E+00  0.00000E+00
    2  5.00000E+03  2.68421E+02  0.00000E+00  0.00000E+00
*eof
n03c019
    1  1.00000E+02  2.84211E+02  0.00000E+00  0.00000E+00
    2  5.00000E+03  2.84211E+02  0.00000E+00  0.00000E+00
*eof
n03c020
    1  1.00000E+02  3.00000E+02  0.00000E+00  0.00000E+00
    2  5.00000E+03  3.00000E+02  0.00000E+00  0.00000E+00
*eof
